Linux 6.12.94+deb13-amd64 (debian) 	02/07/26 	_x86_64_	(8 CPU)

00:34:02      UID       PID    %usr %system  %guest   %wait    %CPU   CPU  Command
00:34:07        0         1    0,20    0,00    0,00    0,00    0,20     4  systemd
00:34:07      990       903    1,00    0,20    0,00    0,00    1,20     1  dbus-daemon
00:34:07      115       930    1,79    0,60    0,00    0,00    2,39     7  prometheus-node
00:34:07      115       933    0,20    0,00    0,00    0,00    0,20     5  prometheus
00:34:07        0      1383    0,00    0,20    0,00    0,00    0,20     7  glances
00:34:07        0      1391    0,20    0,20    0,00    0,00    0,40     1  tailscaled
00:34:07        0      1411    0,20    0,00    0,00    0,00    0,20     0  anydesk
00:34:07        0      1423    0,40    0,20    0,00    0,00    0,60     2  containerd
00:34:07        0      2310    0,20    0,40    0,00    0,00    0,60     0  dockerd
00:34:07      117      2312    0,80    0,60    0,00    0,00    1,39     3  grafana
00:34:07        0      2932    0,20    0,00    0,00    0,00    0,20     6  mount.ntfs-3g
00:34:07        0      2975    0,20    0,20    0,00    0,00    0,40     7  containerd-shim
00:34:07        0      2976    0,00    0,20    0,00    0,00    0,20     6  containerd-shim
00:34:07        0      2977    0,20    0,00    0,00    0,00    0,20     7  containerd-shim
00:34:07        0      2981    0,20    0,00    0,00    0,00    0,20     0  containerd-shim
00:34:07        0      2982    0,00    0,20    0,00    0,00    0,20     1  containerd-shim
00:34:07      999      3130    0,40    0,20    0,00    0,00    0,60     1  redis-server
00:34:07     1000      4708    2,19    0,60    0,00    0,00    2,79     7  gnome-shell
00:34:07     1000      6317    0,60    0,40    0,00    0,00    1,00     5  antigravity
00:34:07     1000      6339    0,40    0,00    0,00    0,00    0,40     0  gnome-terminal-
00:34:07     1000      6757    2,19    0,60    0,00    0,00    2,79     2  antigravity
00:34:07     1000      6820   12,55    0,60    0,00    0,20   13,15     3  antigravity
00:34:07     1000      7059    1,59    1,39    0,00    1,00    2,99     2  language_server
00:34:07     1000      7229    0,60    0,00    0,00    0,00    0,60     5  antigravity
00:34:07     1000      7244    1,79    0,40    0,00    0,00    2,19     2  antigravity
00:34:07     1000      7260    2,39    0,20    0,00    0,00    2,59     0  antigravity
00:34:07     1000      8267    1,20    1,79    0,00    0,00    2,99     7  language_server
00:34:07     1000      9342    0,20    0,00    0,00    0,00    0,20     1  chrome
00:34:07     1000      9519    0,20    0,00    0,00    0,00    0,20     2  chrome
00:34:07        0     97806    0,00    0,20    0,00    0,20    0,20     6  kworker/6:2-i915-unordered
00:34:07     1000    102154    0,00    0,20    0,00    0,00    0,20     3  pidstat
00:34:07     1000    102186   85,26    3,19    0,00    0,00   88,45     5  java

00:34:02      UID       PID  minflt/s  majflt/s     VSZ     RSS   %MEM  Command
00:34:07      115       930     77,09      0,00 1762312   26060   0,16  prometheus-node
00:34:07        0      1423      1,79      0,00 2463900   70784   0,44  containerd
00:34:07      117      2312      2,39      0,00 1765600  350024   2,16  grafana
00:34:07        0      2975     11,55      0,00 1235352   13816   0,09  containerd-shim
00:34:07        0      2976     11,16      0,00 1235608   14624   0,09  containerd-shim
00:34:07        0      2977     11,35      0,00 1235352   15216   0,09  containerd-shim
00:34:07        0      2981     10,56      0,00 1235608   14300   0,09  containerd-shim
00:34:07        0      2982     11,55      0,00 1235608   14912   0,09  containerd-shim
00:34:07     1000      4708      0,60      0,00 5454468  346648   2,14  gnome-shell
00:34:07     1000      6317     40,44      0,00 1461668528  314864   1,94  antigravity
00:34:07     1000      6757     76,10      0,00 34365372  170384   1,05  antigravity
00:34:07     1000      6771      1,59      0,00 33903964   81164   0,50  antigravity
00:34:07     1000      6820    483,86      0,00 1461417328  666808   4,11  antigravity
00:34:07     1000      7161      0,20      0,00 33951332   64332   0,40  antigravity
00:34:07     1000      7229    100,00      0,00 1461383544  129216   0,80  antigravity
00:34:07     1000      7244    132,07      0,00 1461351324  287012   1,77  antigravity
00:34:07     1000      7258      2,99      0,00 1461347760  125896   0,78  antigravity
00:34:07     1000      7260      6,18      0,00 1461367100  164136   1,01  antigravity
00:34:07     1000      8356      5,18      0,00 1459530528  100844   0,62  antigravity
00:34:07     1000      9291      7,37      0,00 55435272  374276   2,31  chrome
00:34:07     1000      9342      2,19      0,00 55467700  213584   1,32  chrome
00:34:07     1000      9345      5,18      0,00 54976356  136144   0,84  chrome
00:34:07     1000      9359      0,60      0,00 55015792   62536   0,39  chrome
00:34:07     1000     76014      0,20      0,00 1518513820  343632   2,12  chrome
00:34:07     1000     76063      0,20      0,00 55006444   86720   0,53  chrome
00:34:07     1000    102154      1,59      0,00    6052    5100   0,03  pidstat
00:34:07     1000    102155      4,18      0,00    2676    1704   0,01  jmeter
00:34:07     1000    102186   5136,45      0,00 5161116  205372   1,27  java

00:34:02      UID       PID   kB_rd/s   kB_wr/s kB_ccwr/s iodelay  Command
00:34:07     1000      6771      0,00      1,59      0,00       0  antigravity
00:34:07     1000      9291      0,00      0,80      0,00       0  chrome
00:34:07     1000    102186      0,00      2,15      0,00       0  java

00:34:07      UID       PID    %usr %system  %guest   %wait    %CPU   CPU  Command
00:34:12      115       933    0,20    0,00    0,00    0,00    0,20     5  prometheus
00:34:12        0      1383    0,20    0,00    0,00    0,00    0,20     7  glances
00:34:12        0      1391    0,20    0,00    0,00    0,00    0,20     1  tailscaled
00:34:12        0      1423    0,20    0,00    0,00    0,00    0,20     2  containerd
00:34:12        0      2310    0,20    0,20    0,00    0,00    0,40     0  dockerd
00:34:12      117      2312    0,60    0,20    0,00    0,00    0,80     3  grafana
00:34:12        0      2932    0,00    0,20    0,00    0,00    0,20     7  mount.ntfs-3g
00:34:12        0      2977    0,00    0,20    0,00    0,00    0,20     7  containerd-shim
00:34:12        0      2982    0,20    0,00    0,00    0,00    0,20     1  containerd-shim
00:34:12      999      3130    0,40    0,00    0,00    0,00    0,40     1  redis-server
00:34:12     1000      4708    0,80    0,20    0,00    0,00    1,00     6  gnome-shell
00:34:12     1000      6317    0,20    0,00    0,00    0,00    0,20     1  antigravity
00:34:12     1000      6339    0,60    0,00    0,00    0,00    0,60     4  gnome-terminal-
00:34:12     1000      6757    0,20    0,00    0,00    0,00    0,20     2  antigravity
00:34:12     1000      6820    1,20    0,20    0,00    0,00    1,40     2  antigravity
00:34:12     1000      7059    1,40    2,00    0,00    0,00    3,40     3  language_server
00:34:12     1000      7229    0,20    0,20    0,00    0,00    0,40     3  antigravity
00:34:12     1000      7244    1,40    0,40    0,00    0,00    1,80     2  antigravity
00:34:12     1000      7260    0,60    0,00    0,00    0,00    0,60     5  antigravity
00:34:12     1000      8267    2,20    1,00    0,00    0,00    3,20     7  language_server
00:34:12     1000      8356    0,20    0,20    0,00    0,00    0,40     4  antigravity
00:34:12     1000      9291    0,20    0,20    0,00    0,00    0,40     2  chrome
00:34:12     1000      9519    0,20    0,00    0,00    0,00    0,20     6  chrome
00:34:12        0     98503    0,20    0,00    0,00    0,00    0,20     4  kworker/4:0-events
00:34:12     1000    102154    0,20    0,20    0,00    0,00    0,40     0  pidstat
00:34:12     1000    102186    5,20    0,40    0,00    0,00    5,60     5  java

00:34:07      UID       PID  minflt/s  majflt/s     VSZ     RSS   %MEM  Command
00:34:12        0      2975     13,60      0,00 1235352   14072   0,09  containerd-shim
00:34:12        0      2976     12,80      0,00 1235608   14752   0,09  containerd-shim
00:34:12        0      2977     15,00      0,00 1235352   15472   0,10  containerd-shim
00:34:12        0      2981     13,20      0,00 1235608   14556   0,09  containerd-shim
00:34:12        0      2982     12,60      0,00 1235608   15168   0,09  containerd-shim
00:34:12     1000      4708      6,60      0,00 5446340  346648   2,14  gnome-shell
00:34:12     1000      6317     33,60      0,00 1461668528  315248   1,94  antigravity
00:34:12     1000      6757      7,40      0,00 34350396  169912   1,05  antigravity
00:34:12     1000      6771      0,60      0,00 33903964   81164   0,50  antigravity
00:34:12     1000      6820    167,60      0,00 1461417328  667424   4,11  antigravity
00:34:12     1000      7161      0,40      0,00 33951332   64332   0,40  antigravity
00:34:12     1000      7229    140,60      0,00 1461383544  129344   0,80  antigravity
00:34:12     1000      7244     43,60      0,00 1461351324  286584   1,77  antigravity
00:34:12     1000      7258      3,00      0,00 1461347760  125896   0,78  antigravity
00:34:12     1000      7260      3,40      0,00 1461367100  164136   1,01  antigravity
00:34:12     1000      8356      5,40      0,00 1459530528  100844   0,62  antigravity
00:34:12     1000      9291     18,00      0,00 55435272  374404   2,31  chrome
00:34:12     1000      9342      2,20      0,00 55467700  213584   1,32  chrome
00:34:12     1000      9345      4,80      0,00 54976356  136144   0,84  chrome
00:34:12     1000      9359      0,60      0,00 55015792   62536   0,39  chrome
00:34:12     1000     76014      0,60      0,00 1518513820  343632   2,12  chrome
00:34:12     1000     76063      0,40      0,00 55006444   86720   0,53  chrome
00:34:12     1000     99008      6,20      0,00    7664    3936   0,02  bash
00:34:12     1000    102186    226,00      0,00 5161116  209724   1,29  java
00:34:12     1000    102292     23,40      0,00    5660    1984   0,01  sleep

00:34:07      UID       PID   kB_rd/s   kB_wr/s kB_ccwr/s iodelay  Command
00:34:12     1000      9345      0,00     13,60      0,00       0  chrome
00:34:12     1000    102154      0,00      1,10      0,00       0  pidstat
00:34:12     1000    102186      0,00      0,17      0,00       0  java

00:34:12      UID       PID    %usr %system  %guest   %wait    %CPU   CPU  Command
00:34:17        0        16    0,00    0,20    0,00    0,00    0,20     0  ksoftirqd/0
00:34:17        0        62    0,00    0,20    0,00    0,00    0,20     7  migration/7
00:34:17        0      1383    0,20    0,00    0,00    0,00    0,20     7  glances
00:34:17        0      1391    0,20    0,00    0,00    0,00    0,20     1  tailscaled
00:34:17        0      1423    0,40    0,20    0,00    0,00    0,60     2  containerd
00:34:17        0      1554    0,00    0,20    0,00    0,00    0,20     0  apache2
00:34:17        0      2310    0,40    0,20    0,00    0,00    0,60     0  dockerd
00:34:17      117      2312    1,80    0,40    0,00    0,00    2,20     3  grafana
00:34:17        0      2932    0,40    0,40    0,00    0,00    0,80     7  mount.ntfs-3g
00:34:17        0      2976    0,00    0,20    0,00    0,00    0,20     6  containerd-shim
00:34:17        0      2981    0,00    0,20    0,00    0,00    0,20     0  containerd-shim
00:34:17        0      2982    0,20    0,00    0,00    0,00    0,20     1  containerd-shim
00:34:17      999      3130    0,20    0,00    0,00    0,00    0,20     6  redis-server
00:34:17     1000      4708    1,20    0,60    0,00    0,00    1,80     1  gnome-shell
00:34:17     1000      6317    0,40    0,00    0,00    0,00    0,40     5  antigravity
00:34:17     1000      6339    0,60    0,00    0,00    0,00    0,60     4  gnome-terminal-
00:34:17     1000      6757    0,40    0,20    0,00    0,00    0,60     4  antigravity
00:34:17     1000      6820   14,00    0,60    0,00    0,00   14,60     1  antigravity
00:34:17     1000      7059    1,20    2,20    0,00    0,00    3,40     2  language_server
00:34:17     1000      7229    0,20    0,20    0,00    0,00    0,40     2  antigravity
00:34:17     1000      7244    1,80    0,60    0,00    0,20    2,40     4  antigravity
00:34:17     1000      7260    0,40    0,20    0,00    0,00    0,60     0  antigravity
00:34:17     1000      8267    1,60    1,40    0,00    0,00    3,00     7  language_server
00:34:17     1000      9291    0,20    0,00    0,00    0,00    0,20     3  chrome
00:34:17     1000      9345    0,20    0,00    0,00    0,00    0,20     1  chrome
00:34:17     1000      9390    0,20    0,00    0,00    0,00    0,20     2  chrome
00:34:17     1000     76063    0,20    0,00    0,00    0,00    0,20     4  chrome
00:34:17     1000     98039    0,20    0,00    0,00    0,00    0,20     3  antigravity
00:34:17        0     98479    0,00    0,20    0,00    0,00    0,20     1  kworker/1:0-events
00:34:17     1000    102154    0,00    0,60    0,00    0,00    0,60     7  pidstat
00:34:17     1000    102186    5,60    0,40    0,00    0,00    6,00     5  java

00:34:12      UID       PID  minflt/s  majflt/s     VSZ     RSS   %MEM  Command
00:34:17      115       933     35,40      0,00 2711492  114620   0,71  prometheus
00:34:17      114      1526      3,80      0,00  218252   29568   0,18  postgres
00:34:17        0      2975      9,60      0,00 1235352   14456   0,09  containerd-shim
00:34:17        0      2976      6,80      0,00 1235608   14880   0,09  containerd-shim
00:34:17        0      2977      9,20      0,00 1235352   15472   0,10  containerd-shim
00:34:17        0      2981      3,80      0,00 1235608   14684   0,09  containerd-shim
00:34:17        0      2982      4,00      0,00 1235608   15168   0,09  containerd-shim
00:34:17     1000      4708      1,00      0,00 5454532  346648   2,14  gnome-shell
00:34:17     1000      6317     32,80      0,00 1461668528  315252   1,94  antigravity
00:34:17     1000      6757      5,40      0,00 34359520  169912   1,05  antigravity
00:34:17     1000      6771      0,60      0,00 33903964   81164   0,50  antigravity
00:34:17     1000      6820    340,00      0,00 1461417264  656488   4,04  antigravity
00:34:17     1000      7161      0,20      0,00 33951332   64332   0,40  antigravity
00:34:17     1000      7229    100,80      0,00 1461383544  129344   0,80  antigravity
00:34:17     1000      7244    465,40      0,00 1461351324  286412   1,76  antigravity
00:34:17     1000      7258      5,60      0,00 1461347760  125896   0,78  antigravity
00:34:17     1000      7260     18,80      0,00 1461367100  164068   1,01  antigravity
00:34:17     1000      8267      0,40      0,00 4901536  357112   2,20  language_server
00:34:17     1000      8356      5,20      0,00 1459530528  100844   0,62  antigravity
00:34:17     1000      9291      7,20      0,00 55435272  374404   2,31  chrome
00:34:17     1000      9342      4,40      0,00 55467700  213584   1,32  chrome
00:34:17     1000      9345      3,80      0,00 54976356  136144   0,84  chrome
00:34:17     1000      9359      1,20      0,00 55015792   62536   0,39  chrome
00:34:17     1000     76014      0,40      0,00 1518513820  343632   2,12  chrome
00:34:17     1000     76063      0,20      0,00 55006444   86720   0,53  chrome
00:34:17     1000    102154      0,40      0,00    6052    5100   0,03  pidstat
00:34:17     1000    102186     60,40      0,00 5161116  210876   1,30  java

00:34:12      UID       PID   kB_rd/s   kB_wr/s kB_ccwr/s iodelay  Command
00:34:17     1000      7244      0,00      0,80      0,00       0  antigravity
00:34:17     1000    102154      0,00      0,94      0,00       0  pidstat
00:34:17     1000    102186      0,00      1,67      0,00       0  java

00:34:17      UID       PID    %usr %system  %guest   %wait    %CPU   CPU  Command
00:34:22        0         1    0,00    0,20    0,00    0,00    0,20     2  systemd
00:34:22        0        86    0,00    0,20    0,00    0,00    0,20     1  irq/9-acpi
00:34:22      990       903    0,60    0,00    0,00    0,00    0,60     5  dbus-daemon
00:34:22      115       930    1,00    0,60    0,00    0,00    1,60     7  prometheus-node
00:34:22      115       933    0,40    0,00    0,00    0,00    0,40     3  prometheus
00:34:22        0      1423    0,20    0,00    0,00    0,00    0,20     2  containerd
00:34:22       33      1800    0,20    0,00    0,00    0,00    0,20     4  apache2
00:34:22        0      2310    0,20    0,20    0,00    0,00    0,40     0  dockerd
00:34:22      117      2312    0,60    0,20    0,00    0,00    0,80     3  grafana
00:34:22        0      2932    0,40    0,40    0,00    0,00    0,80     6  mount.ntfs-3g
00:34:22        0      2976    0,20    0,00    0,00    0,00    0,20     6  containerd-shim
00:34:22        0      2977    0,20    0,00    0,00    0,00    0,20     7  containerd-shim
00:34:22      999      3130    0,60    0,00    0,00    0,00    0,60     1  redis-server
00:34:22     1000      4708    1,00    0,00    0,00    0,00    1,00     4  gnome-shell
00:34:22     1000      6317    0,00    0,20    0,00    0,00    0,20     3  antigravity
00:34:22     1000      6339    0,60    0,00    0,00    0,00    0,60     5  gnome-terminal-
00:34:22     1000      6757    0,20    0,00    0,00    0,00    0,20     4  antigravity
00:34:22     1000      6820    1,40    0,20    0,00    0,00    1,60     0  antigravity
00:34:22     1000      7059    1,80    1,40    0,00    0,00    3,19     0  language_server
00:34:22     1000      7229    0,20    0,00    0,00    0,00    0,20     4  antigravity
00:34:22     1000      7244    1,80    0,00    0,00    0,00    1,80     4  antigravity
00:34:22     1000      7260    0,40    0,20    0,00    0,00    0,60     0  antigravity
00:34:22     1000      8267    1,40    1,80    0,00    0,00    3,19     7  language_server
00:34:22     1000      9519    0,20    0,00    0,00    0,00    0,20     4  chrome
00:34:22     1000    102154    0,20    0,20    0,00    0,00    0,40     4  pidstat
00:34:22     1000    102186    4,19    0,00    0,00    0,00    4,19     5  java

00:34:17      UID       PID  minflt/s  majflt/s     VSZ     RSS   %MEM  Command
00:34:22      115       930     78,44      0,00 1762312   25936   0,16  prometheus-node
00:34:22      115       933     11,98      0,00 2711492  114876   0,71  prometheus
00:34:22        0      1423      0,80      0,00 2463900   70784   0,44  containerd
00:34:22        0      2975      2,99      0,00 1235352   14456   0,09  containerd-shim
00:34:22        0      2977      1,00      0,00 1235352   15472   0,10  containerd-shim
00:34:22        0      2982      1,00      0,00 1235608   15168   0,09  containerd-shim
00:34:22     1000      4708      6,59      0,00 5454468  346648   2,14  gnome-shell
00:34:22     1000      6317     32,73      0,00 1461668528  315236   1,94  antigravity
00:34:22     1000      6757      6,79      0,00 34361676  169912   1,05  antigravity
00:34:22     1000      6771      0,60      0,00 33903964   81164   0,50  antigravity
00:34:22     1000      6820    181,24      0,00 1461419440  657380   4,05  antigravity
00:34:22     1000      7161      0,20      0,00 33951332   64332   0,40  antigravity
00:34:22     1000      7229      2,99      0,00 1461383544  129344   0,80  antigravity
00:34:22     1000      7244    272,46      0,00 1461351324  286412   1,76  antigravity
00:34:22     1000      7258      2,99      0,00 1461347760  125896   0,78  antigravity
00:34:22     1000      7260     21,16      0,00 1461367100  164188   1,01  antigravity
00:34:22     1000      8356      5,39      0,00 1459530528  100844   0,62  antigravity
00:34:22     1000      9291      7,39      0,00 55435272  374404   2,31  chrome
00:34:22     1000      9342      2,20      0,00 55467700  213584   1,32  chrome
00:34:22     1000      9345      7,98      0,00 54976356  136144   0,84  chrome
00:34:22     1000      9359      0,60      0,00 55015792   62536   0,39  chrome
00:34:22     1000      9519      0,00      0,00 1518553976  353004   2,17  chrome
00:34:22     1000     76014      0,40      0,00 1518513820  343632   2,12  chrome
00:34:22     1000     76063      0,40      0,00 55006444   86720   0,53  chrome
00:34:22     1000    102186     18,36      0,00 5161116  211388   1,30  java

00:34:17      UID       PID   kB_rd/s   kB_wr/s kB_ccwr/s iodelay  Command
00:34:22     1000      7244      0,00      0,80      0,00       0  antigravity
00:34:22     1000      9291      0,00      0,80      0,00       0  chrome
00:34:22     1000    102154      0,00      1,06      0,00       0  pidstat
00:34:22     1000    102186      0,00      1,60      0,00       0  java

00:34:22      UID       PID    %usr %system  %guest   %wait    %CPU   CPU  Command
00:34:27        0        17    0,00    0,20    0,00    0,00    0,20     5  rcu_preempt
00:34:27        0      1383    0,20    0,00    0,00    0,00    0,20     7  glances
00:34:27        0      1423    0,40    0,20    0,00    0,00    0,60     2  containerd
00:34:27        0      2310    0,60    0,20    0,00    0,00    0,80     0  dockerd
00:34:27      117      2312    0,60    0,40    0,00    0,00    1,00     3  grafana
00:34:27        0      2932    0,60    0,00    0,00    0,00    0,60     6  mount.ntfs-3g
00:34:27        0      2975    0,20    0,00    0,00    0,00    0,20     7  containerd-shim
00:34:27        0      2981    0,20    0,00    0,00    0,00    0,20     0  containerd-shim
00:34:27        0      2982    0,20    0,00    0,00    0,00    0,20     1  containerd-shim
00:34:27      999      3130    0,20    0,20    0,00    0,00    0,40     1  redis-server
00:34:27     1000      4708    0,60    0,40    0,00    0,00    1,00     6  gnome-shell
00:34:27     1000      5180    0,20    0,00    0,00    0,00    0,20     6  ibus-portal
00:34:27     1000      6317    0,20    0,20    0,00    0,00    0,40     3  antigravity
00:34:27     1000      6339    0,80    0,00    0,00    0,00    0,80     5  gnome-terminal-
00:34:27     1000      6820    1,00    0,40    0,00    0,00    1,40     4  antigravity
00:34:27     1000      7059    1,60    2,00    0,00    0,20    3,60     1  language_server
00:34:27     1000      7229    0,00    0,20    0,00    0,00    0,20     5  antigravity
00:34:27     1000      7244    1,40    0,60    0,00    0,00    2,00     2  antigravity
00:34:27     1000      7260    0,40    0,20    0,00    0,00    0,60     7  antigravity
00:34:27     1000      8267    1,60    1,60    0,00    0,00    3,20     7  language_server
00:34:27     1000      8356    0,20    0,00    0,00    0,00    0,20     0  antigravity
00:34:27     1000      9291    0,20    0,40    0,00    0,00    0,60     2  chrome
00:34:27     1000      9345    0,00    0,20    0,00    0,00    0,20     3  chrome
00:34:27     1000      9519    0,20    0,20    0,00    0,00    0,40     3  chrome
00:34:27     1000     91682    0,20    0,00    0,00    0,00    0,20     3  ssh
00:34:27     1000    102154    0,20    0,20    0,00    0,00    0,40     7  pidstat
00:34:27     1000    102186    4,60    0,40    0,00    0,00    5,00     5  java
00:34:27     1000    102335    0,40    0,20    0,00    0,00    0,60     6  gnome-screensho

00:34:22      UID       PID  minflt/s  majflt/s     VSZ     RSS   %MEM  Command
00:34:27        0      1423      8,40      0,00 2463900   70912   0,44  containerd
00:34:27        0      2975      0,40      0,00 1235352   14456   0,09  containerd-shim
00:34:27        0      2976      1,00      0,00 1235608   15008   0,09  containerd-shim
00:34:27        0      2981      1,60      0,00 1235608   14812   0,09  containerd-shim
00:34:27        0      2982      2,00      0,00 1235608   15168   0,09  containerd-shim
00:34:27       70      3117      4,40      0,00  174540   25424   0,16  postgres
00:34:27     1000      4707      0,20      0,00  381168    7108   0,04  at-spi-bus-laun
00:34:27     1000      4708      1,20      0,00 5455044  346648   2,14  gnome-shell
00:34:27     1000      5180      0,20      0,00  308612    7372   0,05  ibus-portal
00:34:27     1000      6317     39,80      0,00 1461668528  314632   1,94  antigravity
00:34:27     1000      6757      5,80      0,00 34361676  169784   1,05  antigravity
00:34:27     1000      6771      1,20      0,00 33903964   81164   0,50  antigravity
00:34:27     1000      6820    135,20      0,00 1461419440  659556   4,06  antigravity
00:34:27     1000      7161      0,20      0,00 33951332   64332   0,40  antigravity
00:34:27     1000      7229      2,60      0,00 1461383544  129344   0,80  antigravity
00:34:27     1000      7244    267,20      0,00 1461351324  286272   1,76  antigravity
00:34:27     1000      7258      3,00      0,00 1461347760  125896   0,78  antigravity
00:34:27     1000      7260     19,20      0,00 1461367100  164064   1,01  antigravity
00:34:27     1000      8356      5,20      0,00 1459530528  100844   0,62  antigravity
00:34:27     1000      9291     20,60      0,00 55435272  374384   2,31  chrome
00:34:27     1000      9342      2,20      0,00 55467700  213584   1,32  chrome
00:34:27     1000      9345      5,00      0,00 54976356  136144   0,84  chrome
00:34:27     1000      9359      0,60      0,00 55015792   62536   0,39  chrome
00:34:27     1000     76014      1,00      0,00 1518513820  343760   2,12  chrome
00:34:27     1000     76063      0,20      0,00 55006444   86720   0,53  chrome
00:34:27     1000     99008      5,80      0,00    7664    3936   0,02  bash
00:34:27     1000    102186     24,20      0,00 5161116  211900   1,31  java
00:34:27     1000    102335    269,60      0,00  408124   19036   0,12  gnome-screensho

00:34:22      UID       PID   kB_rd/s   kB_wr/s kB_ccwr/s iodelay  Command
00:34:27     1000      7244      0,00      0,80      0,00       0  antigravity
00:34:27     1000      9291      0,00     17,60      0,00       0  chrome
00:34:27     1000    102154      0,00      0,96      0,00       0  pidstat
00:34:27     1000    102186      0,00      1,60      0,00       0  java

00:34:27      UID       PID    %usr %system  %guest   %wait    %CPU   CPU  Command
00:34:32        0        57    0,00    0,20    0,00    0,00    0,20     6  ksoftirqd/6
00:34:32        0       120    0,00    0,20    0,00    0,00    0,20     0  kworker/u33:0-i915_flip
00:34:32      115       933    0,20    0,00    0,00    0,00    0,20     1  prometheus
00:34:32        0      1383    0,20    0,00    0,00    0,00    0,20     7  glances
00:34:32        0      1391    0,20    0,00    0,00    0,00    0,20     1  tailscaled
00:34:32        0      1423    0,20    0,20    0,00    0,00    0,40     2  containerd
00:34:32        0      2310    0,40    0,20    0,00    0,00    0,60     0  dockerd
00:34:32      117      2312    0,40    0,40    0,00    0,00    0,80     3  grafana
00:34:32        0      2932    0,40    0,60    0,00    0,00    1,00     5  mount.ntfs-3g
00:34:32        0      2975    0,20    0,00    0,00    0,00    0,20     7  containerd-shim
00:34:32        0      2976    0,20    0,00    0,00    0,00    0,20     6  containerd-shim
00:34:32        0      2977    0,00    0,20    0,00    0,00    0,20     7  containerd-shim
00:34:32        0      2981    0,20    0,00    0,00    0,00    0,20     0  containerd-shim
00:34:32      999      3130    0,40    0,00    0,00    0,00    0,40     3  redis-server
00:34:32     1000      4569    0,20    0,00    0,00    0,00    0,20     7  dbus-daemon
00:34:32     1000      4570    0,00    0,40    0,00    0,00    0,40     1  pipewire
00:34:32     1000      4573    0,20    0,00    0,00    0,00    0,20     6  wireplumber
00:34:32     1000      4574    0,20    0,20    0,00    0,00    0,40     4  pipewire-pulse
00:34:32     1000      4708    7,00    1,00    0,00    0,00    8,00     2  gnome-shell
00:34:32     1000      5549    0,00    0,20    0,00    0,00    0,20     6  xdg-desktop-por
00:34:32     1000      6317    0,40    0,40    0,00    0,00    0,80     2  antigravity
00:34:32     1000      6339    0,40    0,20    0,00    0,00    0,60     4  gnome-terminal-
00:34:32     1000      6757    1,60    0,60    0,00    0,00    2,20     5  antigravity
00:34:32     1000      6820    6,20    0,80    0,00    0,00    7,00     7  antigravity
00:34:32     1000      7059    1,00    2,00    0,00    0,00    3,00     2  language_server
00:34:32     1000      7229    0,20    0,40    0,00    0,00    0,60     6  antigravity
00:34:32     1000      7244    1,60    0,60    0,00    0,00    2,20     5  antigravity
00:34:32     1000      7260    0,80    0,00    0,00    0,00    0,80     6  antigravity
00:34:32     1000      8267    1,40    1,60    0,00    0,00    3,00     7  language_server
00:34:32     1000      9291    0,00    0,20    0,00    0,00    0,20     6  chrome
00:34:32     1000      9500    0,00    0,20    0,00    0,00    0,20     0  chrome
00:34:32     1000      9519    0,20    0,00    0,00    0,00    0,20     0  chrome
00:34:32        0     49776    0,00    0,20    0,00    0,00    0,20     6  kworker/u32:0-kvfree_rcu_reclaim
00:34:32        0     95637    0,00    0,20    0,00    0,00    0,20     3  kworker/3:0-events
00:34:32        0     97806    0,00    0,20    0,00    0,20    0,20     6  kworker/6:2-events_freezable
00:34:32        0     98834    0,20    0,00    0,00    0,00    0,20     2  kworker/2:0-events
00:34:32     1000    102154    0,00    0,40    0,00    0,00    0,40     4  pidstat
00:34:32     1000    102186    4,40    0,40    0,00    0,00    4,80     5  java

00:34:27      UID       PID  minflt/s  majflt/s     VSZ     RSS   %MEM  Command
00:34:32        0      1423      3,00      0,00 2463900   71040   0,44  containerd
00:34:32        0      2975      8,20      0,00 1235352   13516   0,08  containerd-shim
00:34:32        0      2976     11,20      0,00 1235608   14444   0,09  containerd-shim
00:34:32        0      2977      4,80      0,00 1235352   15148   0,09  containerd-shim
00:34:32        0      2981     10,60      0,00 1235608   14096   0,09  containerd-shim
00:34:32        0      2982      9,80      0,00 1235608   14540   0,09  containerd-shim
00:34:32     1000      4570     37,20      0,00  105040   14692   0,09  pipewire
00:34:32     1000      4574     38,00      0,00  110852   15284   0,09  pipewire-pulse
00:34:32     1000      4708     14,80      0,00 5454660  346620   2,14  gnome-shell
00:34:32     1000      5504      0,20      0,00  778332   19920   0,12  xdg-desktop-por
00:34:32     1000      6317     34,40      0,00 1461668528  315144   1,94  antigravity
00:34:32     1000      6757     45,80      0,00 34366860  169900   1,05  antigravity
00:34:32     1000      6771      0,60      0,00 33903964   81164   0,50  antigravity
00:34:32     1000      6820    388,60      0,00 1461417264  664108   4,09  antigravity
00:34:32     1000      7161      0,40      0,00 33951332   64332   0,40  antigravity
00:34:32     1000      7229    118,00      0,00 1461383544  129600   0,80  antigravity
00:34:32     1000      7244    376,40      0,00 1461351324  286568   1,77  antigravity
00:34:32     1000      7258      2,80      0,00 1461347760  125896   0,78  antigravity
00:34:32     1000      7260     18,40      0,00 1461367100  164108   1,01  antigravity
00:34:32     1000      8356      5,40      0,00 1459530528  100844   0,62  antigravity
00:34:32     1000      9291     14,00      0,00 55435272  374384   2,31  chrome
00:34:32     1000      9342      2,20      0,00 55467700  213584   1,32  chrome
00:34:32     1000      9345      3,60      0,00 54976356  136144   0,84  chrome
00:34:32     1000      9359      0,60      0,00 55015792   62536   0,39  chrome
00:34:32     1000     76014      0,40      0,00 1518513820  343760   2,12  chrome
00:34:32     1000     76063      0,40      0,00 55006444   86720   0,53  chrome
00:34:32     1000     99008      1,00      0,00    7664    3936   0,02  bash
00:34:32     1000    102186     21,40      0,00 5161116  212156   1,31  java

00:34:27      UID       PID   kB_rd/s   kB_wr/s kB_ccwr/s iodelay  Command
00:34:32     1000      4573      0,00      0,80      0,00       0  wireplumber
00:34:32     1000      4708      0,00     76,00      0,00       0  gnome-shell
00:34:32     1000      7244      0,00      0,80      0,00       0  antigravity
00:34:32     1000     99008      0,00    181,16     76,00       0  bash
00:34:32     1000    102154      0,00      1,04      0,00       0  pidstat
00:34:32     1000    102186      0,00      0,03      0,00       0  java

00:34:32      UID       PID    %usr %system  %guest   %wait    %CPU   CPU  Command
00:34:37        0        86    0,00    0,20    0,00    0,00    0,20     1  irq/9-acpi
00:34:37        0       120    0,00    0,20    0,00    0,00    0,20     6  kworker/u33:0-i915_flip
00:34:37      990       903    0,80    0,00    0,00    0,00    0,80     5  dbus-daemon
00:34:37      115       930    1,00    0,60    0,00    0,00    1,60     7  prometheus-node
00:34:37      115       933    0,20    0,00    0,00    0,00    0,20     4  prometheus
00:34:37        0      1383    0,20    0,00    0,00    0,00    0,20     7  glances
00:34:37        0      1391    0,00    0,20    0,00    0,00    0,20     1  tailscaled
00:34:37        0      1411    0,00    0,20    0,00    0,00    0,20     0  anydesk
00:34:37        0      1423    0,20    0,20    0,00    0,00    0,40     2  containerd
00:34:37        0      2310    0,40    0,00    0,00    0,00    0,40     0  dockerd
00:34:37      117      2312    1,00    0,00    0,00    0,00    1,00     3  grafana
00:34:37        0      2932    0,40    0,20    0,00    0,00    0,60     0  mount.ntfs-3g
00:34:37        0      2975    0,00    0,20    0,00    0,00    0,20     7  containerd-shim
00:34:37      999      3130    0,40    0,00    0,00    0,00    0,40     1  redis-server
00:34:37     1000      4708    0,80    0,60    0,00    0,00    1,40     2  gnome-shell
00:34:37     1000      6317    0,00    0,20    0,00    0,00    0,20     4  antigravity
00:34:37     1000      6339    0,60    0,00    0,00    0,00    0,60     4  gnome-terminal-
00:34:37     1000      6820    1,20    0,00    0,00    0,00    1,20     5  antigravity
00:34:37     1000      7059    1,80    1,60    0,00    0,00    3,40     4  language_server
00:34:37     1000      7229    0,40    0,00    0,00    0,00    0,40     6  antigravity
00:34:37     1000      7244    1,20    0,80    0,00    0,00    2,00     4  antigravity
00:34:37     1000      7258    0,00    0,20    0,00    0,00    0,20     7  antigravity
00:34:37     1000      7260    0,60    0,00    0,00    0,00    0,60     6  antigravity
00:34:37     1000      8267    2,00    1,00    0,00    0,00    3,00     7  language_server
00:34:37     1000      8356    0,20    0,00    0,00    0,00    0,20     5  antigravity
00:34:37     1000      9291    0,20    0,00    0,00    0,00    0,20     3  chrome
00:34:37        0     89647    0,00    0,20    0,00    0,00    0,20     2  kworker/u32:1-events_unbound
00:34:37        0     97806    0,00    0,20    0,00    0,00    0,20     6  kworker/6:2-events
00:34:37     1000    102154    0,20    0,40    0,00    0,00    0,60     7  pidstat
00:34:37     1000    102186    3,20    0,20    0,00    0,00    3,40     5  java

00:34:32      UID       PID  minflt/s  majflt/s     VSZ     RSS   %MEM  Command
00:34:37      115       930     81,40      0,00 1762312   26132   0,16  prometheus-node
00:34:37      115       933      0,80      0,00 2711492  114876   0,71  prometheus
00:34:37        0      1423      5,20      0,00 2463900   71168   0,44  containerd
00:34:37        0      2975     11,20      0,00 1235352   13644   0,08  containerd-shim
00:34:37        0      2976     10,40      0,00 1235608   14572   0,09  containerd-shim
00:34:37        0      2977     10,60      0,00 1235352   15148   0,09  containerd-shim
00:34:37        0      2981     12,00      0,00 1235608   14480   0,09  containerd-shim
00:34:37        0      2982     11,20      0,00 1235608   14924   0,09  containerd-shim
00:34:37     1000      4570      0,00      0,00  104092   14692   0,09  pipewire
00:34:37     1000      4708      0,40      0,00 5454660  346620   2,14  gnome-shell
00:34:37     1000      6317     32,40      0,00 1461668528  315208   1,94  antigravity
00:34:37     1000      6757     25,60      0,00 34368908  170156   1,05  antigravity
00:34:37     1000      6771      0,60      0,00 33903964   81164   0,50  antigravity
00:34:37     1000      6820    136,00      0,00 1461419440  666412   4,11  antigravity
00:34:37     1000      7161      0,20      0,00 33951332   64332   0,40  antigravity
00:34:37     1000      7229    118,40      0,00 1461383544  129324   0,80  antigravity
00:34:37     1000      7244    373,20      0,00 1461351324  286468   1,76  antigravity
00:34:37     1000      7258      5,80      0,00 1461347760  125768   0,77  antigravity
00:34:37     1000      7260     18,20      0,00 1461367100  163896   1,01  antigravity
00:34:37     1000      8356      5,20      0,00 1459530528  100844   0,62  antigravity
00:34:37     1000      9291      7,20      0,00 55435272  374384   2,31  chrome
00:34:37     1000      9342      4,40      0,00 55467700  213584   1,32  chrome
00:34:37     1000      9345      4,00      0,00 54976356  136144   0,84  chrome
00:34:37     1000      9359      1,20      0,00 55015792   62536   0,39  chrome
00:34:37     1000     76014      0,20      0,00 1518513820  343760   2,12  chrome
00:34:37     1000     76063      0,20      0,00 55006444   86720   0,53  chrome
00:34:37     1000    102186     20,20      0,00 5161116  212668   1,31  java

00:34:32      UID       PID   kB_rd/s   kB_wr/s kB_ccwr/s iodelay  Command
00:34:37     1000      7244      0,00      0,80      0,00       0  antigravity
00:34:37     1000      9291      0,00      0,80      0,00       0  chrome
00:34:37     1000    102154      0,00      1,25      0,00       0  pidstat
00:34:37     1000    102186      0,00      1,60      0,00       0  java

00:34:37      UID       PID    %usr %system  %guest   %wait    %CPU   CPU  Command
00:34:42      115       933    0,20    0,00    0,00    0,00    0,20     1  prometheus
00:34:42        0      1423    0,40    0,00    0,00    0,00    0,40     2  containerd
00:34:42      111      1503    0,20    0,00    0,00    0,00    0,20     7  mariadbd
00:34:42        0      2310    0,20    0,20    0,00    0,00    0,40     0  dockerd
00:34:42      117      2312    0,40    0,60    0,00    0,00    1,00     3  grafana
00:34:42        0      2932    0,60    0,20    0,00    0,00    0,80     3  mount.ntfs-3g
00:34:42        0      2975    0,20    0,00    0,00    0,00    0,20     7  containerd-shim
00:34:42        0      2977    0,20    0,00    0,00    0,00    0,20     7  containerd-shim
00:34:42        0      2981    0,20    0,00    0,00    0,00    0,20     0  containerd-shim
00:34:42        0      2982    0,00    0,20    0,00    0,00    0,20     1  containerd-shim
00:34:42      999      3130    0,40    0,20    0,00    0,00    0,60     3  redis-server
00:34:42     1000      4708    0,80    0,40    0,00    0,00    1,20     6  gnome-shell
00:34:42     1000      6317    0,40    0,00    0,00    0,20    0,40     1  antigravity
00:34:42     1000      6339    0,60    0,00    0,00    0,00    0,60     4  gnome-terminal-
00:34:42     1000      6757    0,20    0,00    0,00    0,00    0,20     5  antigravity
00:34:42     1000      6820   12,80    0,40    0,00    0,20   13,20     1  antigravity
00:34:42     1000      7059    1,60    1,60    0,00    0,00    3,20     4  language_server
00:34:42     1000      7161    0,20    0,00    0,00    0,00    0,20     5  antigravity
00:34:42     1000      7229    0,20    0,00    0,00    0,00    0,20     7  antigravity
00:34:42     1000      7244    1,60    0,60    0,00    0,00    2,20     4  antigravity
00:34:42     1000      7260    0,40    0,20    0,00    0,20    0,60     6  antigravity
00:34:42     1000      8267    0,60    2,20    0,00    0,00    2,80     7  language_server
00:34:42     1000      9291    0,00    0,20    0,00    0,00    0,20     6  chrome
00:34:42     1000      9519    0,60    0,00    0,00    0,00    0,60     1  chrome
00:34:42     1000     98039    0,20    0,00    0,00    0,00    0,20     1  antigravity
00:34:42     1000    102154    0,20    0,20    0,00    0,00    0,40     7  pidstat
00:34:42     1000    102186    4,80    0,20    0,00    0,00    5,00     5  java

00:34:37      UID       PID  minflt/s  majflt/s     VSZ     RSS   %MEM  Command
00:34:42      115       933      5,40      0,00 2711492  114876   0,71  prometheus
00:34:42        0      1391      0,40      0,00 1421316   92924   0,57  tailscaled
00:34:42        0      2975     14,60      0,00 1235352   13900   0,09  containerd-shim
00:34:42        0      2976     12,80      0,00 1235608   14828   0,09  containerd-shim
00:34:42        0      2977     13,00      0,00 1235352   15404   0,09  containerd-shim
00:34:42        0      2981     13,60      0,00 1235608   14736   0,09  containerd-shim
00:34:42        0      2982     12,20      0,00 1235608   15180   0,09  containerd-shim
00:34:42     1000      4708      7,40      0,00 5454724  346620   2,14  gnome-shell
00:34:42     1000      6317     36,20      0,00 1461668528  315176   1,94  antigravity
00:34:42     1000      6757      6,60      0,00 34361740  169776   1,05  antigravity
00:34:42     1000      6771      0,60      0,00 33903964   81164   0,50  antigravity
00:34:42     1000      6820    295,60      0,00 1461419440  656368   4,04  antigravity
00:34:42     1000      7161      0,20      0,00 33951332   64332   0,40  antigravity
00:34:42     1000      7229     13,40      0,00 1461383544  129324   0,80  antigravity
00:34:42     1000      7244    365,40      0,00 1461351324  286544   1,77  antigravity
00:34:42     1000      7258      3,00      0,00 1461347760  125768   0,77  antigravity
00:34:42     1000      7260     18,60      0,00 1461367100  163684   1,01  antigravity
00:34:42     1000      8356      5,40      0,00 1459530528  100844   0,62  antigravity
00:34:42     1000      9291     13,40      0,00 55435272  374384   2,31  chrome
00:34:42     1000      9342      2,20      0,00 55467700  213584   1,32  chrome
00:34:42     1000      9345     12,60      0,00 54976356  136144   0,84  chrome
00:34:42     1000      9359      0,60      0,00 55015792   62536   0,39  chrome
00:34:42     1000      9519    357,00      0,00 1518553976  364296   2,24  chrome
00:34:42     1000     76014      0,40      0,00 1518513820  343760   2,12  chrome
00:34:42     1000     76063      0,20      0,00 55006444   86720   0,53  chrome
00:34:42     1000    102186     18,00      0,00 5161116  212924   1,31  java

00:34:37      UID       PID   kB_rd/s   kB_wr/s kB_ccwr/s iodelay  Command
00:34:42     1000      7244      0,00      0,80      0,00       0  antigravity
00:34:42     1000      9291      0,00      5,60      0,00       0  chrome
00:34:42     1000    102154      0,00      1,07      0,00       0  pidstat
00:34:42     1000    102186      0,00      1,60      0,00       0  java

00:34:42      UID       PID    %usr %system  %guest   %wait    %CPU   CPU  Command
00:34:47        0        39    0,00    0,20    0,00    0,00    0,20     3  ksoftirqd/3
00:34:47        0      1391    0,20    0,00    0,00    0,00    0,20     1  tailscaled
00:34:47        0      1423    0,00    0,20    0,00    0,00    0,20     2  containerd
00:34:47        0      2310    0,40    0,20    0,00    0,00    0,60     0  dockerd
00:34:47      117      2312    0,60    0,40    0,00    0,00    1,00     3  grafana
00:34:47        0      2932    0,40    0,40    0,00    0,00    0,80     1  mount.ntfs-3g
00:34:47        0      2976    0,20    0,20    0,00    0,00    0,40     6  containerd-shim
00:34:47        0      2977    0,00    0,20    0,00    0,00    0,20     7  containerd-shim
00:34:47        0      2982    0,20    0,00    0,00    0,00    0,20     1  containerd-shim
00:34:47      999      3130    0,40    0,00    0,00    0,00    0,40     3  redis-server
00:34:47     1000      4708    0,60    0,20    0,00    0,00    0,80     5  gnome-shell
00:34:47     1000      6317    0,20    0,20    0,00    0,00    0,40     2  antigravity
00:34:47     1000      6339    0,60    0,00    0,00    0,00    0,60     4  gnome-terminal-
00:34:47     1000      6757    0,20    0,00    0,00    0,00    0,20     7  antigravity
00:34:47     1000      6820    1,40    0,20    0,00    0,00    1,60     0  antigravity
00:34:47     1000      7059    3,00    1,60    0,00    0,00    4,60     6  language_server
00:34:47     1000      7229    0,20    0,20    0,00    0,00    0,40     7  antigravity
00:34:47     1000      7244    1,40    0,60    0,00    0,00    2,00     1  antigravity
00:34:47     1000      7260    0,40    0,00    0,00    0,00    0,40     6  antigravity
00:34:47     1000      8267    2,20    1,20    0,00    0,00    3,40     7  language_server
00:34:47     1000      8356    0,20    0,00    0,00    0,00    0,20     5  antigravity
00:34:47     1000      9519    0,20    0,00    0,00    0,00    0,20     4  chrome
00:34:47        0     99361    0,00    0,20    0,00    0,00    0,20     7  kworker/u32:3-events_unbound
00:34:47     1000    102154    0,20    0,20    0,00    0,00    0,40     4  pidstat
00:34:47     1000    102186    3,60    0,40    0,00    0,00    4,00     5  java

00:34:42      UID       PID  minflt/s  majflt/s     VSZ     RSS   %MEM  Command
00:34:47      115       933      9,20      0,00 2711492  115132   0,71  prometheus
00:34:47        0      1391      0,20      0,00 1421316   92924   0,57  tailscaled
00:34:47        0      2975      1,40      0,00 1235352   14028   0,09  containerd-shim
00:34:47        0      2976      0,20      0,00 1235608   14828   0,09  containerd-shim
00:34:47        0      2977      0,60      0,00 1235352   15404   0,09  containerd-shim
00:34:47        0      2981      3,60      0,00 1235608   14736   0,09  containerd-shim
00:34:47        0      2982      0,40      0,00 1235608   15180   0,09  containerd-shim
00:34:47     1000      4708      0,20      0,00 5454596  346620   2,14  gnome-shell
00:34:47     1000      6317     41,60      0,00 1461668528  314680   1,94  antigravity
00:34:47     1000      6757      6,40      0,00 34361740  169776   1,05  antigravity
00:34:47     1000      6771      1,20      0,00 33903964   81164   0,50  antigravity
00:34:47     1000      6820    166,60      0,00 1461419440  656792   4,05  antigravity
00:34:47     1000      7161      0,20      0,00 33951332   64332   0,40  antigravity
00:34:47     1000      7229      5,60      0,00 1461383544  129324   0,80  antigravity
00:34:47     1000      7244    318,80      0,00 1461351324  286504   1,77  antigravity
00:34:47     1000      7258      2,60      0,00 1461347760  125768   0,77  antigravity
00:34:47     1000      7260     21,00      0,00 1461367100  163940   1,01  antigravity
00:34:47     1000      8356      5,20      0,00 1459530528  100844   0,62  antigravity
00:34:47     1000      9291      7,60      0,00 55435272  374384   2,31  chrome
00:34:47     1000      9342      2,20      0,00 55467700  213584   1,32  chrome
00:34:47     1000      9345      5,00      0,00 54976356  136144   0,84  chrome
00:34:47     1000      9359      0,60      0,00 55015792   62536   0,39  chrome
00:34:47     1000     76014      0,60      0,00 1518513820  343760   2,12  chrome
00:34:47     1000     76063      0,20      0,00 55006444   86720   0,53  chrome
00:34:47     1000    102186      9,60      0,00 5161116  213180   1,31  java

00:34:42      UID       PID   kB_rd/s   kB_wr/s kB_ccwr/s iodelay  Command
00:34:47     1000      9291      0,00      2,40      0,00       0  chrome
00:34:47     1000    102154      0,00      0,99      0,00       0  pidstat
00:34:47     1000    102186      0,00      1,60      0,00       0  java

00:34:47      UID       PID    %usr %system  %guest   %wait    %CPU   CPU  Command
00:34:52        0         1    0,20    0,20    0,00    0,00    0,40     2  systemd
00:34:52        0        17    0,00    0,20    0,00    0,00    0,20     5  rcu_preempt
00:34:52        0        86    0,00    0,20    0,00    0,00    0,20     1  irq/9-acpi
00:34:52      990       903    0,60    0,00    0,00    0,00    0,60     5  dbus-daemon
00:34:52      115       930    1,00    0,60    0,00    0,00    1,60     7  prometheus-node
00:34:52      115       933    0,40    0,00    0,00    0,00    0,40     1  prometheus
00:34:52        0      1383    0,20    0,00    0,00    0,00    0,20     7  glances
00:34:52        0      1391    0,00    0,20    0,00    0,00    0,20     1  tailscaled
00:34:52        0      1423    0,20    0,20    0,00    0,00    0,40     2  containerd
00:34:52        0      2123    0,00    0,20    0,00    0,00    0,20     3  upowerd
00:34:52        0      2310    0,40    0,20    0,00    0,00    0,60     0  dockerd
00:34:52      117      2312    0,40    0,40    0,00    0,00    0,80     3  grafana
00:34:52        0      2932    0,40    0,00    0,00    0,00    0,40     6  mount.ntfs-3g
00:34:52        0      2975    0,20    0,00    0,00    0,00    0,20     7  containerd-shim
00:34:52      999      3130    0,40    0,00    0,00    0,00    0,40     0  redis-server
00:34:52     1000      4708    1,00    0,40    0,00    0,00    1,40     5  gnome-shell
00:34:52     1000      5107    0,20    0,00    0,00    0,00    0,20     0  anydesk
00:34:52     1000      6317    0,20    0,00    0,00    0,00    0,20     5  antigravity
00:34:52     1000      6339    0,80    0,00    0,00    0,00    0,80     4  gnome-terminal-
00:34:52     1000      6757    0,20    0,00    0,00    0,00    0,20     7  antigravity
00:34:52     1000      6820    1,20    0,00    0,00    0,00    1,20     2  antigravity
00:34:52     1000      7059    1,60    1,80    0,00    0,00    3,40     3  language_server
00:34:52     1000      7229    0,20    0,20    0,00    0,00    0,40     1  antigravity
00:34:52     1000      7244    2,00    0,40    0,00    0,00    2,40     6  antigravity
00:34:52     1000      7260    0,60    0,20    0,00    0,00    0,80     5  antigravity
00:34:52     1000      8267    1,60    1,40    0,00    0,00    3,00     7  language_server
00:34:52     1000      9291    0,20    0,20    0,00    0,00    0,40     3  chrome
00:34:52     1000      9359    0,00    0,20    0,00    0,00    0,20     6  chrome
00:34:52     1000      9500    0,20    0,00    0,00    0,00    0,20     2  chrome
00:34:52     1000     76025    0,20    0,00    0,00    0,00    0,20     0  chrome
00:34:52     1000    102154    0,00    0,40    0,00    0,00    0,40     7  pidstat
00:34:52     1000    102186    3,60    0,40    0,00    0,00    4,00     5  java

00:34:47      UID       PID  minflt/s  majflt/s     VSZ     RSS   %MEM  Command
00:34:52      115       930     70,00      0,00 1762312   26116   0,16  prometheus-node
00:34:52      115       933     20,20      0,00 2711492  115644   0,71  prometheus
00:34:52        0      1391      0,20      0,00 1421316   92924   0,57  tailscaled
00:34:52        0      1423      4,40      0,00 2463900   71296   0,44  containerd
00:34:52        0      2975      1,80      0,00 1235352   14028   0,09  containerd-shim
00:34:52        0      2976     10,20      0,00 1235608   14956   0,09  containerd-shim
00:34:52        0      2977      0,40      0,00 1235352   15404   0,09  containerd-shim
00:34:52        0      2981     10,20      0,00 1235608   14736   0,09  containerd-shim
00:34:52        0      2982      1,60      0,00 1235608   15180   0,09  containerd-shim
00:34:52     1000      4708      7,00      0,00 5454596  346620   2,14  gnome-shell
00:34:52     1000      6317     33,00      0,00 1461668528  315192   1,94  antigravity
00:34:52     1000      6757     24,40      0,00 34361740  170160   1,05  antigravity
00:34:52     1000      6771      0,60      0,00 33903964   81164   0,50  antigravity
00:34:52     1000      6820    134,00      0,00 1461419440  659096   4,06  antigravity
00:34:52     1000      7161      0,40      0,00 33951332   64332   0,40  antigravity
00:34:52     1000      7229      6,00      0,00 1461383544  129324   0,80  antigravity
00:34:52     1000      7244    415,60      0,00 1461351324  287736   1,77  antigravity
00:34:52     1000      7258      3,00      0,00 1461347760  125768   0,77  antigravity
00:34:52     1000      7260     19,20      0,00 1461367100  164000   1,01  antigravity
00:34:52     1000      8356      5,00      0,00 1459530528  100844   0,62  antigravity
00:34:52     1000      9291     15,00      0,00 55435272  374384   2,31  chrome
00:34:52     1000      9342      2,20      0,00 55467700  213584   1,32  chrome
00:34:52     1000      9345      3,60      0,00 54976356  136144   0,84  chrome
00:34:52     1000      9359      0,60      0,00 55015792   62536   0,39  chrome
00:34:52     1000     76014      0,20      0,00 1518513820  343760   2,12  chrome
00:34:52     1000     76063      0,40      0,00 55006444   86720   0,53  chrome
00:34:52     1000    102186     19,20      0,00 5161116  213692   1,32  java

00:34:47      UID       PID   kB_rd/s   kB_wr/s kB_ccwr/s iodelay  Command
00:34:52     1000      7244      0,00      0,80      0,00       0  antigravity
00:34:52     1000      9291      0,00      4,00      0,00       0  chrome
00:34:52     1000    102154      0,00      0,93      0,00       0  pidstat
00:34:52     1000    102186      0,00      1,60      0,00       0  java

00:34:52      UID       PID    %usr %system  %guest   %wait    %CPU   CPU  Command
00:34:57        0         1    0,20    0,20    0,00    0,00    0,40     5  systemd
00:34:57        0       376    0,20    0,00    0,00    0,00    0,20     6  systemd-journal
00:34:57        0       408    0,20    0,20    0,00    0,00    0,40     0  systemd-udevd
00:34:57      102       898    0,00    0,20    0,00    0,00    0,20     6  avahi-daemon
00:34:57      990       903    0,60    0,00    0,00    0,00    0,60     2  dbus-daemon
00:34:57      115       933    0,20    0,00    0,00    0,00    0,20     1  prometheus
00:34:57        0      1079    0,20    0,00    0,00    0,00    0,20     4  NetworkManager
00:34:57        0      1383    0,20    0,00    0,00    0,00    0,20     7  glances
00:34:57        0      1391    0,20    0,00    0,00    0,00    0,20     1  tailscaled
00:34:57        0      1423    1,20    0,40    0,00    0,00    1,60     2  containerd
00:34:57        0      2309    0,00    0,20    0,00    0,00    0,20     2  cups-browsed
00:34:57        0      2310    0,40    1,00    0,00    0,00    1,40     0  dockerd
00:34:57      117      2312    0,80    0,20    0,00    0,00    1,00     3  grafana
00:34:57        0      2932    0,60    0,40    0,00    0,00    1,00     1  mount.ntfs-3g
00:34:57        0      2981    0,20    0,20    0,00    0,00    0,40     0  containerd-shim
00:34:57        0      2982    0,20    0,00    0,00    0,00    0,20     1  containerd-shim
00:34:57      999      3130    0,40    0,00    0,00    0,00    0,40     0  redis-server
00:34:57     1000      4549    0,40    0,20    0,00    0,20    0,60     3  systemd
00:34:57     1000      4708    1,00    0,40    0,00    0,20    1,40     5  gnome-shell
00:34:57     1000      5055    0,20    0,00    0,00    0,00    0,20     3  gsd-sharing
00:34:57     1000      5504    0,20    0,00    0,00    0,00    0,20     3  xdg-desktop-por
00:34:57     1000      6317    0,20    0,00    0,00    0,00    0,20     4  antigravity
00:34:57     1000      6339    0,40    0,00    0,00    0,00    0,40     4  gnome-terminal-
00:34:57     1000      6757    0,00    0,20    0,00    0,00    0,20     7  antigravity
00:34:57     1000      6820    1,20    0,20    0,00    0,00    1,40     0  antigravity
00:34:57     1000      7059    1,80    1,40    0,00    0,00    3,20     2  language_server
00:34:57     1000      7244    1,60    0,40    0,00    0,00    2,00     3  antigravity
00:34:57     1000      7260    0,60    0,00    0,00    0,00    0,60     6  antigravity
00:34:57     1000      8267    2,00    0,80    0,00    0,00    2,80     7  language_server
00:34:57     1000      8356    0,00    0,20    0,00    0,00    0,20     6  antigravity
00:34:57     1000      9291    0,20    0,00    0,00    0,00    0,20     6  chrome
00:34:57     1000      9519    0,20    0,00    0,00    0,00    0,20     3  chrome
00:34:57     1000     91682    0,20    0,00    0,00    0,00    0,20     3  ssh
00:34:57     1000     98039    0,00    0,20    0,00    0,00    0,20     4  antigravity
00:34:57     1000    102154    0,00    0,60    0,00    0,00    0,60     1  pidstat
00:34:57     1000    102186    2,00    0,80    0,00    0,00    2,80     5  java

00:34:52      UID       PID  minflt/s  majflt/s     VSZ     RSS   %MEM  Command
00:34:57        0       376     44,20      0,00  188968  108436   0,67  systemd-journal
00:34:57        0       408     97,60      0,00   37544   10908   0,07  systemd-udevd
00:34:57      115       933     10,20      0,00 2711492  115900   0,71  prometheus
00:34:57        0      1391      0,20      0,00 1421316   92924   0,57  tailscaled
00:34:57        0      1423     10,00      0,00 2463900   71424   0,44  containerd
00:34:57        0      2975     10,60      0,00 1235352   14284   0,09  containerd-shim
00:34:57        0      2976      4,80      0,00 1235608   14952   0,09  containerd-shim
00:34:57        0      2977     11,20      0,00 1235352   15660   0,10  containerd-shim
00:34:57        0      2981      2,40      0,00 1235608   14592   0,09  containerd-shim
00:34:57        0      2982      3,00      0,00 1235608   15180   0,09  containerd-shim
00:34:57     1000      4708      3,40      0,00 5454468  346620   2,14  gnome-shell
00:34:57        0      5954      0,20      0,00  370300   46692   0,29  fwupd
00:34:57     1000      6317     32,40      0,00 1461668528  315200   1,94  antigravity
00:34:57     1000      6757      5,60      0,00 34361740  170028   1,05  antigravity
00:34:57     1000      6771      0,60      0,00 33903964   81164   0,50  antigravity
00:34:57     1000      6820    162,40      0,00 1461419440  660832   4,07  antigravity
00:34:57     1000      7161      0,20      0,00 33951332   64332   0,40  antigravity
00:34:57     1000      7229      8,80      0,00 1461383544  129324   0,80  antigravity
00:34:57     1000      7244    297,20      0,00 1461351324  287208   1,77  antigravity
00:34:57     1000      7258      6,40      0,00 1461347760  125768   0,77  antigravity
00:34:57     1000      7260     19,00      0,00 1461367100  163724   1,01  antigravity
00:34:57     1000      8356      5,20      0,00 1459530528  100844   0,62  antigravity
00:34:57     1000      9291     11,60      0,00 55435272  374512   2,31  chrome
00:34:57     1000      9342      4,40      0,00 55467700  213584   1,32  chrome
00:34:57     1000      9345      4,00      0,00 54976356  136144   0,84  chrome
00:34:57     1000      9359      1,20      0,00 55015792   62536   0,39  chrome
00:34:57     1000     76014      0,40      0,00 1518513820  343760   2,12  chrome
00:34:57     1000     76063      0,20      0,00 55006444   86720   0,53  chrome
00:34:57     1000    102186     10,80      0,00 5161116  215832   1,33  java
00:34:57        0    102455     56,20      0,00   37548    7060   0,04  (udev-worker)
00:34:57        0    102469     26,80      0,00   37548    6656   0,04  (udev-worker)
00:34:57        0    102470     27,60      0,00   37548    6784   0,04  (udev-worker)
00:34:57        0    102471     28,20      0,00   37548    6656   0,04  (udev-worker)
00:34:57        0    102472     27,80      0,00   37548    6784   0,04  (udev-worker)
00:34:57        0    102474     27,60      0,00   37548    6784   0,04  (udev-worker)
00:34:57        0    102475     27,20      0,00   37548    6784   0,04  (udev-worker)
00:34:57        0    102476     27,60      0,00   37548    6784   0,04  (udev-worker)
00:34:57        0    102477     60,60      0,00   37548    7188   0,04  (udev-worker)
00:34:57        0    102478     27,40      0,00   37548    6784   0,04  (udev-worker)
00:34:57        0    102480     35,40      0,00   37548    6784   0,04  (udev-worker)
00:34:57        0    102481     27,40      0,00   37548    6784   0,04  (udev-worker)
00:34:57        0    102482     26,80      0,00   37548    6784   0,04  (udev-worker)
00:34:57        0    102483     26,60      0,00   37548    6784   0,04  (udev-worker)
00:34:57        0    102484     27,00      0,00   37548    6784   0,04  (udev-worker)
00:34:57        0    102485     27,00      0,00   37548    6784   0,04  (udev-worker)

00:34:52      UID       PID   kB_rd/s   kB_wr/s kB_ccwr/s iodelay  Command
00:34:57     1000      7244      0,00      0,80      0,00       0  antigravity
00:34:57     1000      9291      0,00      3,20      0,00       0  chrome
00:34:57     1000    102154      0,00      1,09      0,00       0  pidstat
00:34:57     1000    102186      0,00      1,60      0,00       0  java

00:34:57      UID       PID    %usr %system  %guest   %wait    %CPU   CPU  Command
00:35:02      115       933    0,20    0,00    0,00    0,00    0,20     1  prometheus
00:35:02        0      1383    0,00    0,20    0,00    0,00    0,20     7  glances
00:35:02        0      1391    0,20    0,20    0,00    0,00    0,40     1  tailscaled
00:35:02        0      1423    0,20    0,00    0,00    0,00    0,20     2  containerd
00:35:02        0      2310    0,80    0,00    0,00    0,00    0,80     0  dockerd
00:35:02      117      2312    0,40    0,40    0,00    0,00    0,80     3  grafana
00:35:02        0      2932    0,20    0,40    0,00    0,00    0,60     0  mount.ntfs-3g
00:35:02        0      2975    0,20    0,00    0,00    0,00    0,20     7  containerd-shim
00:35:02        0      2976    0,20    0,00    0,00    0,00    0,20     6  containerd-shim
00:35:02        0      2977    0,20    0,00    0,00    0,00    0,20     7  containerd-shim
00:35:02        0      2982    0,00    0,20    0,00    0,00    0,20     1  containerd-shim
00:35:02      999      3130    0,40    0,20    0,00    0,00    0,60     1  redis-server
00:35:02     1000      4708    1,20    0,40    0,00    0,00    1,60     0  gnome-shell
00:35:02     1000      5043    0,20    0,00    0,00    0,00    0,20     2  gnome-software
00:35:02     1000      6317    0,20    0,40    0,00    0,00    0,60     5  antigravity
00:35:02     1000      6339    0,80    0,00    0,00    0,00    0,80     4  gnome-terminal-
00:35:02     1000      6757    0,40    0,00    0,00    0,00    0,40     5  antigravity
00:35:02     1000      6820    1,80    0,80    0,00    0,00    2,60     4  antigravity
00:35:02     1000      7059    1,80    1,60    0,00    0,00    3,40     0  language_server
00:35:02     1000      7229    0,20    0,40    0,00    0,00    0,60     6  antigravity
00:35:02     1000      7244    1,40    0,60    0,00    0,00    2,00     3  antigravity
00:35:02     1000      7260    0,40    0,20    0,00    0,00    0,60     5  antigravity
00:35:02     1000      8267    1,40    1,60    0,00    0,00    3,00     7  language_server
00:35:02     1000      8356    0,20    0,00    0,00    0,00    0,20     6  antigravity
00:35:02     1000      9291    0,20    0,00    0,00    0,00    0,20     6  chrome
00:35:02     1000      9519    0,00    0,20    0,00    0,00    0,20     3  chrome
00:35:02        0     97806    0,00    0,20    0,00    0,00    0,20     6  kworker/6:2-events
00:35:02     1000    102154    0,20    0,20    0,00    0,00    0,40     1  pidstat
00:35:02     1000    102186    2,00    0,20    0,00    0,00    2,20     5  java

00:34:57      UID       PID  minflt/s  majflt/s     VSZ     RSS   %MEM  Command
00:35:02        0       376      5,20      0,00  188968  108436   0,67  systemd-journal
00:35:02        0       408      1,40      0,00   37544   10908   0,07  systemd-udevd
00:35:02        0       902      1,60      0,00    6792    2752   0,02  cron
00:35:02        0      1391      0,40      0,00 1421316   92924   0,57  tailscaled
00:35:02        0      2310      0,40      0,00 3498856  111800   0,69  dockerd
00:35:02        0      2975      9,60      0,00 1235352   13776   0,08  containerd-shim
00:35:02        0      2976      9,20      0,00 1235608   14464   0,09  containerd-shim
00:35:02        0      2977     11,80      0,00 1235352   14928   0,09  containerd-shim
00:35:02        0      2981     10,80      0,00 1235608   14324   0,09  containerd-shim
00:35:02        0      2982     10,60      0,00 1235608   14460   0,09  containerd-shim
00:35:02     1000      4708      6,60      0,00 5454468  346492   2,13  gnome-shell
00:35:02     1000      6317     33,20      0,00 1461668528  315252   1,94  antigravity
00:35:02     1000      6757      9,40      0,00 34361804  169664   1,05  antigravity
00:35:02     1000      6771      0,60      0,00 33903964   81164   0,50  antigravity
00:35:02     1000      6820    230,40      0,00 1461419440  663304   4,09  antigravity
00:35:02     1000      7161      0,20      0,00 33951332   64332   0,40  antigravity
00:35:02     1000      7229     94,20      0,00 1461383544  129324   0,80  antigravity
00:35:02     1000      7244    359,80      0,00 1461351324  287624   1,77  antigravity
00:35:02     1000      7258      2,60      0,00 1461347760  125768   0,77  antigravity
00:35:02     1000      7260     19,80      0,00 1461367100  163980   1,01  antigravity
00:35:02     1000      8356      5,20      0,00 1459530528  100844   0,62  antigravity
00:35:02     1000      9291      7,00      0,00 55435272  374512   2,31  chrome
00:35:02     1000      9342      2,20      0,00 55467700  213584   1,32  chrome
00:35:02     1000      9345      8,00      0,00 54976356  136144   0,84  chrome
00:35:02     1000      9359      0,60      0,00 55015792   62536   0,39  chrome
00:35:02     1000      9519      0,00      0,00 1518553976  354708   2,19  chrome
00:35:02     1000     76014      0,60      0,00 1518513820  343760   2,12  chrome
00:35:02     1000     76063      0,20      0,00 55006444   86720   0,53  chrome
00:35:02     1000    102154      6,60      0,00    6184    5228   0,03  pidstat
00:35:02     1000    102186      8,20      0,00 5161116  215832   1,33  java

00:34:57      UID       PID   kB_rd/s   kB_wr/s kB_ccwr/s iodelay  Command
00:35:02     1000      7244      0,00      0,80      0,00       0  antigravity
00:35:02     1000    102154      0,00      1,46      0,00       0  pidstat
00:35:02     1000    102186      0,00      1,66      0,00       0  java

00:35:02      UID       PID    %usr %system  %guest   %wait    %CPU   CPU  Command
00:35:07        0         1    0,20    0,00    0,00    0,00    0,20     7  systemd
00:35:07        0        86    0,00    0,20    0,00    0,00    0,20     1  irq/9-acpi
00:35:07      990       903    0,60    0,00    0,00    0,00    0,60     4  dbus-daemon
00:35:07      986       924    0,00    0,20    0,00    0,00    0,20     7  polkitd
00:35:07      115       930    1,20    0,20    0,00    0,00    1,40     7  prometheus-node
00:35:07      115       933    0,20    0,00    0,00    0,00    0,20     1  prometheus
00:35:07        0      1383    0,20    0,00    0,00    0,00    0,20     7  glances
00:35:07        0      1391    0,00    0,20    0,00    0,00    0,20     1  tailscaled
00:35:07        0      1423    0,40    0,20    0,00    0,00    0,60     2  containerd
00:35:07        0      2310    0,40    0,00    0,00    0,00    0,40     0  dockerd
00:35:07      117      2312    1,20    0,00    0,00    0,00    1,20     3  grafana
00:35:07        0      2932    0,40    0,40    0,00    0,00    0,80     7  mount.ntfs-3g
00:35:07        0      2977    0,00    0,20    0,00    0,00    0,20     7  containerd-shim
00:35:07      999      3130    0,40    0,00    0,00    0,00    0,40     1  redis-server
00:35:07     1000      4708    1,00    0,20    0,00    0,00    1,20     3  gnome-shell
00:35:07     1000      6317    0,20    0,00    0,00    0,00    0,20     3  antigravity
00:35:07     1000      6339    0,60    0,00    0,00    0,00    0,60     4  gnome-terminal-
00:35:07     1000      6757    0,20    0,20    0,00    0,00    0,40     5  antigravity
00:35:07     1000      6820    1,20    0,20    0,00    0,00    1,40     7  antigravity
00:35:07     1000      7059    2,00    1,60    0,00    0,20    3,60     5  language_server
00:35:07     1000      7229    0,40    0,20    0,00    0,00    0,60     1  antigravity
00:35:07     1000      7244    1,60    0,60    0,00    0,00    2,20     2  antigravity
00:35:07     1000      7260    0,60    0,00    0,00    0,00    0,60     5  antigravity
00:35:07     1000      8267    1,40    1,40    0,00    0,00    2,80     7  language_server
00:35:07     1000      9291    0,00    0,20    0,00    0,00    0,20     3  chrome
00:35:07     1000      9345    0,20    0,00    0,00    0,00    0,20     4  chrome
00:35:07     1000      9359    0,20    0,00    0,00    0,00    0,20     5  chrome
00:35:07     1000      9390    0,00    0,20    0,00    0,00    0,20     1  chrome
00:35:07     1000      9519    0,20    0,00    0,00    0,00    0,20     3  chrome
00:35:07        0     49776    0,00    0,20    0,00    0,00    0,20     7  kworker/u32:0-kvfree_rcu_reclaim
00:35:07     1000     76014    0,20    0,00    0,00    0,00    0,20     2  chrome
00:35:07     1000     91682    0,00    0,20    0,00    0,00    0,20     6  ssh
00:35:07     1000     98039    0,20    0,00    0,00    0,00    0,20     1  antigravity
00:35:07        0    102135    0,00    0,20    0,00    0,00    0,20     5  kworker/5:1-events
00:35:07     1000    102154    0,20    0,40    0,00    0,00    0,60     2  pidstat
00:35:07     1000    102186    2,80    0,20    0,00    0,00    3,00     5  java

00:35:02      UID       PID  minflt/s  majflt/s     VSZ     RSS   %MEM  Command
00:35:07      115       930     83,00      0,00 1762312   26024   0,16  prometheus-node
00:35:07      115       933      0,20      0,00 2711492  115900   0,71  prometheus
00:35:07        0      1391      0,60      0,00 1421316   92924   0,57  tailscaled
00:35:07      117      2312      2,40      0,00 1765360  349884   2,16  grafana
00:35:07        0      2975      6,40      0,00 1235352   13904   0,09  containerd-shim
00:35:07        0      2976     11,20      0,00 1235608   14592   0,09  containerd-shim
00:35:07        0      2977     12,80      0,00 1235352   15184   0,09  containerd-shim
00:35:07        0      2981     11,00      0,00 1235608   14452   0,09  containerd-shim
00:35:07        0      2982     13,60      0,00 1235608   14716   0,09  containerd-shim
00:35:07     1000      4708      0,60      0,00 5454532  346492   2,13  gnome-shell
00:35:07     1000      6317     40,20      0,00 1461668528  314780   1,94  antigravity
00:35:07     1000      6757      6,80      0,00 34361740  169664   1,05  antigravity
00:35:07     1000      6771      1,20      0,00 33903964   81164   0,50  antigravity
00:35:07     1000      6820    189,40      0,00 1461419440  665532   4,10  antigravity
00:35:07     1000      7161      0,20      0,00 33951332   64332   0,40  antigravity
00:35:07     1000      7229    130,40      0,00 1461383544  129324   0,80  antigravity
00:35:07     1000      7244    256,40      0,00 1461351324  287496   1,77  antigravity
00:35:07     1000      7258      3,00      0,00 1461347760  125768   0,77  antigravity
00:35:07     1000      7260     19,00      0,00 1461367100  164100   1,01  antigravity
00:35:07     1000      8356      5,40      0,00 1459530528  100844   0,62  antigravity
00:35:07     1000      9291      7,80      0,00 55435272  374512   2,31  chrome
00:35:07     1000      9342      2,20      0,00 55467700  213584   1,32  chrome
00:35:07     1000      9345      5,00      0,00 54976356  136144   0,84  chrome
00:35:07     1000      9359      0,60      0,00 55015792   62536   0,39  chrome
00:35:07     1000     76014      0,20      0,00 1518513820  343760   2,12  chrome
00:35:07     1000     76063      0,20      0,00 55006444   86720   0,53  chrome
00:35:07     1000    102186     84,20      0,00 5161116  217752   1,34  java

00:35:02      UID       PID   kB_rd/s   kB_wr/s kB_ccwr/s iodelay  Command
00:35:07     1000      7244      0,00      0,80      0,00       0  antigravity
00:35:07     1000      9291      0,00      3,20      0,00       0  chrome
00:35:07     1000    102154      0,00      1,08      0,00       0  pidstat
00:35:07     1000    102186      0,00      1,60      0,00       0  java

00:35:07      UID       PID    %usr %system  %guest   %wait    %CPU   CPU  Command
00:35:12      115       933    0,20    0,00    0,00    0,00    0,20     4  prometheus
00:35:12        0      1423    0,20    0,00    0,00    0,00    0,20     2  containerd
00:35:12        0      2310    0,20    0,40    0,00    0,00    0,60     0  dockerd
00:35:12      117      2312    0,60    0,40    0,00    0,00    1,00     3  grafana
00:35:12        0      2932    0,60    0,00    0,00    0,00    0,60     3  mount.ntfs-3g
00:35:12        0      2975    0,00    0,20    0,00    0,00    0,20     7  containerd-shim
00:35:12        0      2976    0,20    0,00    0,00    0,00    0,20     6  containerd-shim
00:35:12        0      2981    0,20    0,00    0,00    0,00    0,20     0  containerd-shim
00:35:12        0      2982    0,20    0,00    0,00    0,00    0,20     1  containerd-shim
00:35:12      999      3130    0,40    0,00    0,00    0,00    0,40     5  redis-server
00:35:12     1000      4708    1,00    0,40    0,00    0,00    1,40     6  gnome-shell
00:35:12     1000      6317    0,00    0,20    0,00    0,00    0,20     5  antigravity
00:35:12     1000      6339    0,80    0,00    0,00    0,00    0,80     5  gnome-terminal-
00:35:12     1000      6820   12,60    0,40    0,00    0,00   13,00     4  antigravity
00:35:12     1000      7059    1,60    1,60    0,00    0,00    3,20     2  language_server
00:35:12     1000      7229    0,20    0,00    0,00    0,00    0,20     7  antigravity
00:35:12     1000      7244    1,20    0,60    0,00    0,00    1,80     3  antigravity
00:35:12     1000      7260    0,60    0,00    0,00    0,00    0,60     5  antigravity
00:35:12     1000      8267    1,60    1,40    0,00    0,00    3,00     7  language_server
00:35:12     1000      8356    0,20    0,00    0,00    0,00    0,20     6  antigravity
00:35:12     1000      9291    0,20    0,00    0,00    0,00    0,20     7  chrome
00:35:12     1000      9390    0,20    0,00    0,00    0,00    0,20     2  chrome
00:35:12     1000    102154    0,00    0,20    0,00    0,00    0,20     1  pidstat
00:35:12     1000    102186    2,00    0,20    0,00    0,00    2,20     5  java

00:35:07      UID       PID  minflt/s  majflt/s     VSZ     RSS   %MEM  Command
00:35:12        0      1391     15,40      0,00 1421316   93180   0,57  tailscaled
00:35:12        0      2975      9,80      0,00 1235352   14032   0,09  containerd-shim
00:35:12        0      2976     16,80      0,00 1235608   14848   0,09  containerd-shim
00:35:12        0      2977     16,40      0,00 1235352   15440   0,10  containerd-shim
00:35:12        0      2981     15,20      0,00 1235608   14836   0,09  containerd-shim
00:35:12        0      2982     13,60      0,00 1235608   15100   0,09  containerd-shim
00:35:12     1000      4708      6,80      0,00 5454532  346492   2,13  gnome-shell
00:35:12     1000      6317     33,20      0,00 1461668528  315292   1,94  antigravity
00:35:12     1000      6757     23,40      0,00 34361740  170048   1,05  antigravity
00:35:12     1000      6771      0,60      0,00 33903964   81164   0,50  antigravity
00:35:12     1000      6820    353,60      0,00 1461419440  655196   4,04  antigravity
00:35:12     1000      7161      0,40      0,00 33951332   64332   0,40  antigravity
00:35:12     1000      7229     21,40      0,00 1461383544  129324   0,80  antigravity
00:35:12     1000      7244    260,20      0,00 1461351324  287624   1,77  antigravity
00:35:12     1000      7258      3,00      0,00 1461347760  125768   0,77  antigravity
00:35:12     1000      7260     18,80      0,00 1461367100  164180   1,01  antigravity
00:35:12     1000      8356      5,20      0,00 1459530528  100844   0,62  antigravity
00:35:12     1000      9291     18,60      0,00 55435272  374640   2,31  chrome
00:35:12     1000      9342      2,20      0,00 55467700  213584   1,32  chrome
00:35:12     1000      9345      5,20      0,00 54976356  136144   0,84  chrome
00:35:12     1000      9359      0,60      0,00 55015792   62536   0,39  chrome
00:35:12     1000     76014      0,60      0,00 1518513820  343760   2,12  chrome
00:35:12     1000     76063      0,40      0,00 55006444   86720   0,53  chrome
00:35:12     1000    102186      8,80      0,00 5161116  217880   1,34  java

00:35:07      UID       PID   kB_rd/s   kB_wr/s kB_ccwr/s iodelay  Command
00:35:12     1000      7244      0,00      0,80      0,00       0  antigravity
00:35:12     1000      9291      0,00      4,00      0,00       0  chrome
00:35:12     1000      9345      0,00     20,00      0,00       0  chrome
00:35:12     1000    102154      0,00      1,16      0,00       0  pidstat
00:35:12     1000    102186      0,00      1,65      0,00       0  java

Rata-rata:    UID       PID    %usr %system  %guest   %wait    %CPU   CPU  Command
Rata-rata:      0         1    0,06    0,04    0,00    0,00    0,10     -  systemd
Rata-rata:      0        16    0,00    0,01    0,00    0,00    0,01     -  ksoftirqd/0
Rata-rata:      0        17    0,00    0,03    0,00    0,61    0,03     -  rcu_preempt
Rata-rata:      0        39    0,00    0,01    0,00    0,00    0,01     -  ksoftirqd/3
Rata-rata:      0        57    0,00    0,01    0,00    0,00    0,01     -  ksoftirqd/6
Rata-rata:      0        62    0,00    0,01    0,00    0,00    0,01     -  migration/7
Rata-rata:      0        86    0,00    0,06    0,00    0,00    0,06     -  irq/9-acpi
Rata-rata:      0       120    0,00    0,03    0,00    0,40    0,03     -  kworker/u33:0-i915_flip
Rata-rata:      0       376    0,01    0,00    0,00    0,00    0,01     -  systemd-journal
Rata-rata:      0       408    0,01    0,01    0,00    0,01    0,03     -  systemd-udevd
Rata-rata:    102       898    0,00    0,01    0,00    0,00    0,01     -  avahi-daemon
Rata-rata:    990       903    0,30    0,01    0,00    0,00    0,31     -  dbus-daemon
Rata-rata:    986       924    0,00    0,01    0,00    0,00    0,01     -  polkitd
Rata-rata:    115       930    0,43    0,19    0,00    0,00    0,61     -  prometheus-node
Rata-rata:    115       933    0,19    0,00    0,00    0,00    0,19     -  prometheus
Rata-rata:      0      1079    0,01    0,00    0,00    0,00    0,01     -  NetworkManager
Rata-rata:      0      1383    0,11    0,03    0,00    0,00    0,14     -  glances
Rata-rata:      0      1391    0,10    0,07    0,00    0,00    0,17     -  tailscaled
Rata-rata:      0      1411    0,01    0,01    0,00    0,00    0,03     -  anydesk
Rata-rata:      0      1423    0,33    0,14    0,00    0,00    0,47     -  containerd
Rata-rata:    111      1503    0,01    0,00    0,00    0,00    0,01     -  mariadbd
Rata-rata:      0      1554    0,00    0,01    0,00    0,00    0,01     -  apache2
Rata-rata:     33      1800    0,01    0,00    0,00    0,00    0,01     -  apache2
Rata-rata:      0      2123    0,00    0,01    0,00    0,00    0,01     -  upowerd
Rata-rata:      0      2309    0,00    0,01    0,00    0,00    0,01     -  cups-browsed
Rata-rata:      0      2310    0,37    0,24    0,00    0,00    0,61     -  dockerd
Rata-rata:    117      2312    0,73    0,33    0,00    0,00    1,06     -  grafana
Rata-rata:      0      2932    0,40    0,26    0,00    0,00    0,66     -  mount.ntfs-3g
Rata-rata:      0      2975    0,09    0,04    0,00    0,00    0,13     -  containerd-shim
Rata-rata:      0      2976    0,07    0,04    0,00    0,00    0,11     -  containerd-shim
Rata-rata:      0      2977    0,06    0,06    0,00    0,00    0,11     -  containerd-shim
Rata-rata:      0      2981    0,09    0,03    0,00    0,00    0,11     -  containerd-shim
Rata-rata:      0      2982    0,09    0,04    0,00    0,00    0,13     -  containerd-shim
Rata-rata:    999      3130    0,39    0,06    0,00    0,00    0,44     -  redis-server
Rata-rata:   1000      4549    0,03    0,01    0,00    0,01    0,04     -  systemd
Rata-rata:   1000      4569    0,01    0,00    0,00    0,00    0,01     -  dbus-daemon
Rata-rata:   1000      4570    0,00    0,03    0,00    0,00    0,03     -  pipewire
Rata-rata:   1000      4573    0,01    0,00    0,00    0,00    0,01     -  wireplumber
Rata-rata:   1000      4574    0,01    0,01    0,00    0,00    0,03     -  pipewire-pulse
Rata-rata:   1000      4708    1,44    0,41    0,00    0,01    1,86     -  gnome-shell
Rata-rata:   1000      5043    0,01    0,00    0,00    0,00    0,01     -  gnome-software
Rata-rata:   1000      5055    0,01    0,00    0,00    0,00    0,01     -  gsd-sharing
Rata-rata:   1000      5107    0,01    0,00    0,00    0,00    0,01     -  anydesk
Rata-rata:   1000      5180    0,01    0,00    0,00    0,00    0,01     -  ibus-portal
Rata-rata:   1000      5504    0,01    0,00    0,00    0,00    0,01     -  xdg-desktop-por
Rata-rata:   1000      5549    0,00    0,01    0,00    0,00    0,01     -  xdg-desktop-por
Rata-rata:   1000      6317    0,23    0,16    0,00    0,01    0,39     -  antigravity
Rata-rata:   1000      6339    0,61    0,01    0,00    0,00    0,63     -  gnome-terminal-
Rata-rata:   1000      6757    0,41    0,13    0,00    0,01    0,54     -  antigravity
Rata-rata:   1000      6820    4,98    0,36    0,00    0,03    5,34     -  antigravity
Rata-rata:   1000      7059    1,70    1,70    0,00    0,10    3,40     -  language_server
Rata-rata:   1000      7161    0,01    0,00    0,00    0,00    0,01     -  antigravity
Rata-rata:   1000      7229    0,23    0,14    0,00    0,00    0,37     -  antigravity
Rata-rata:   1000      7244    1,56    0,51    0,00    0,01    2,07     -  antigravity
Rata-rata:   1000      7258    0,00    0,01    0,00    0,00    0,01     -  antigravity
Rata-rata:   1000      7260    0,66    0,10    0,00    0,01    0,76     -  antigravity
Rata-rata:   1000      8267    1,59    1,44    0,00    0,00    3,03     -  language_server
Rata-rata:   1000      8356    0,09    0,03    0,00    0,00    0,11     -  antigravity
Rata-rata:   1000      9291    0,11    0,10    0,00    0,01    0,21     -  chrome
Rata-rata:   1000      9342    0,01    0,00    0,00    0,00    0,01     -  chrome
Rata-rata:   1000      9345    0,03    0,01    0,00    1,44    0,04     -  chrome
Rata-rata:   1000      9359    0,01    0,01    0,00    0,01    0,03     -  chrome
Rata-rata:   1000      9390    0,03    0,01    0,00    0,00    0,04     -  chrome
Rata-rata:   1000      9500    0,01    0,01    0,00    1,44    0,03     -  chrome
Rata-rata:   1000      9519    0,16    0,03    0,00    0,01    0,19     -  chrome
Rata-rata:      0     49776    0,00    0,03    0,00    0,01    0,03     -  kworker/u32:0-kvfree_rcu_reclaim
Rata-rata:   1000     76014    0,01    0,00    0,00    0,01    0,01     -  chrome
Rata-rata:   1000     76025    0,01    0,00    0,00    0,00    0,01     -  chrome
Rata-rata:   1000     76063    0,01    0,00    0,00    0,00    0,01     -  chrome
Rata-rata:      0     89647    0,00    0,01    0,00    0,00    0,01     -  kworker/u32:1-ext4-rsv-conversion
Rata-rata:   1000     91682    0,03    0,01    0,00    0,00    0,04     -  ssh
Rata-rata:      0     95637    0,00    0,01    0,00    0,01    0,01     -  kworker/3:0-events
Rata-rata:      0     97806    0,00    0,06    0,00    0,06    0,06     -  kworker/6:2-i915-unordered
Rata-rata:   1000     98039    0,04    0,01    0,00    0,00    0,06     -  antigravity
Rata-rata:      0     98479    0,00    0,01    0,00    0,00    0,01     -  kworker/1:0-events
Rata-rata:      0     98503    0,01    0,00    0,00    0,01    0,01     -  kworker/4:0-mm_percpu_wq
Rata-rata:      0     98834    0,01    0,00    0,00    0,03    0,01     -  kworker/2:0-events
Rata-rata:      0     99361    0,00    0,01    0,00    0,00    0,01     -  kworker/u32:3-flush-8:0
Rata-rata:      0    102135    0,00    0,01    0,00    0,00    0,01     -  kworker/5:1-events
Rata-rata:   1000    102154    0,11    0,31    0,00    0,00    0,43     -  pidstat
Rata-rata:   1000    102186    9,54    0,53    0,00    0,00   10,07     -  java

Rata-rata:    UID       PID  minflt/s  majflt/s     VSZ     RSS   %MEM  Command
Rata-rata:      0       376      3,53      0,00  188968  108436   0,67  systemd-journal
Rata-rata:      0       408      7,07      0,00   37544   10908   0,07  systemd-udevd
Rata-rata:      0       902      0,11      0,00    6792    2752   0,02  cron
Rata-rata:    115       930     27,87      0,00 1762312   26056   0,16  prometheus-node
Rata-rata:    115       933      6,67      0,00 2711492  115095   0,71  prometheus
Rata-rata:      0      1391      1,24      0,00 1421316   92942   0,57  tailscaled
Rata-rata:      0      1423      2,40      0,00 2463900   71113   0,44  containerd
Rata-rata:    114      1526      0,27      0,00  218252   29568   0,18  postgres
Rata-rata:      0      2310      0,03      0,00 3498856  111800   0,69  dockerd
Rata-rata:    117      2312      0,34      0,00 1765566  350004   2,16  grafana
Rata-rata:      0      2975      7,98      0,00 1235352   14026   0,09  containerd-shim
Rata-rata:      0      2976      8,47      0,00 1235608   14759   0,09  containerd-shim
Rata-rata:      0      2977      8,44      0,00 1235352   15345   0,09  containerd-shim
Rata-rata:      0      2981      8,47      0,00 1235608   14573   0,09  containerd-shim
Rata-rata:      0      2982      7,65      0,00 1235608   15003   0,09  containerd-shim
Rata-rata:     70      3117      0,31      0,00  174540   25424   0,16  postgres
Rata-rata:   1000      4570      2,66      0,00  104160   14681   0,09  pipewire
Rata-rata:   1000      4574      2,71      0,00  110852   15397   0,09  pipewire-pulse
Rata-rata:   1000      4707      0,01      0,00  381168    7108   0,04  at-spi-bus-laun
Rata-rata:   1000      4708      4,51      0,00 5454006  346603   2,14  gnome-shell
Rata-rata:   1000      5180      0,01      0,00  308612    7372   0,05  ibus-portal
Rata-rata:   1000      5504      0,01      0,00  778332   19920   0,12  xdg-desktop-por
Rata-rata:      0      5954      0,01      0,00  370300   46692   0,29  fwupd
Rata-rata:   1000      6317     35,43      0,00 1461668528  315083   1,94  antigravity
Rata-rata:   1000      6757     18,26      0,00 34361904  169934   1,05  antigravity
Rata-rata:   1000      6771      0,80      0,00 33903964   81164   0,50  antigravity
Rata-rata:   1000      6820    240,38      0,00 1461418827  661093   4,07  antigravity
Rata-rata:   1000      7161      0,26      0,00 33951332   64332   0,40  antigravity
Rata-rata:   1000      7229     61,66      0,00 1461383544  129342   0,80  antigravity
Rata-rata:   1000      7244    300,21      0,00 1461351324  286890   1,77  antigravity
Rata-rata:   1000      7258      3,56      0,00 1461347760  125823   0,78  antigravity
Rata-rata:   1000      7260     17,19      0,00 1461367100  164015   1,01  antigravity
Rata-rata:   1000      8267      0,03      0,00 4901536  357112   2,20  language_server
Rata-rata:   1000      8356      5,25      0,00 1459530528  100844   0,62  antigravity
Rata-rata:   1000      9291     11,62      0,00 55435272  374426   2,31  chrome
Rata-rata:   1000      9342      2,67      0,00 55467700  213584   1,32  chrome
Rata-rata:   1000      9345      5,55      0,00 54976356  136144   0,84  chrome
Rata-rata:   1000      9359      0,73      0,00 55015792   62536   0,39  chrome
Rata-rata:   1000      9519     25,49      0,00 1518553976  356943   2,20  chrome
Rata-rata:   1000     76014      0,44      0,00 1518513820  343723   2,12  chrome
Rata-rata:   1000     76063      0,27      0,00 55006444   86720   0,53  chrome
Rata-rata:   1000     99008      0,93      0,00    7664    3936   0,02  bash
Rata-rata:   1000    102154      0,61      0,00    6080    5127   0,03  pidstat
Rata-rata:   1000    102155      0,30      0,00    2676    1704   0,01  jmeter
Rata-rata:   1000    102186    406,00      0,00 5161116  212941   1,31  java

Rata-rata:    UID       PID   kB_rd/s   kB_wr/s kB_ccwr/s iodelay  Command
Rata-rata:   1000      4573      0,00      0,06      0,00       0  wireplumber
Rata-rata:   1000      4708      0,00      5,43      0,00       0  gnome-shell
Rata-rata:   1000      6771      0,00      0,11      0,00       0  antigravity
Rata-rata:   1000      7244      0,00      0,63      0,00       0  antigravity
Rata-rata:   1000      9291      0,00      3,03      0,00       0  chrome
Rata-rata:   1000      9345      0,00      2,40      0,00       0  chrome
Rata-rata:   1000     99008      0,00     12,93      5,43       0  bash
Rata-rata:   1000    102154      0,00      1,01      0,00       0  pidstat
Rata-rata:   1000    102186      0,00      1,44      0,00       0  java
