Linux 6.12.94+deb13-amd64 (debian) 	02/07/26 	_x86_64_	(8 CPU)

00:25:38      UID       PID    %usr %system  %guest   %wait    %CPU   CPU  Command
00:25:43        0      1383    0,20    0,00    0,00    0,00    0,20     7  glances
00:25:43        0      1391    0,40    0,00    0,00    0,00    0,40     6  tailscaled
00:25:43        0      1423    0,40    0,20    0,00    0,00    0,60     2  containerd
00:25:43        0      2310    0,40    0,40    0,00    0,00    0,80     0  dockerd
00:25:43      117      2312    0,60    0,40    0,00    0,00    1,00     3  grafana
00:25:43        0      2932    0,40    0,20    0,00    0,00    0,60     5  mount.ntfs-3g
00:25:43        0      2975    0,00    0,20    0,00    0,00    0,20     7  containerd-shim
00:25:43        0      2977    0,20    0,00    0,00    0,00    0,20     7  containerd-shim
00:25:43        0      2981    0,00    0,20    0,00    0,00    0,20     0  containerd-shim
00:25:43        0      2982    0,20    0,20    0,00    0,00    0,40     1  containerd-shim
00:25:43      999      3130    0,40    0,00    0,00    0,00    0,40     5  redis-server
00:25:43     1000      4570    0,00    0,20    0,00    0,00    0,20     3  pipewire
00:25:43     1000      4708    2,19    1,20    0,00    0,00    3,39     6  gnome-shell
00:25:43     1000      6317    1,20    0,20    0,00    0,20    1,39     1  antigravity
00:25:43     1000      6339    0,60    0,00    0,00    0,00    0,60     5  gnome-terminal-
00:25:43     1000      6757    2,39    0,80    0,00    0,20    3,19     3  antigravity
00:25:43     1000      6820   25,10    0,20    0,00    1,79   25,30     4  antigravity
00:25:43     1000      7059    1,59    1,59    0,00    0,20    3,19     1  language_server
00:25:43     1000      7229    0,40    0,20    0,00    0,00    0,60     7  antigravity
00:25:43     1000      7244   15,74    0,80    0,00    0,40   16,53     5  antigravity
00:25:43     1000      7260    2,39    0,00    0,00    0,20    2,39     7  antigravity
00:25:43     1000      8267    1,79    1,20    0,00    0,00    2,99     7  language_server
00:25:43     1000      9291    0,00    0,20    0,00    0,20    0,20     3  chrome
00:25:43     1000      9500    0,20    0,00    0,00    0,00    0,20     5  chrome
00:25:43     1000      9519    0,40    0,00    0,00    0,00    0,40     6  chrome
00:25:43        0     89647    0,00    0,20    0,00    0,00    0,20     5  kworker/u32:1-events_unbound
00:25:43        0     97469    0,20    0,00    0,00    0,00    0,20     5  kworker/5:2-mm_percpu_wq
00:25:43        0     97806    0,00    0,20    0,00    0,20    0,20     6  kworker/6:2-mm_percpu_wq
00:25:43     1000     99075    0,40    0,20    0,00    0,00    0,60     2  pidstat
00:25:43     1000     99107   83,67    4,78    0,00    0,00   88,45     0  java

00:25:38      UID       PID  minflt/s  majflt/s     VSZ     RSS   %MEM  Command
00:25:43        0         1      0,20      0,00   24652   14916   0,09  systemd
00:25:43        0      1391     25,50      0,00 1421316   73100   0,45  tailscaled
00:25:43        0      1423      6,77      0,00 2463900   71304   0,44  containerd
00:25:43        0      2975     13,35      0,00 1235352   13880   0,09  containerd-shim
00:25:43        0      2976     13,15      0,00 1235608   14568   0,09  containerd-shim
00:25:43        0      2977     13,15      0,00 1235352   15176   0,09  containerd-shim
00:25:43        0      2981     16,53      0,00 1235608   14536   0,09  containerd-shim
00:25:43        0      2982     13,55      0,00 1235608   15224   0,09  containerd-shim
00:25:43     1000      4570      0,00      0,00  105040   14772   0,09  pipewire
00:25:43     1000      4574      0,00      0,00  110852   15436   0,10  pipewire-pulse
00:25:43     1000      4708      1,20      0,00 5458756  339944   2,09  gnome-shell
00:25:43     1000      6317     43,03      0,00 1461668528  315008   1,94  antigravity
00:25:43     1000      6757     65,34      0,00 34371148  169664   1,05  antigravity
00:25:43     1000      6771      0,60      0,00 33903964   81164   0,50  antigravity
00:25:43     1000      6820    616,73      0,00 1461419504  659272   4,06  antigravity
00:25:43     1000      7161      0,20      0,00 33951332   64332   0,40  antigravity
00:25:43     1000      7229    101,59      0,00 1461383544  129380   0,80  antigravity
00:25:43     1000      7244   2591,24      0,00 1461351324  379384   2,34  antigravity
00:25:43     1000      7258      2,99      0,00 1461347760  125768   0,77  antigravity
00:25:43     1000      7260     24,90      0,00 1461367100  164312   1,01  antigravity
00:25:43     1000      8356      5,18      0,00 1459530528  100848   0,62  antigravity
00:25:43     1000      8393      0,60      0,00 1459530528   95004   0,59  antigravity
00:25:43     1000      9291     12,95      0,00 55435272  374592   2,31  chrome
00:25:43     1000      9342      2,19      0,00 55467700  213584   1,32  chrome
00:25:43     1000      9345      8,37      0,00 54976356  135800   0,84  chrome
00:25:43     1000      9359      0,60      0,00 55015792   62536   0,39  chrome
00:25:43     1000      9519    358,76      0,00 1518553976  364032   2,24  chrome
00:25:43     1000     76014      0,40      0,00 1518513820  342864   2,11  chrome
00:25:43     1000     76063      0,20      0,00 55006444   86720   0,53  chrome
00:25:43     1000     99008      5,38      0,00    7148    3424   0,02  bash
00:25:43     1000     99075      1,39      0,00    6052    5128   0,03  pidstat
00:25:43     1000     99076      3,78      0,00    2676    1860   0,01  jmeter
00:25:43     1000     99107   5204,58      0,00 3896400  207424   1,28  java
00:25:43     1000     99141     23,71      0,00    5660    2068   0,01  sleep

00:25:38      UID       PID   kB_rd/s   kB_wr/s kB_ccwr/s iodelay  Command
00:25:43     1000      4573      0,00      0,80      0,00       0  wireplumber
00:25:43     1000      7244      0,00      0,80      0,00       0  antigravity
00:25:43     1000      9291      0,00      4,78      0,00       0  chrome
00:25:43     1000     99107      0,00      2,03      0,00       0  java

00:25:43      UID       PID    %usr %system  %guest   %wait    %CPU   CPU  Command
00:25:48      115       933    0,20    0,00    0,00    0,00    0,20     1  prometheus
00:25:48        0      1383    0,20    0,00    0,00    0,00    0,20     7  glances
00:25:48        0      1391    0,00    0,20    0,00    0,00    0,20     7  tailscaled
00:25:48        0      1423    0,20    0,00    0,00    0,00    0,20     2  containerd
00:25:48        0      2310    0,20    0,20    0,00    0,00    0,40     0  dockerd
00:25:48      117      2312    0,20    0,40    0,00    0,00    0,60     3  grafana
00:25:48        0      2932    0,40    0,60    0,00    0,00    1,00     2  mount.ntfs-3g
00:25:48        0      2976    0,20    0,00    0,00    0,00    0,20     6  containerd-shim
00:25:48      999      3130    0,40    0,00    0,00    0,00    0,40     1  redis-server
00:25:48     1000      4708    1,00    0,40    0,00    0,00    1,40     5  gnome-shell
00:25:48     1000      5351    0,00    0,20    0,00    0,00    0,20     3  goa-identity-se
00:25:48     1000      6317    0,20    0,00    0,00    0,00    0,20     2  antigravity
00:25:48     1000      6339    0,60    0,00    0,00    0,00    0,60     0  gnome-terminal-
00:25:48     1000      6757    0,20    0,20    0,00    0,00    0,40     4  antigravity
00:25:48     1000      6820    1,40    0,20    0,00    0,00    1,60     5  antigravity
00:25:48     1000      7059    1,80    1,60    0,00    0,00    3,40     5  language_server
00:25:48     1000      7229    0,00    0,40    0,00    0,00    0,40     5  antigravity
00:25:48     1000      7244    1,40    0,60    0,00    0,00    2,00     3  antigravity
00:25:48     1000      7260    0,40    0,20    0,00    0,00    0,60     0  antigravity
00:25:48     1000      8267    2,20    1,20    0,00    0,00    3,40     7  language_server
00:25:48     1000      8356    0,20    0,00    0,00    0,00    0,20     3  antigravity
00:25:48     1000      9291    0,20    0,00    0,00    0,00    0,20     3  chrome
00:25:48     1000      9390    0,20    0,00    0,00    0,00    0,20     7  chrome
00:25:48     1000      9519    0,20    0,00    0,00    0,00    0,20     1  chrome
00:25:48        0     93905    0,00    0,20    0,00    0,00    0,20     6  kworker/u32:7-events_unbound
00:25:48     1000     99075    0,20    0,20    0,00    0,00    0,40     2  pidstat
00:25:48     1000     99107    0,40    0,00    0,00    0,00    0,40     0  java

00:25:43      UID       PID  minflt/s  majflt/s     VSZ     RSS   %MEM  Command
00:25:48        0      1391     15,60      0,00 1421316   73228   0,45  tailscaled
00:25:48        0      1423     11,20      0,00 2463900   71304   0,44  containerd
00:25:48        0      2975      8,40      0,00 1235352   14008   0,09  containerd-shim
00:25:48        0      2976      9,80      0,00 1235608   14696   0,09  containerd-shim
00:25:48        0      2977      9,80      0,00 1235352   15432   0,10  containerd-shim
00:25:48        0      2981     10,00      0,00 1235608   14792   0,09  containerd-shim
00:25:48        0      2982      6,20      0,00 1235608   15224   0,09  containerd-shim
00:25:48     1000      4570      0,00      0,00  104092   14772   0,09  pipewire
00:25:48     1000      4708      7,00      0,00 5458756  339784   2,09  gnome-shell
00:25:48     1000      6317     37,00      0,00 1461668528  314992   1,94  antigravity
00:25:48     1000      6757      8,60      0,00 34368908  169792   1,05  antigravity
00:25:48     1000      6771      1,20      0,00 33903964   81164   0,50  antigravity
00:25:48     1000      6820    175,40      0,00 1461417264  659808   4,06  antigravity
00:25:48     1000      7161      0,20      0,00 33951332   64332   0,40  antigravity
00:25:48     1000      7229    138,00      0,00 1461383544  129508   0,80  antigravity
00:25:48     1000      7244    280,40      0,00 1461351324  379228   2,34  antigravity
00:25:48     1000      7258      3,00      0,00 1461347760  125768   0,77  antigravity
00:25:48     1000      7260     18,40      0,00 1461367100  164420   1,01  antigravity
00:25:48     1000      8356      5,00      0,00 1459530528  100848   0,62  antigravity
00:25:48     1000      9291     14,60      0,00 55435272  374592   2,31  chrome
00:25:48     1000      9342      2,20      0,00 55467700  213584   1,32  chrome
00:25:48     1000      9345      4,80      0,00 54976356  135800   0,84  chrome
00:25:48     1000      9359      0,60      0,00 55015792   62536   0,39  chrome
00:25:48     1000     76014      0,80      0,00 1518513820  342992   2,11  chrome
00:25:48     1000     76063      0,20      0,00 55006444   86720   0,53  chrome
00:25:48     1000     99075      0,40      0,00    6052    5128   0,03  pidstat
00:25:48     1000     99107      8,80      0,00 3896400  207680   1,28  java

00:25:43      UID       PID   kB_rd/s   kB_wr/s kB_ccwr/s iodelay  Command
00:25:48     1000      9291      0,00      0,80      0,00       0  chrome
00:25:48     1000     99075      0,00      1,18      0,00       0  pidstat

00:25:48      UID       PID    %usr %system  %guest   %wait    %CPU   CPU  Command
00:25:53        0         1    0,60    0,00    0,00    0,00    0,60     4  systemd
00:25:53        0        17    0,00    0,20    0,00    0,20    0,20     0  rcu_preempt
00:25:53        0       408    0,20    0,00    0,00    0,40    0,20     3  systemd-udevd
00:25:53      990       903    1,20    0,20    0,00    0,00    1,40     1  dbus-daemon
00:25:53      115       930    1,20    0,60    0,00    0,00    1,80     7  prometheus-node
00:25:53      115       933    0,20    0,00    0,00    0,00    0,20     1  prometheus
00:25:53        0       943    0,20    0,00    0,00    0,00    0,20     0  udisksd
00:25:53        0      1079    0,20    0,00    0,00    0,00    0,20     6  NetworkManager
00:25:53        0      1391    0,40    0,20    0,00    0,00    0,60     3  tailscaled
00:25:53        0      1423    1,00    0,20    0,00    0,00    1,20     2  containerd
00:25:53        0      2310    0,20    1,00    0,00    0,00    1,20     0  dockerd
00:25:53      117      2312    0,60    0,40    0,00    0,00    1,00     3  grafana
00:25:53        0      2932    0,20    0,20    0,00    0,00    0,40     4  mount.ntfs-3g
00:25:53        0      2977    0,20    0,00    0,00    0,00    0,20     7  containerd-shim
00:25:53      999      3130    0,40    0,00    0,00    0,00    0,40     1  redis-server
00:25:53     1000      4549    0,20    0,00    0,00    0,00    0,20     5  systemd
00:25:53     1000      4569    0,20    0,20    0,00    0,00    0,40     1  dbus-daemon
00:25:53     1000      4708    1,00    0,40    0,00    0,20    1,40     5  gnome-shell
00:25:53     1000      5021    0,20    0,00    0,00    0,00    0,20     7  gsd-housekeepin
00:25:53     1000      5043    0,20    0,00    0,00    0,00    0,20     0  gnome-software
00:25:53     1000      5050    0,00    0,20    0,00    0,20    0,20     0  gsd-rfkill
00:25:53     1000      5268    0,00    0,20    0,00    0,00    0,20     1  gvfs-udisks2-vo
00:25:53        0      5954    0,20    0,00    0,00    0,00    0,20     3  fwupd
00:25:53     1000      6317    0,20    0,20    0,00    0,00    0,40     6  antigravity
00:25:53     1000      6339    0,40    0,00    0,00    0,00    0,40     0  gnome-terminal-
00:25:53     1000      6757    0,20    0,00    0,00    0,00    0,20     4  antigravity
00:25:53     1000      6820    0,80    0,40    0,00    0,00    1,20     2  antigravity
00:25:53     1000      7059    1,80    1,40    0,00    0,00    3,20     5  language_server
00:25:53     1000      7229    0,20    0,00    0,00    0,00    0,20     7  antigravity
00:25:53     1000      7244    1,80    0,40    0,00    0,00    2,20     3  antigravity
00:25:53     1000      7260    0,40    0,20    0,00    0,00    0,60     5  antigravity
00:25:53     1000      8267    2,20    0,60    0,00    0,00    2,80     7  language_server
00:25:53     1000      9291    0,20    0,20    0,00    0,00    0,40     3  chrome
00:25:53     1000      9345    0,00    0,20    0,00    0,00    0,20     2  chrome
00:25:53     1000      9519    0,20    0,00    0,00   16,60    0,20     1  chrome
00:25:53        0     92575    0,20    0,00    0,00    0,00    0,20     0  kworker/0:2-events
00:25:53        0     97806    0,00    0,20    0,00    0,00    0,20     6  kworker/6:2-i915-unordered
00:25:53     1000     98039    0,20    0,00    0,00    0,00    0,20     0  antigravity
00:25:53        0     98267    0,20    0,00    0,00    0,00    0,20     3  kworker/3:2-cgroup_free
00:25:53     1000     99075    0,00    0,40    0,00    0,00    0,40     2  pidstat
00:25:53     1000     99107    0,40    0,00    0,00    0,00    0,40     0  java

00:25:48      UID       PID  minflt/s  majflt/s     VSZ     RSS   %MEM  Command
00:25:53        0       376     46,00      0,00  188836  108308   0,67  systemd-journal
00:25:53        0       408     97,40      0,00   37544   10908   0,07  systemd-udevd
00:25:53      115       930     75,40      0,00 1762312   25724   0,16  prometheus-node
00:25:53        0      1391     28,20      0,00 1421316   73724   0,45  tailscaled
00:25:53        0      1423     16,40      0,00 2463900   71688   0,44  containerd
00:25:53        0      2310      0,00      0,00 3425124  111652   0,69  dockerd
00:25:53        0      2975      3,80      0,00 1235352   14136   0,09  containerd-shim
00:25:53        0      2976      3,00      0,00 1235608   14824   0,09  containerd-shim
00:25:53        0      2977      2,00      0,00 1235352   15432   0,10  containerd-shim
00:25:53        0      2981      2,60      0,00 1235608   14920   0,09  containerd-shim
00:25:53     1000      4708      3,60      0,00 5458756  339784   2,09  gnome-shell
00:25:53        0      5954      0,40      0,00  370168   46564   0,29  fwupd
00:25:53     1000      6317     33,80      0,00 1461668528  315504   1,94  antigravity
00:25:53     1000      6757     23,80      0,00 34363660  169908   1,05  antigravity
00:25:53     1000      6771      0,60      0,00 33903964   81164   0,50  antigravity
00:25:53     1000      6820    186,40      0,00 1461419440  661528   4,08  antigravity
00:25:53     1000      7161      0,40      0,00 33951332   64332   0,40  antigravity
00:25:53     1000      7229      8,60      0,00 1461383544  129508   0,80  antigravity
00:25:53     1000      7244    325,20      0,00 1461351324  379076   2,34  antigravity
00:25:53     1000      7258      3,20      0,00 1461347760  125768   0,77  antigravity
00:25:53     1000      7260     19,20      0,00 1461367100  164240   1,01  antigravity
00:25:53     1000      8356      5,40      0,00 1459530528  100848   0,62  antigravity
00:25:53     1000      9291      8,60      0,00 55435272  374592   2,31  chrome
00:25:53     1000      9342      2,20      0,00 55467700  213584   1,32  chrome
00:25:53     1000      9345      3,80      0,00 54976356  135800   0,84  chrome
00:25:53     1000      9359      1,20      0,00 55015792   62536   0,39  chrome
00:25:53     1000     76063      0,40      0,00 55006444   86720   0,53  chrome
00:25:53     1000     99107     12,20      0,00 3896400  207936   1,28  java
00:25:53        0     99241     55,80      0,00   37548    7188   0,04  (udev-worker)
00:25:53        0     99254     28,60      0,00   37548    6784   0,04  (udev-worker)
00:25:53        0     99256     26,80      0,00   37548    6784   0,04  (udev-worker)
00:25:53        0     99257     64,00      0,00   37548    7060   0,04  (udev-worker)
00:25:53        0     99260     28,00      0,00   37548    6784   0,04  (udev-worker)
00:25:53        0     99261     28,40      0,00   37548    6784   0,04  (udev-worker)
00:25:53        0     99262     28,60      0,00   37548    6784   0,04  (udev-worker)
00:25:53        0     99263     28,20      0,00   37548    6784   0,04  (udev-worker)
00:25:53        0     99264     28,40      0,00   37548    6784   0,04  (udev-worker)
00:25:53        0     99265     28,40      0,00   37548    6784   0,04  (udev-worker)
00:25:53        0     99267     37,80      0,00   37548    6784   0,04  (udev-worker)
00:25:53        0     99268     27,80      0,00   37548    6784   0,04  (udev-worker)
00:25:53        0     99270     28,80      0,00   37548    6784   0,04  (udev-worker)
00:25:53        0     99271     27,60      0,00   37548    6784   0,04  (udev-worker)
00:25:53        0     99272     28,20      0,00   37548    6784   0,04  (udev-worker)
00:25:53        0     99273     27,40      0,00   37548    6784   0,04  (udev-worker)

00:25:48      UID       PID   kB_rd/s   kB_wr/s kB_ccwr/s iodelay  Command
00:25:53     1000      9291      0,00      4,80      0,00       0  chrome
00:25:53     1000     99075      0,00      0,98      0,00       0  pidstat
00:25:53     1000     99107      0,00      0,03      0,00       0  java

00:25:53      UID       PID    %usr %system  %guest   %wait    %CPU   CPU  Command
00:25:58        0        57    0,00    0,20    0,00    0,00    0,20     6  ksoftirqd/6
00:25:58        0       120    0,00    0,20    0,00    0,00    0,20     1  kworker/u33:0-i915_flip
00:25:58        0      1383    0,20    0,00    0,00    0,00    0,20     7  glances
00:25:58        0      1423    0,40    0,00    0,00    0,00    0,40     2  containerd
00:25:58        0      2310    0,40    0,20    0,00    0,00    0,60     0  dockerd
00:25:58      117      2312    0,40    0,40    0,00    0,00    0,80     3  grafana
00:25:58        0      2932    0,40    0,60    0,00    0,00    1,00     7  mount.ntfs-3g
00:25:58        0      2975    0,00    0,20    0,00    0,00    0,20     7  containerd-shim
00:25:58        0      2976    0,00    0,20    0,00    0,00    0,20     6  containerd-shim
00:25:58        0      2981    0,20    0,00    0,00    0,00    0,20     0  containerd-shim
00:25:58        0      2982    0,00    0,20    0,00    0,00    0,20     1  containerd-shim
00:25:58      999      3130    0,40    0,00    0,00    0,00    0,40     5  redis-server
00:25:58     1000      4570    0,20    0,20    0,00    0,00    0,40     3  pipewire
00:25:58     1000      4573    0,40    0,00    0,00    0,00    0,40     6  wireplumber
00:25:58     1000      4574    0,20    0,00    0,00    0,00    0,20     4  pipewire-pulse
00:25:58     1000      4708    5,80    1,60    0,00    0,00    7,40     7  gnome-shell
00:25:58     1000      5107    0,00    0,20    0,00    0,00    0,20     3  anydesk
00:25:58     1000      5504    0,00    0,20    0,00    0,00    0,20     2  xdg-desktop-por
00:25:58     1000      6317    0,40    0,20    0,00    0,00    0,60     2  antigravity
00:25:58     1000      6339    0,60    0,00    0,00    0,00    0,60     1  gnome-terminal-
00:25:58     1000      6757    1,00    0,20    0,00    0,00    1,20     5  antigravity
00:25:58     1000      6820    5,60    0,40    0,00    0,00    6,00     6  antigravity
00:25:58     1000      7059    1,40    1,80    0,00    0,00    3,20     1  language_server
00:25:58     1000      7229    0,40    0,00    0,00    0,00    0,40     7  antigravity
00:25:58     1000      7244    1,40    0,40    0,00    0,00    1,80     1  antigravity
00:25:58     1000      7260    0,80    0,20    0,00    0,00    1,00     6  antigravity
00:25:58     1000      8267    2,60    1,20    0,00    0,00    3,80     7  language_server
00:25:58     1000      8356    0,20    0,00    0,00    0,00    0,20     7  antigravity
00:25:58     1000     91682    0,20    0,00    0,00    0,00    0,20     4  ssh
00:25:58        0     98479    0,00    0,20    0,00    0,00    0,20     1  kworker/1:0-events
00:25:58     1000     99075    0,20    0,40    0,00    0,00    0,60     3  pidstat
00:25:58     1000     99107    0,60    0,00    0,00    0,00    0,60     0  java

00:25:53      UID       PID  minflt/s  majflt/s     VSZ     RSS   %MEM  Command
00:25:58        0       408      1,60      0,00   37544   10908   0,07  systemd-udevd
00:25:58        0      1391      0,20      0,00 1421316   73724   0,45  tailscaled
00:25:58        0      2975      8,00      0,00 1235352   14124   0,09  containerd-shim
00:25:58        0      2976      4,00      0,00 1235608   14808   0,09  containerd-shim
00:25:58        0      2977      0,60      0,00 1235352   15432   0,10  containerd-shim
00:25:58        0      2981      5,60      0,00 1235608   14892   0,09  containerd-shim
00:25:58        0      2982      3,60      0,00 1235608   15224   0,09  containerd-shim
00:25:58     1000      4570     37,40      0,00  105040   14828   0,09  pipewire
00:25:58     1000      4574     38,00      0,00  110852   15656   0,10  pipewire-pulse
00:25:58     1000      4708     21,40      0,00 5458756  339656   2,09  gnome-shell
00:25:58     1000      5504      0,20      0,00  778332   19920   0,12  xdg-desktop-por
00:25:58     1000      6317     34,60      0,00 1461668528  315444   1,94  antigravity
00:25:58     1000      6757     46,20      0,00 34371428  169992   1,05  antigravity
00:25:58     1000      6771      0,60      0,00 33903964   81164   0,50  antigravity
00:25:58     1000      6820    388,00      0,00 1461417264  665960   4,10  antigravity
00:25:58     1000      7161      0,20      0,00 33951332   64332   0,40  antigravity
00:25:58     1000      7229     97,80      0,00 1461383544  129508   0,80  antigravity
00:25:58     1000      7244    249,60      0,00 1461351324  379184   2,34  antigravity
00:25:58     1000      7258      5,40      0,00 1461347760  125768   0,77  antigravity
00:25:58     1000      7260     15,60      0,00 1461367100  164220   1,01  antigravity
00:25:58     1000      8356      5,20      0,00 1459530528  100848   0,62  antigravity
00:25:58     1000      9291     11,20      0,00 55435272  374428   2,31  chrome
00:25:58     1000      9342      4,40      0,00 55467700  213584   1,32  chrome
00:25:58     1000      9345      8,00      0,00 54976356  135800   0,84  chrome
00:25:58     1000      9359      0,60      0,00 55015792   62536   0,39  chrome
00:25:58     1000     76014      0,40      0,00 1518513820  342992   2,11  chrome
00:25:58     1000     76063      0,20      0,00 55006444   86720   0,53  chrome
00:25:58     1000     99008      6,20      0,00    7148    3424   0,02  bash
00:25:58     1000     99075      8,80      0,00    6316    5256   0,03  pidstat
00:25:58     1000     99107      2,60      0,00 3896400  207936   1,28  java

00:25:53      UID       PID   kB_rd/s   kB_wr/s kB_ccwr/s iodelay  Command
00:25:58     1000      4573      0,00      0,80      0,00       0  wireplumber
00:25:58     1000      4708      0,00     77,60      0,00       0  gnome-shell
00:25:58     1000      7244      0,00      1,60      0,00       0  antigravity
00:25:58     1000      9291      0,00      4,00      0,00       0  chrome
00:25:58     1000     99008      0,00    182,40     77,60       0  bash
00:25:58     1000     99075      0,00      1,52      0,00       0  pidstat

00:25:58      UID       PID    %usr %system  %guest   %wait    %CPU   CPU  Command
00:26:03      115       933    0,20    0,00    0,00    0,00    0,20     1  prometheus
00:26:03        0      1383    0,20    0,00    0,00    0,00    0,20     7  glances
00:26:03        0      1391    0,20    0,20    0,00    0,00    0,40     3  tailscaled
00:26:03        0      1423    0,20    0,20    0,00    0,00    0,40     2  containerd
00:26:03        0      2310    0,20    0,20    0,00    0,00    0,40     0  dockerd
00:26:03      117      2312    0,60    0,40    0,00    0,00    1,00     3  grafana
00:26:03        0      2932    0,40    0,60    0,00    0,00    1,00     2  mount.ntfs-3g
00:26:03        0      2976    0,20    0,00    0,00    0,00    0,20     6  containerd-shim
00:26:03        0      2977    0,20    0,00    0,00    0,00    0,20     7  containerd-shim
00:26:03        0      2981    0,00    0,20    0,00    0,00    0,20     0  containerd-shim
00:26:03      999      3130    0,60    0,00    0,00    0,00    0,60     5  redis-server
00:26:03     1000      4570    0,00    0,20    0,00    0,00    0,20     3  pipewire
00:26:03     1000      4708    1,20    0,40    0,00    0,00    1,60     2  gnome-shell
00:26:03     1000      5364    0,00    0,20    0,00    0,00    0,20     0  gvfs-afc-volume
00:26:03     1000      6317    0,20    0,20    0,00    0,00    0,40     2  antigravity
00:26:03     1000      6339    1,00    0,00    0,00    0,00    1,00     1  gnome-terminal-
00:26:03     1000      6757    0,40    0,20    0,00    0,00    0,60     2  antigravity
00:26:03     1000      6820    2,00    0,40    0,00    0,00    2,40     1  antigravity
00:26:03     1000      7059    2,40    1,00    0,00    0,20    3,40     5  language_server
00:26:03     1000      7229    0,00    0,40    0,00    0,00    0,40     1  antigravity
00:26:03     1000      7244    1,40    0,60    0,00    0,00    2,00     7  antigravity
00:26:03     1000      7260    0,60    0,00    0,00    0,00    0,60     7  antigravity
00:26:03     1000      8267    1,60    1,40    0,00    0,00    3,00     7  language_server
00:26:03     1000      9291    0,20    0,00    0,00    0,00    0,20     0  chrome
00:26:03     1000      9519    0,00    0,20    0,00    0,00    0,20     6  chrome
00:26:03        0     95637    0,00    0,20    0,00    0,00    0,20     3  kworker/3:0-events
00:26:03     1000     99075    0,20    0,20    0,00    0,00    0,40     2  pidstat
00:26:03     1000     99107    0,40    0,00    0,00    0,00    0,40     0  java

00:25:58      UID       PID  minflt/s  majflt/s     VSZ     RSS   %MEM  Command
00:26:03        0       902      0,40      0,00    6792    2752   0,02  cron
00:26:03      115       933     32,40      0,00 2711492  113448   0,70  prometheus
00:26:03        0      2975      5,80      0,00 1235352   13492   0,08  containerd-shim
00:26:03        0      2976     10,20      0,00 1235608   14376   0,09  containerd-shim
00:26:03        0      2977      9,80      0,00 1235352   14772   0,09  containerd-shim
00:26:03        0      2981      7,20      0,00 1235608   14208   0,09  containerd-shim
00:26:03        0      2982     11,20      0,00 1235608   14788   0,09  containerd-shim
00:26:03     1000      4570      0,00      0,00  104092   14828   0,09  pipewire
00:26:03     1000      4708      0,80      0,00 5458628  339656   2,09  gnome-shell
00:26:03     1000      6317     36,00      0,00 1461668528  314944   1,94  antigravity
00:26:03     1000      6757     11,60      0,00 34371020  169760   1,05  antigravity
00:26:03     1000      6771      0,60      0,00 33903964   81164   0,50  antigravity
00:26:03     1000      6820    267,20      0,00 1461419440  667228   4,11  antigravity
00:26:03     1000      7161      0,20      0,00 33951332   64332   0,40  antigravity
00:26:03     1000      7229    124,60      0,00 1461383544  129368   0,80  antigravity
00:26:03     1000      7244    249,60      0,00 1461351324  379528   2,34  antigravity
00:26:03     1000      7258      3,40      0,00 1461347760  125768   0,77  antigravity
00:26:03     1000      7260     21,80      0,00 1461367100  164272   1,01  antigravity
00:26:03     1000      8356      5,60      0,00 1459530528  100848   0,62  antigravity
00:26:03     1000      9291      2,00      0,00 55435272  374428   2,31  chrome
00:26:03     1000      9342      2,20      0,00 55467700  213584   1,32  chrome
00:26:03     1000      9345      4,00      0,00 54976356  135800   0,84  chrome
00:26:03     1000      9359      0,60      0,00 55015792   62536   0,39  chrome
00:26:03     1000      9519      0,00      0,00 1518553976  354444   2,18  chrome
00:26:03     1000     76014      0,60      0,00 1518513820  342992   2,11  chrome
00:26:03     1000     76063      0,20      0,00 55006444   86720   0,53  chrome
00:26:03     1000     99107      6,40      0,00 3896400  207936   1,28  java

00:25:58      UID       PID   kB_rd/s   kB_wr/s kB_ccwr/s iodelay  Command
00:26:03     1000      9291      0,00      4,80      0,00       0  chrome
00:26:03     1000     99075      0,00      1,18      0,00       0  pidstat
00:26:03     1000     99107      0,00      0,03      0,00       0  java

00:26:03      UID       PID    %usr %system  %guest   %wait    %CPU   CPU  Command
00:26:08        0         1    0,20    0,00    0,00    0,00    0,20     3  systemd
00:26:08        0        86    0,00    0,20    0,00    0,00    0,20     1  irq/9-acpi
00:26:08      990       903    0,60    0,00    0,00    0,00    0,60     1  dbus-daemon
00:26:08      115       930    1,40    0,00    0,00    0,00    1,40     7  prometheus-node
00:26:08      115       933    0,20    0,00    0,00    0,00    0,20     1  prometheus
00:26:08        0      1423    0,00    0,40    0,00    0,00    0,40     2  containerd
00:26:08      111      1503    0,00    0,20    0,00    0,00    0,20     7  mariadbd
00:26:08        0      2310    0,60    0,20    0,00    0,00    0,80     0  dockerd
00:26:08      117      2312    0,80    0,40    0,00    0,00    1,20     3  grafana
00:26:08        0      2932    0,00    0,40    0,00    0,00    0,40     1  mount.ntfs-3g
00:26:08        0      2975    0,20    0,20    0,00    0,00    0,40     7  containerd-shim
00:26:08        0      2982    0,20    0,00    0,00    0,00    0,20     1  containerd-shim
00:26:08      999      3130    0,20    0,20    0,00    0,00    0,40     5  redis-server
00:26:08     1000      4708    0,80    0,40    0,00    0,00    1,20     2  gnome-shell
00:26:08     1000      6317    0,20    0,20    0,00    0,00    0,40     1  antigravity
00:26:08     1000      6339    0,40    0,00    0,00    0,00    0,40     0  gnome-terminal-
00:26:08     1000      6757    0,20    0,00    0,00    0,00    0,20     3  antigravity
00:26:08     1000      6820   13,20    0,20    0,00    0,00   13,40     6  antigravity
00:26:08     1000      7059    1,80    1,60    0,00    0,20    3,40     0  language_server
00:26:08     1000      7229    0,20    0,00    0,00    0,20    0,20     7  antigravity
00:26:08     1000      7244    1,40    0,60    0,00    0,00    2,00     4  antigravity
00:26:08     1000      7260    0,40    0,00    0,00    0,00    0,40     0  antigravity
00:26:08     1000      8267    1,60    1,60    0,00    0,00    3,20     7  language_server
00:26:08     1000      8356    0,20    0,00    0,00    0,00    0,20     3  antigravity
00:26:08     1000      8393    0,20    0,00    0,00    0,00    0,20     5  antigravity
00:26:08     1000      9291    0,20    0,00    0,00    0,00    0,20     3  chrome
00:26:08     1000      9519    0,20    0,00    0,00    0,00    0,20     1  chrome
00:26:08        0     78088    0,00    0,20    0,00    0,00    0,20     1  kworker/u32:6-flush-8:0
00:26:08        0     97830    0,20    0,00    0,00    0,00    0,20     7  kworker/7:0-events
00:26:08     1000     99075    0,00    0,40    0,00    0,00    0,40     7  pidstat
00:26:08     1000     99107    0,60    0,20    0,00    0,00    0,80     0  java

00:26:03      UID       PID  minflt/s  majflt/s     VSZ     RSS   %MEM  Command
00:26:08      115       930     58,20      0,00 1762312   25488   0,16  prometheus-node
00:26:08        0      1423      0,20      0,00 2463900   70580   0,43  containerd
00:26:08      117      2312      2,40      0,00 1765300  349640   2,15  grafana
00:26:08        0      2975     12,60      0,00 1235352   13620   0,08  containerd-shim
00:26:08        0      2976     11,20      0,00 1235608   14504   0,09  containerd-shim
00:26:08        0      2977     11,40      0,00 1235352   14900   0,09  containerd-shim
00:26:08        0      2981     10,60      0,00 1235608   14464   0,09  containerd-shim
00:26:08        0      2982     11,60      0,00 1235608   15044   0,09  containerd-shim
00:26:08     1000      4708      6,00      0,00 5458564  339428   2,09  gnome-shell
00:26:08     1000      6317     37,60      0,00 1461668528  314876   1,94  antigravity
00:26:08     1000      6757      6,60      0,00 34363660  169888   1,05  antigravity
00:26:08     1000      6771      1,20      0,00 33903964   81164   0,50  antigravity
00:26:08     1000      6820    307,60      0,00 1461419440  656088   4,04  antigravity
00:26:08     1000      7161      0,20      0,00 33951332   64332   0,40  antigravity
00:26:08     1000      7229      6,40      0,00 1461383544  129232   0,80  antigravity
00:26:08     1000      7244    471,40      0,00 1461351324  377656   2,33  antigravity
00:26:08     1000      7258      2,60      0,00 1461347760  125768   0,77  antigravity
00:26:08     1000      7260     18,80      0,00 1461367100  164264   1,01  antigravity
00:26:08     1000      8356      5,20      0,00 1459530528  100848   0,62  antigravity
00:26:08     1000      9291     15,60      0,00 55435272  374428   2,31  chrome
00:26:08     1000      9342      2,20      0,00 55467700  213584   1,32  chrome
00:26:08     1000      9345      4,80      0,00 54976356  135800   0,84  chrome
00:26:08     1000      9359      0,60      0,00 55015792   62536   0,39  chrome
00:26:08     1000     76014      0,20      0,00 1518513820  342992   2,11  chrome
00:26:08     1000     76063      0,20      0,00 55006444   86720   0,53  chrome
00:26:08     1000     99107      2,20      0,00 3896400  208064   1,28  java

00:26:03      UID       PID   kB_rd/s   kB_wr/s kB_ccwr/s iodelay  Command
00:26:08     1000      9291      0,00      4,80      0,00       0  chrome
00:26:08     1000     99075      0,00      1,01      0,00       0  pidstat

00:26:08      UID       PID    %usr %system  %guest   %wait    %CPU   CPU  Command
00:26:13        0       120    0,00    0,20    0,00    0,00    0,20     6  kworker/u33:0-i915_flip
00:26:13        0      1383    0,20    0,00    0,00    0,00    0,20     7  glances
00:26:13        0      1423    0,20    0,20    0,00    0,00    0,40     2  containerd
00:26:13        0      2310    0,20    0,40    0,00    0,00    0,60     0  dockerd
00:26:13      117      2312    0,40    0,60    0,00    0,00    1,00     3  grafana
00:26:13        0      2932    0,60    0,20    0,00    0,00    0,80     0  mount.ntfs-3g
00:26:13        0      2976    0,00    0,20    0,00    0,00    0,20     6  containerd-shim
00:26:13        0      2981    0,20    0,00    0,00    0,00    0,20     0  containerd-shim
00:26:13        0      2982    0,00    0,20    0,00    0,00    0,20     1  containerd-shim
00:26:13      999      3130    0,40    0,00    0,00    0,00    0,40     5  redis-server
00:26:13     1000      4708    0,80    0,20    0,00    0,00    1,00     5  gnome-shell
00:26:13     1000      6317    0,20    0,00    0,00    0,00    0,20     1  antigravity
00:26:13     1000      6339    0,80    0,00    0,00    0,00    0,80     1  gnome-terminal-
00:26:13     1000      6757    0,20    0,00    0,00    0,00    0,20     4  antigravity
00:26:13     1000      6820    1,00    0,20    0,00    0,00    1,20     5  antigravity
00:26:13     1000      7059    1,80    1,80    0,00    0,00    3,60     4  language_server
00:26:13     1000      7229    0,20    0,20    0,00    0,00    0,40     0  antigravity
00:26:13     1000      7244    1,40    0,40    0,00    0,00    1,80     2  antigravity
00:26:13     1000      7260    0,60    0,00    0,00    0,00    0,60     3  antigravity
00:26:13     1000      8267    2,00    1,20    0,00    0,00    3,20     7  language_server
00:26:13     1000      8356    0,20    0,00    0,00    0,00    0,20     7  antigravity
00:26:13     1000      9291    0,00    0,20    0,00    0,00    0,20     3  chrome
00:26:13     1000      9345    0,20    0,00    0,00    0,00    0,20     7  chrome
00:26:13     1000      9519    0,20    0,00    0,00    0,00    0,20     2  chrome
00:26:13     1000     76063    0,20    0,00    0,00    0,00    0,20     5  chrome
00:26:13     1000     91682    0,00    0,20    0,00    0,00    0,20     3  ssh
00:26:13        0     93905    0,00    0,20    0,00    0,00    0,20     2  kworker/u32:7-events_unbound
00:26:13        0     97806    0,00    0,20    0,00    0,00    0,20     6  kworker/6:2-i915-unordered
00:26:13     1000     98039    0,20    0,00    0,00    0,00    0,20     6  antigravity
00:26:13     1000     99075    0,20    0,20    0,00    0,00    0,40     0  pidstat
00:26:13     1000     99107    0,80    0,00    0,00    0,00    0,80     0  java

00:26:08      UID       PID  minflt/s  majflt/s     VSZ     RSS   %MEM  Command
00:26:13      115       933     32,40      0,00 2711492  114088   0,70  prometheus
00:26:13      114      1526      3,80      0,00  218252   29568   0,18  postgres
00:26:13        0      2975     13,60      0,00 1235352   13876   0,09  containerd-shim
00:26:13        0      2976     13,60      0,00 1235608   14888   0,09  containerd-shim
00:26:13        0      2977     13,20      0,00 1235352   15284   0,09  containerd-shim
00:26:13        0      2981     17,00      0,00 1235608   14848   0,09  containerd-shim
00:26:13        0      2982     13,20      0,00 1235608   15172   0,09  containerd-shim
00:26:13     1000      4708      0,60      0,00 5458564  339428   2,09  gnome-shell
00:26:13     1000      6317     33,40      0,00 1461668528  315388   1,94  antigravity
00:26:13     1000      6757     24,60      0,00 34363660  170272   1,05  antigravity
00:26:13     1000      6771      0,60      0,00 33903964   81164   0,50  antigravity
00:26:13     1000      6820    125,80      0,00 1461419440  657624   4,05  antigravity
00:26:13     1000      7161      0,40      0,00 33951332   64332   0,40  antigravity
00:26:13     1000      7229      3,20      0,00 1461383544  129360   0,80  antigravity
00:26:13     1000      7244    330,20      0,00 1461351324  377648   2,33  antigravity
00:26:13     1000      7258      2,80      0,00 1461347760  125768   0,77  antigravity
00:26:13     1000      7260     19,00      0,00 1461367100  164372   1,01  antigravity
00:26:13     1000      8356      5,40      0,00 1459530528  100848   0,62  antigravity
00:26:13     1000      9291     10,80      0,00 55435272  374428   2,31  chrome
00:26:13     1000      9342      2,20      0,00 55467700  213584   1,32  chrome
00:26:13     1000      9345      5,40      0,00 54976356  135928   0,84  chrome
00:26:13     1000      9359      1,20      0,00 55015792   62536   0,39  chrome
00:26:13     1000     76014      6,40      0,00 1518513820  343120   2,11  chrome
00:26:13     1000     76063      0,40      0,00 55006444   86720   0,53  chrome
00:26:13     1000     99107      8,60      0,00 3896400  208064   1,28  java

00:26:08      UID       PID   kB_rd/s   kB_wr/s kB_ccwr/s iodelay  Command
00:26:13     1000      9345      0,00     20,00      0,00       0  chrome
00:26:13     1000     99075      0,00      1,03      0,00       0  pidstat

00:26:13      UID       PID    %usr %system  %guest   %wait    %CPU   CPU  Command
00:26:18      115       933    0,20    0,00    0,00    0,00    0,20     1  prometheus
00:26:18        0      1391    0,00    0,20    0,00    0,00    0,20     3  tailscaled
00:26:18        0      1423    0,00    0,40    0,00    0,00    0,40     2  containerd
00:26:18        0      2310    0,40    0,00    0,00    0,00    0,40     0  dockerd
00:26:18      117      2312    1,60    0,20    0,00    0,00    1,80     3  grafana
00:26:18        0      2932    0,40    0,20    0,00    0,00    0,60     3  mount.ntfs-3g
00:26:18        0      2977    0,00    0,20    0,00    0,00    0,20     7  containerd-shim
00:26:18        0      2981    0,00    0,20    0,00    0,00    0,20     0  containerd-shim
00:26:18      999      3130    0,40    0,20    0,00    0,00    0,60     7  redis-server
00:26:18     1000      4708    1,00    0,40    0,00    0,00    1,40     4  gnome-shell
00:26:18     1000      6317    0,00    0,20    0,00    0,00    0,20     1  antigravity
00:26:18     1000      6339    0,40    0,00    0,00    0,00    0,40     0  gnome-terminal-
00:26:18     1000      6820    1,40    0,00    0,00    0,00    1,40     5  antigravity
00:26:18     1000      7059    2,00    1,40    0,00    0,00    3,40     7  language_server
00:26:18     1000      7229    0,00    0,20    0,00    0,00    0,20     7  antigravity
00:26:18     1000      7244    1,00    1,00    0,00    0,00    2,00     1  antigravity
00:26:18     1000      7260    0,20    0,20    0,00    0,00    0,40     0  antigravity
00:26:18     1000      8267    1,60    1,80    0,00    0,00    3,40     7  language_server
00:26:18     1000      8356    0,00    0,20    0,00    0,00    0,20     3  antigravity
00:26:18     1000      9291    0,20    0,00    0,00    0,00    0,20     7  chrome
00:26:18     1000      9519    0,20    0,00    0,00    0,00    0,20     5  chrome
00:26:18     1000     76014    0,20    0,00    0,00    0,00    0,20     3  chrome
00:26:18     1000     99075    0,20    0,20    0,00    0,00    0,40     7  pidstat
00:26:18     1000     99107    0,20    0,00    0,00    0,00    0,20     0  java

00:26:13      UID       PID  minflt/s  majflt/s     VSZ     RSS   %MEM  Command
00:26:18        0      2975      9,20      0,00 1235352   14004   0,09  containerd-shim
00:26:18        0      2976      0,20      0,00 1235608   14888   0,09  containerd-shim
00:26:18        0      2977      4,00      0,00 1235352   15284   0,09  containerd-shim
00:26:18        0      2981      5,60      0,00 1235608   14848   0,09  containerd-shim
00:26:18        0      2982      2,40      0,00 1235608   15172   0,09  containerd-shim
00:26:18     1000      4708      6,60      0,00 5458564  339300   2,09  gnome-shell
00:26:18     1000      6317     32,80      0,00 1461668528  315492   1,94  antigravity
00:26:18     1000      6757      9,00      0,00 34363660  170272   1,05  antigravity
00:26:18     1000      6771      0,60      0,00 33903964   81164   0,50  antigravity
00:26:18     1000      6820    177,40      0,00 1461419440  658840   4,06  antigravity
00:26:18     1000      7161      0,20      0,00 33951332   64332   0,40  antigravity
00:26:18     1000      7229      2,60      0,00 1461383544  129360   0,80  antigravity
00:26:18     1000      7244    317,60      0,00 1461351324  377712   2,33  antigravity
00:26:18     1000      7258      6,20      0,00 1461347760  125768   0,77  antigravity
00:26:18     1000      7260     18,40      0,00 1461367100  164276   1,01  antigravity
00:26:18     1000      8356      5,20      0,00 1459530528  100848   0,62  antigravity
00:26:18     1000      9291      7,20      0,00 55435272  374428   2,31  chrome
00:26:18     1000      9342      4,40      0,00 55467700  213584   1,32  chrome
00:26:18     1000      9345      7,00      0,00 54976356  135928   0,84  chrome
00:26:18     1000      9359      0,60      0,00 55015792   62536   0,39  chrome
00:26:18     1000     76014      0,40      0,00 1518513820  343120   2,11  chrome
00:26:18     1000     76063      0,20      0,00 55006444   86720   0,53  chrome
00:26:18     1000     99107      3,80      0,00 3896400  208192   1,28  java

00:26:13      UID       PID   kB_rd/s   kB_wr/s kB_ccwr/s iodelay  Command
00:26:18     1000     99075      0,00      1,02      0,00       0  pidstat

00:26:18      UID       PID    %usr %system  %guest   %wait    %CPU   CPU  Command
00:26:23        0         1    0,20    0,00    0,00    0,00    0,20     3  systemd
00:26:23        0        86    0,00    0,20    0,00    0,00    0,20     1  irq/9-acpi
00:26:23      990       903    0,80    0,00    0,00    0,00    0,80     7  dbus-daemon
00:26:23      986       924    0,00    0,20    0,00    0,00    0,20     5  polkitd
00:26:23      115       930    1,00    0,60    0,00    0,00    1,60     7  prometheus-node
00:26:23      115       933    0,20    0,00    0,00    0,00    0,20     1  prometheus
00:26:23        0      1383    0,20    0,00    0,00    0,00    0,20     7  glances
00:26:23        0      1423    0,40    0,00    0,00    0,00    0,40     2  containerd
00:26:23        0      2310    0,20    0,20    0,00    0,00    0,40     0  dockerd
00:26:23      117      2312    0,80    0,20    0,00    0,00    1,00     3  grafana
00:26:23        0      2932    0,40    0,40    0,00    0,00    0,80     5  mount.ntfs-3g
00:26:23        0      2982    0,20    0,00    0,00    0,00    0,20     1  containerd-shim
00:26:23      999      3130    0,20    0,00    0,00    0,00    0,20     5  redis-server
00:26:23       70      3571    0,00    0,20    0,00    0,00    0,20     7  postgres
00:26:23     1000      4708    0,80    0,40    0,00    0,00    1,20     1  gnome-shell
00:26:23     1000      6317    0,20    0,00    0,00    0,00    0,20     1  antigravity
00:26:23     1000      6339    0,80    0,00    0,00    0,00    0,80     1  gnome-terminal-
00:26:23     1000      6757    0,20    0,00    0,00    0,00    0,20     5  antigravity
00:26:23     1000      6820    1,20    0,00    0,00    0,00    1,20     7  antigravity
00:26:23     1000      7059    1,80    1,80    0,00    0,00    3,59     5  language_server
00:26:23     1000      7229    0,20    0,00    0,00    0,00    0,20     7  antigravity
00:26:23     1000      7244    1,40    0,60    0,00    0,00    2,00     1  antigravity
00:26:23     1000      7260    0,40    0,20    0,00    0,00    0,60     0  antigravity
00:26:23     1000      8267    2,00    1,00    0,00    0,00    2,99     7  language_server
00:26:23     1000      9291    0,00    0,20    0,00    0,00    0,20     1  chrome
00:26:23     1000      9519    0,00    0,20    0,00    0,00    0,20     3  chrome
00:26:23     1000     76025    0,20    0,00    0,00    0,00    0,20     3  chrome
00:26:23     1000     99075    0,20    0,20    0,00    0,00    0,40     7  pidstat
00:26:23     1000     99107    0,40    0,20    0,00    0,00    0,60     0  java

00:26:18      UID       PID  minflt/s  majflt/s     VSZ     RSS   %MEM  Command
00:26:23      115       930     90,82      0,00 1762312   25672   0,16  prometheus-node
00:26:23        0      2975      2,20      0,00 1235352   14004   0,09  containerd-shim
00:26:23        0      2976      2,20      0,00 1235608   14888   0,09  containerd-shim
00:26:23        0      2977      3,79      0,00 1235352   15284   0,09  containerd-shim
00:26:23        0      2982      0,20      0,00 1235608   15172   0,09  containerd-shim
00:26:23       70      3117      4,39      0,00  174540   25424   0,16  postgres
00:26:23     1000      4708      0,80      0,00 5458564  339300   2,09  gnome-shell
00:26:23     1000      6317     35,33      0,00 1461668528  314936   1,94  antigravity
00:26:23     1000      6757      5,99      0,00 34363660  169820   1,05  antigravity
00:26:23     1000      6771      0,60      0,00 33903964   81164   0,50  antigravity
00:26:23     1000      6820    133,73      0,00 1461419440  661376   4,07  antigravity
00:26:23     1000      7161      0,20      0,00 33951332   64332   0,40  antigravity
00:26:23     1000      7229      2,59      0,00 1461383544  129360   0,80  antigravity
00:26:23     1000      7244    252,30      0,00 1461351324  377808   2,33  antigravity
00:26:23     1000      7258      2,59      0,00 1461347760  125768   0,77  antigravity
00:26:23     1000      7260     21,16      0,00 1461367100  164336   1,01  antigravity
00:26:23     1000      8356      5,19      0,00 1459530528  100848   0,62  antigravity
00:26:23     1000      9291     13,97      0,00 55435272  374556   2,31  chrome
00:26:23     1000      9342      2,20      0,00 55467700  213584   1,32  chrome
00:26:23     1000      9345      3,79      0,00 54976356  135928   0,84  chrome
00:26:23     1000      9359      0,60      0,00 55015792   62536   0,39  chrome
00:26:23     1000      9519      0,00      0,00 1518553976  352880   2,17  chrome
00:26:23     1000     76014      0,40      0,00 1518513820  343120   2,11  chrome
00:26:23     1000     76063      0,40      0,00 55006444   86720   0,53  chrome
00:26:23     1000     99107      2,99      0,00 3896400  208320   1,28  java

00:26:18      UID       PID   kB_rd/s   kB_wr/s kB_ccwr/s iodelay  Command
00:26:23     1000      9291      0,00      4,79      0,00       0  chrome
00:26:23     1000     99075      0,00      0,85      0,00       0  pidstat

00:26:23      UID       PID    %usr %system  %guest   %wait    %CPU   CPU  Command
00:26:28        0        17    0,00    0,20    0,00    0,00    0,20     1  rcu_preempt
00:26:28      115       933    0,00    0,20    0,00    0,00    0,20     1  prometheus
00:26:28        0      1383    0,20    0,00    0,00    0,00    0,20     7  glances
00:26:28        0      1423    0,00    0,40    0,00    0,00    0,40     2  containerd
00:26:28        0      2310    0,40    0,20    0,00    0,00    0,60     0  dockerd
00:26:28      117      2312    0,40    0,20    0,00    0,00    0,60     3  grafana
00:26:28        0      2932    0,20    0,20    0,00    0,00    0,40     3  mount.ntfs-3g
00:26:28        0      2975    0,20    0,00    0,00    0,00    0,20     7  containerd-shim
00:26:28        0      2976    0,00    0,20    0,00    0,00    0,20     6  containerd-shim
00:26:28        0      2977    0,20    0,20    0,00    0,00    0,40     7  containerd-shim
00:26:28      999      3130    0,20    0,20    0,00    0,00    0,40     7  redis-server
00:26:28     1000      4708    0,80    0,40    0,00    0,00    1,20     4  gnome-shell
00:26:28     1000      6317    0,20    0,20    0,00    0,00    0,40     2  antigravity
00:26:28     1000      6339    0,40    0,00    0,00    0,00    0,40     1  gnome-terminal-
00:26:28     1000      6757    0,00    0,20    0,00    0,00    0,20     5  antigravity
00:26:28     1000      6820    1,20    0,20    0,00    0,00    1,40     7  antigravity
00:26:28     1000      7059    1,80    1,60    0,00    0,00    3,40     0  language_server
00:26:28     1000      7229    0,20    0,20    0,00    0,00    0,40     4  antigravity
00:26:28     1000      7244    1,40    0,60    0,00    0,00    2,00     1  antigravity
00:26:28     1000      7260    0,40    0,00    0,00    0,00    0,40     0  antigravity
00:26:28     1000      8267    1,40    2,00    0,00    0,00    3,40     7  language_server
00:26:28     1000      8356    0,00    0,20    0,00    0,00    0,20     3  antigravity
00:26:28     1000      9291    0,20    0,20    0,00    0,00    0,40     1  chrome
00:26:28     1000      9519    0,20    0,00    0,00    1,80    0,20     5  chrome
00:26:28     1000     99075    0,20    0,40    0,00    0,00    0,60     1  pidstat
00:26:28     1000     99107    0,40    0,00    0,00    0,00    0,40     0  java

00:26:23      UID       PID  minflt/s  majflt/s     VSZ     RSS   %MEM  Command
00:26:28        0      2975      2,20      0,00 1235352   14004   0,09  containerd-shim
00:26:28        0      2976     10,40      0,00 1235608   15016   0,09  containerd-shim
00:26:28        0      2977     10,40      0,00 1235352   15540   0,10  containerd-shim
00:26:28        0      2981      4,80      0,00 1235608   14976   0,09  containerd-shim
00:26:28        0      2982      1,00      0,00 1235608   15172   0,09  containerd-shim
00:26:28     1000      4708      6,60      0,00 5458628  339428   2,09  gnome-shell
00:26:28     1000      6317     35,20      0,00 1461668528  315164   1,94  antigravity
00:26:28     1000      6757     24,40      0,00 34363660  170204   1,05  antigravity
00:26:28     1000      6771      1,20      0,00 33903964   81164   0,50  antigravity
00:26:28     1000      6820    187,20      0,00 1461419440  663212   4,09  antigravity
00:26:28     1000      7161      0,20      0,00 33951332   64332   0,40  antigravity
00:26:28     1000      7229      3,00      0,00 1461383544  129360   0,80  antigravity
00:26:28     1000      7244    265,60      0,00 1461351324  377808   2,33  antigravity
00:26:28     1000      7258      2,80      0,00 1461347760  125768   0,77  antigravity
00:26:28     1000      7260     19,00      0,00 1461367100  164464   1,01  antigravity
00:26:28     1000      8356      5,40      0,00 1459530528  100848   0,62  antigravity
00:26:28     1000      9291     19,80      0,00 55435272  374556   2,31  chrome
00:26:28     1000      9342      2,20      0,00 55467700  213584   1,32  chrome
00:26:28     1000      9345      4,60      0,00 54976356  135928   0,84  chrome
00:26:28     1000      9359      0,60      0,00 55015792   62536   0,39  chrome
00:26:28     1000     76014      0,60      0,00 1518513820  343120   2,11  chrome
00:26:28     1000     76063      0,20      0,00 55006444   86720   0,53  chrome
00:26:28     1000     99107      3,00      0,00 3896400  208320   1,28  java

00:26:23      UID       PID   kB_rd/s   kB_wr/s kB_ccwr/s iodelay  Command
00:26:28     1000      9291      0,00      8,80      0,00       0  chrome
00:26:28     1000     99075      0,00      0,98      0,00       0  pidstat

00:26:28      UID       PID    %usr %system  %guest   %wait    %CPU   CPU  Command
00:26:33      115       933    0,20    0,00    0,00    0,00    0,20     1  prometheus
00:26:33        0      1391    0,20    0,00    0,00    0,00    0,20     3  tailscaled
00:26:33        0      1423    0,40    0,00    0,00    0,00    0,40     2  containerd
00:26:33        0      2310    0,20    0,40    0,00    0,00    0,60     0  dockerd
00:26:33      117      2312    0,40    0,60    0,00    0,00    1,00     3  grafana
00:26:33        0      2932    0,20    0,60    0,00    0,00    0,80     3  mount.ntfs-3g
00:26:33        0      2975    0,00    0,20    0,00    0,00    0,20     7  containerd-shim
00:26:33        0      2976    0,20    0,00    0,00    0,00    0,20     6  containerd-shim
00:26:33        0      2981    0,00    0,20    0,00    0,00    0,20     0  containerd-shim
00:26:33        0      2982    0,00    0,20    0,00    0,00    0,20     1  containerd-shim
00:26:33      999      3130    0,40    0,20    0,00    0,00    0,60     5  redis-server
00:26:33     1000      4708    1,00    0,40    0,00    0,00    1,40     5  gnome-shell
00:26:33     1000      6317    0,40    0,00    0,00    0,00    0,40     7  antigravity
00:26:33     1000      6339    0,80    0,00    0,00    0,00    0,80     1  gnome-terminal-
00:26:33     1000      6757    0,40    0,20    0,00    0,00    0,60     5  antigravity
00:26:33     1000      6820    2,40    0,20    0,00    0,00    2,60     0  antigravity
00:26:33     1000      7059    1,80    1,60    0,00    0,00    3,40     4  language_server
00:26:33     1000      7229    0,00    0,40    0,00    0,00    0,40     4  antigravity
00:26:33     1000      7244    1,60    0,20    0,00    0,00    1,80     4  antigravity
00:26:33     1000      7258    0,20    0,00    0,00    0,00    0,20     6  antigravity
00:26:33     1000      7260    0,60    0,00    0,00    0,00    0,60     0  antigravity
00:26:33     1000      8267    2,00    1,00    0,00    0,00    3,00     7  language_server
00:26:33     1000      8356    0,20    0,00    0,00    0,00    0,20     7  antigravity
00:26:33     1000      9291    0,20    0,00    0,00    0,00    0,20     1  chrome
00:26:33     1000      9359    0,00    0,20    0,00    0,00    0,20     5  chrome
00:26:33     1000      9500    0,00    0,20    0,00    0,00    0,20     6  chrome
00:26:33     1000      9519    0,20    0,00    0,00    0,00    0,20     0  chrome
00:26:33        0     92575    0,20    0,00    0,00    0,00    0,20     0  kworker/0:2-events
00:26:33        0     98834    0,20    0,00    0,00    0,00    0,20     2  kworker/2:0-mm_percpu_wq
00:26:33     1000     99075    0,20    0,20    0,00    0,00    0,40     7  pidstat
00:26:33     1000     99107    0,60    0,00    0,00    0,00    0,60     0  java
00:26:33        0     99361    0,00    0,20    0,00    0,00    0,20     0  kworker/u32:3-events_unbound

00:26:28      UID       PID  minflt/s  majflt/s     VSZ     RSS   %MEM  Command
00:26:33        0      2975     13,20      0,00 1235352   13540   0,08  containerd-shim
00:26:33        0      2976     10,80      0,00 1235608   14428   0,09  containerd-shim
00:26:33        0      2977     10,00      0,00 1235352   14732   0,09  containerd-shim
00:26:33        0      2981     11,40      0,00 1235608   14440   0,09  containerd-shim
00:26:33        0      2982     11,60      0,00 1235608   14664   0,09  containerd-shim
00:26:33     1000      4708      1,20      0,00 5458628  339428   2,09  gnome-shell
00:26:33     1000      6317     36,80      0,00 1461668528  315408   1,94  antigravity
00:26:33     1000      6757      6,00      0,00 34363404  170204   1,05  antigravity
00:26:33     1000      6771      0,60      0,00 33903964   81164   0,50  antigravity
00:26:33     1000      6820    224,40      0,00 1461419440  665824   4,10  antigravity
00:26:33     1000      7161      0,40      0,00 33951332   64332   0,40  antigravity
00:26:33     1000      7229     97,60      0,00 1461383544  129360   0,80  antigravity
00:26:33     1000      7244    272,60      0,00 1461351324  377760   2,33  antigravity
00:26:33     1000      7258      2,80      0,00 1461347760  125768   0,77  antigravity
00:26:33     1000      7260     18,80      0,00 1461367100  164576   1,01  antigravity
00:26:33     1000      8356      5,40      0,00 1459530528  100848   0,62  antigravity
00:26:33     1000      9291      7,40      0,00 55435272  374556   2,31  chrome
00:26:33     1000      9342      2,20      0,00 55467700  213584   1,32  chrome
00:26:33     1000      9345      3,60      0,00 54976356  135928   0,84  chrome
00:26:33     1000      9359      1,20      0,00 55015792   62536   0,39  chrome
00:26:33     1000     76014      0,40      0,00 1518513820  343120   2,11  chrome
00:26:33     1000     76063      0,40      0,00 55006444   86720   0,53  chrome
00:26:33     1000     99107      4,20      0,00 3896400  208448   1,28  java

00:26:28      UID       PID   kB_rd/s   kB_wr/s kB_ccwr/s iodelay  Command
00:26:33     1000      7244      0,00      0,80      0,00       0  antigravity
00:26:33     1000      9291      0,00      1,60      0,00       0  chrome
00:26:33     1000     99075      0,00      0,90      0,00       0  pidstat
00:26:33     1000     99107      0,00      0,06      0,00       0  java

00:26:33      UID       PID    %usr %system  %guest   %wait    %CPU   CPU  Command
00:26:38        0         1    0,20    0,00    0,00    0,00    0,20     4  systemd
00:26:38        0       233    0,00    0,20    0,00    0,00    0,20     6  kworker/6:1H-events_highpri
00:26:38      990       903    0,40    0,20    0,00    0,00    0,60     2  dbus-daemon
00:26:38      115       930    1,00    0,80    0,00    0,00    1,80     7  prometheus-node
00:26:38      115       933    0,20    0,00    0,00    0,00    0,20     1  prometheus
00:26:38        0      1383    0,20    0,20    0,00    0,00    0,40     7  glances
00:26:38        0      1391    0,20    0,20    0,00    0,00    0,40     3  tailscaled
00:26:38        0      1411    0,20    0,00    0,00    0,00    0,20     0  anydesk
00:26:38        0      1423    0,20    0,20    0,00    0,00    0,40     2  containerd
00:26:38        0      2310    0,20    0,20    0,00    0,00    0,40     0  dockerd
00:26:38      117      2312    1,00    0,00    0,00    0,00    1,00     3  grafana
00:26:38        0      2932    0,40    0,40    0,00    0,00    0,80     3  mount.ntfs-3g
00:26:38        0      2976    0,20    0,00    0,00    0,00    0,20     6  containerd-shim
00:26:38        0      2981    0,20    0,00    0,00    0,00    0,20     0  containerd-shim
00:26:38        0      2982    0,20    0,00    0,00    0,00    0,20     1  containerd-shim
00:26:38      999      3130    0,40    0,00    0,00    0,00    0,40     7  redis-server
00:26:38     1000      4708    1,00    0,20    0,00    0,00    1,20     5  gnome-shell
00:26:38     1000      6317    0,20    0,20    0,00    0,00    0,40     2  antigravity
00:26:38     1000      6339    0,40    0,00    0,00    0,00    0,40     0  gnome-terminal-
00:26:38     1000      6757    0,20    0,00    0,00    0,00    0,20     5  antigravity
00:26:38     1000      6820   12,40    0,60    0,00    0,00   13,00     6  antigravity
00:26:38     1000      6924    0,20    0,00    0,00    0,00    0,20     5  antigravity
00:26:38     1000      7059    2,00    1,40    0,00    0,00    3,40     1  language_server
00:26:38     1000      7229    0,20    0,20    0,00    0,00    0,40     2  antigravity
00:26:38     1000      7244    1,40    0,60    0,00    0,20    2,00     5  antigravity
00:26:38     1000      7260    0,60    0,00    0,00    0,00    0,60     5  antigravity
00:26:38     1000      8267    1,80    1,60    0,00    0,00    3,40     7  language_server
00:26:38     1000      9291    0,20    0,00    0,00    0,00    0,20     1  chrome
00:26:38     1000      9519    0,20    0,00    0,00    0,00    0,20     4  chrome
00:26:38        0     97806    0,00    0,20    0,00    0,00    0,20     6  kworker/6:2-i915-unordered
00:26:38     1000     98039    0,20    0,00    0,00    0,00    0,20     6  antigravity
00:26:38     1000     99075    0,00    0,40    0,00    0,00    0,40     1  pidstat
00:26:38     1000     99107    0,20    0,00    0,00    0,00    0,20     0  java

00:26:33      UID       PID  minflt/s  majflt/s     VSZ     RSS   %MEM  Command
00:26:38      115       930     71,40      0,00 1762312   25568   0,16  prometheus-node
00:26:38        0      2975     11,40      0,00 1235352   13668   0,08  containerd-shim
00:26:38        0      2976     12,20      0,00 1235608   14556   0,09  containerd-shim
00:26:38        0      2977     11,80      0,00 1235352   14988   0,09  containerd-shim
00:26:38        0      2981      9,20      0,00 1235608   14568   0,09  containerd-shim
00:26:38        0      2982     12,40      0,00 1235608   14792   0,09  containerd-shim
00:26:38     1000      4708      6,40      0,00 5458628  339428   2,09  gnome-shell
00:26:38     1000      6317     33,00      0,00 1461668528  315380   1,94  antigravity
00:26:38     1000      6757      6,60      0,00 34363404  169804   1,05  antigravity
00:26:38     1000      6771      0,60      0,00 33903964   81164   0,50  antigravity
00:26:38     1000      6820    281,40      0,00 1461419440  655392   4,04  antigravity
00:26:38     1000      6924      0,80      0,00 1459611392  180072   1,11  antigravity
00:26:38     1000      7161      0,20      0,00 33951332   64332   0,40  antigravity
00:26:38     1000      7229    127,40      0,00 1461383544  129224   0,80  antigravity
00:26:38     1000      7244    358,40      0,00 1461351324  377700   2,33  antigravity
00:26:38     1000      7258      6,00      0,00 1461347760  125768   0,77  antigravity
00:26:38     1000      7260     19,20      0,00 1461367100  164120   1,01  antigravity
00:26:38     1000      8356      5,40      0,00 1459530528  100848   0,62  antigravity
00:26:38     1000      9291      7,60      0,00 55435272  374556   2,31  chrome
00:26:38     1000      9342      4,40      0,00 55467700  213584   1,32  chrome
00:26:38     1000      9345      7,60      0,00 54976356  135928   0,84  chrome
00:26:38     1000      9359      0,60      0,00 55015792   62536   0,39  chrome
00:26:38     1000     76014      0,20      0,00 1518513820  343120   2,11  chrome
00:26:38     1000     76063      0,20      0,00 55006444   86720   0,53  chrome
00:26:38     1000     99107      2,60      0,00 3896400  208448   1,28  java

00:26:33      UID       PID   kB_rd/s   kB_wr/s kB_ccwr/s iodelay  Command
00:26:38     1000      9291      0,00      2,40      0,00       0  chrome
00:26:38     1000     99075      0,00      1,03      0,00       0  pidstat

Rata-rata:    UID       PID    %usr %system  %guest   %wait    %CPU   CPU  Command
Rata-rata:      0         1    0,10    0,00    0,00    0,00    0,10     -  systemd
Rata-rata:      0        17    0,00    0,03    0,00    0,05    0,03     -  rcu_preempt
Rata-rata:      0        57    0,00    0,02    0,00    0,00    0,02     -  ksoftirqd/6
Rata-rata:      0        86    0,00    0,03    0,00    0,00    0,03     -  irq/9-acpi
Rata-rata:      0       120    0,00    0,03    0,00    0,00    0,03     -  kworker/u33:0-i915_flip
Rata-rata:      0       233    0,00    0,02    0,00    0,00    0,02     -  kworker/6:1H-events_highpri
Rata-rata:      0       408    0,02    0,00    0,00    0,03    0,02     -  systemd-udevd
Rata-rata:    990       903    0,25    0,03    0,00    0,00    0,28     -  dbus-daemon
Rata-rata:    986       924    0,00    0,02    0,00    0,00    0,02     -  polkitd
Rata-rata:    115       930    0,38    0,17    0,00    0,00    0,55     -  prometheus-node
Rata-rata:    115       933    0,13    0,02    0,00    0,00    0,15     -  prometheus
Rata-rata:      0       943    0,02    0,00    0,00    0,00    0,02     -  udisksd
Rata-rata:      0      1079    0,02    0,00    0,00    0,00    0,02     -  NetworkManager
Rata-rata:      0      1383    0,13    0,02    0,00    0,00    0,15     -  glances
Rata-rata:      0      1391    0,12    0,08    0,00    0,00    0,20     -  tailscaled
Rata-rata:      0      1411    0,02    0,00    0,00    0,00    0,02     -  anydesk
Rata-rata:      0      1423    0,28    0,18    0,00    0,00    0,47     -  containerd
Rata-rata:    111      1503    0,00    0,02    0,00    0,00    0,02     -  mariadbd
Rata-rata:      0      2310    0,30    0,30    0,00    0,00    0,60     -  dockerd
Rata-rata:    117      2312    0,65    0,35    0,00    0,00    1,00     -  grafana
Rata-rata:      0      2932    0,33    0,38    0,00    0,00    0,72     -  mount.ntfs-3g
Rata-rata:      0      2975    0,03    0,07    0,00    0,00    0,10     -  containerd-shim
Rata-rata:      0      2976    0,07    0,05    0,00    0,00    0,12     -  containerd-shim
Rata-rata:      0      2977    0,07    0,03    0,00    0,00    0,10     -  containerd-shim
Rata-rata:      0      2981    0,05    0,07    0,00    0,00    0,12     -  containerd-shim
Rata-rata:      0      2982    0,07    0,07    0,00    0,00    0,13     -  containerd-shim
Rata-rata:    999      3130    0,37    0,07    0,00    0,00    0,43     -  redis-server
Rata-rata:     70      3571    0,00    0,02    0,00    0,00    0,02     -  postgres
Rata-rata:   1000      4549    0,02    0,00    0,00    0,00    0,02     -  systemd
Rata-rata:   1000      4569    0,02    0,02    0,00    0,00    0,03     -  dbus-daemon
Rata-rata:   1000      4570    0,02    0,05    0,00    0,00    0,07     -  pipewire
Rata-rata:   1000      4573    0,03    0,00    0,00    0,00    0,03     -  wireplumber
Rata-rata:   1000      4574    0,02    0,00    0,00    0,00    0,02     -  pipewire-pulse
Rata-rata:   1000      4708    1,45    0,53    0,00    0,02    1,98     -  gnome-shell
Rata-rata:   1000      5021    0,02    0,00    0,00    0,00    0,02     -  gsd-housekeepin
Rata-rata:   1000      5043    0,02    0,00    0,00    0,00    0,02     -  gnome-software
Rata-rata:   1000      5050    0,00    0,02    0,00    0,02    0,02     -  gsd-rfkill
Rata-rata:   1000      5107    0,00    0,02    0,00    0,00    0,02     -  anydesk
Rata-rata:   1000      5268    0,00    0,02    0,00    0,00    0,02     -  gvfs-udisks2-vo
Rata-rata:   1000      5351    0,00    0,02    0,00    0,00    0,02     -  goa-identity-se
Rata-rata:   1000      5364    0,00    0,02    0,00    0,00    0,02     -  gvfs-afc-volume
Rata-rata:   1000      5504    0,00    0,02    0,00    0,00    0,02     -  xdg-desktop-por
Rata-rata:      0      5954    0,02    0,00    0,00    0,00    0,02     -  fwupd
Rata-rata:   1000      6317    0,30    0,13    0,00    0,02    0,43     -  antigravity
Rata-rata:   1000      6339    0,60    0,00    0,00    0,00    0,60     -  gnome-terminal-
Rata-rata:   1000      6757    0,45    0,15    0,00    0,02    0,60     -  antigravity
Rata-rata:   1000      6820    5,65    0,25    0,00    0,15    5,90     -  antigravity
Rata-rata:   1000      6924    0,02    0,00    0,00    0,00    0,02     -  antigravity
Rata-rata:   1000      7059    1,83    1,55    0,00    0,05    3,38     -  language_server
Rata-rata:   1000      7229    0,17    0,18    0,00    0,02    0,35     -  antigravity
Rata-rata:   1000      7244    2,62    0,57    0,00    0,05    3,18     -  antigravity
Rata-rata:   1000      7258    0,02    0,00    0,00    0,00    0,02     -  antigravity
Rata-rata:   1000      7260    0,65    0,08    0,00    0,02    0,73     -  antigravity
Rata-rata:   1000      8267    1,90    1,32    0,00    0,00    3,22     -  language_server
Rata-rata:   1000      8356    0,08    0,03    0,00    0,02    0,12     -  antigravity
Rata-rata:   1000      8393    0,02    0,00    0,00    0,00    0,02     -  antigravity
Rata-rata:   1000      9291    0,13    0,08    0,00    0,02    0,22     -  chrome
Rata-rata:   1000      9345    0,02    0,02    0,00    1,68    0,03     -  chrome
Rata-rata:   1000      9359    0,00    0,02    0,00    0,00    0,02     -  chrome
Rata-rata:   1000      9390    0,02    0,00    0,00    0,00    0,02     -  chrome
Rata-rata:   1000      9500    0,02    0,02    0,00    0,00    0,03     -  chrome
Rata-rata:   1000      9519    0,17    0,03    0,00    1,53    0,20     -  chrome
Rata-rata:   1000     76014    0,02    0,00    0,00    0,00    0,02     -  chrome
Rata-rata:   1000     76025    0,02    0,00    0,00    0,00    0,02     -  chrome
Rata-rata:   1000     76063    0,02    0,00    0,00    0,00    0,02     -  chrome
Rata-rata:      0     78088    0,00    0,02    0,00    0,00    0,02     -  kworker/u32:6-events_unbound
Rata-rata:      0     89647    0,00    0,02    0,00    0,00    0,02     -  kworker/u32:1-flush-8:0
Rata-rata:   1000     91682    0,02    0,02    0,00    0,00    0,03     -  ssh
Rata-rata:      0     92575    0,03    0,00    0,00    0,02    0,03     -  kworker/0:2-events
Rata-rata:      0     93905    0,00    0,03    0,00    0,00    0,03     -  kworker/u32:7-flush-8:0
Rata-rata:      0     95637    0,00    0,02    0,00    0,02    0,02     -  kworker/3:0-mm_percpu_wq
Rata-rata:      0     97469    0,02    0,00    0,00    0,00    0,02     -  kworker/5:2-events
Rata-rata:      0     97806    0,00    0,07    0,00    0,05    0,07     -  kworker/6:2-i915-unordered
Rata-rata:      0     97830    0,02    0,00    0,00    0,00    0,02     -  kworker/7:0-events
Rata-rata:   1000     98039    0,05    0,00    0,00    0,00    0,05     -  antigravity
Rata-rata:      0     98267    0,02    0,00    0,00    0,00    0,02     -  kworker/3:2-cgroup_free
Rata-rata:      0     98479    0,00    0,02    0,00    0,02    0,02     -  kworker/1:0-events
Rata-rata:      0     98834    0,02    0,00    0,00    0,00    0,02     -  kworker/2:0-events
Rata-rata:   1000     99075    0,17    0,28    0,00    0,00    0,45     -  pidstat
Rata-rata:   1000     99107    7,41    0,43    0,00    0,00    7,85     -  java
Rata-rata:      0     99361    0,00    0,02    0,00    0,00    0,02     -  kworker/u32:3-events_unbound

Rata-rata:    UID       PID  minflt/s  majflt/s     VSZ     RSS   %MEM  Command
Rata-rata:      0         1      0,02      0,00   24652   14916   0,09  systemd
Rata-rata:      0       376      3,83      0,00  188836  108308   0,67  systemd-journal
Rata-rata:      0       408      8,25      0,00   37544   10908   0,07  systemd-udevd
Rata-rata:      0       902      0,03      0,00    6792    2752   0,02  cron
Rata-rata:    115       930     24,65      0,00 1762312   25606   0,16  prometheus-node
Rata-rata:    115       933      5,40      0,00 2711492  113597   0,70  prometheus
Rata-rata:      0      1391      5,80      0,00 1421316   73631   0,45  tailscaled
Rata-rata:      0      1423      2,88      0,00 2463900   70978   0,44  containerd
Rata-rata:    114      1526      0,32      0,00  218252   29568   0,18  postgres
Rata-rata:      0      2310      0,00      0,00 3425124  111631   0,69  dockerd
Rata-rata:    117      2312      0,20      0,00 1765300  349640   2,15  grafana
Rata-rata:      0      2975      8,65      0,00 1235352   13863   0,09  containerd-shim
Rata-rata:      0      2976      8,40      0,00 1235608   14703   0,09  containerd-shim
Rata-rata:      0      2977      8,33      0,00 1235352   15188   0,09  containerd-shim
Rata-rata:      0      2981      8,38      0,00 1235608   14695   0,09  containerd-shim
Rata-rata:      0      2982      7,25      0,00 1235608   15073   0,09  containerd-shim
Rata-rata:     70      3117      0,37      0,00  174540   25424   0,16  postgres
Rata-rata:   1000      4570      3,12      0,00  104250   14814   0,09  pipewire
Rata-rata:   1000      4574      3,17      0,00  110852   15601   0,10  pipewire-pulse
Rata-rata:   1000      4708      5,18      0,00 5458649  339547   2,09  gnome-shell
Rata-rata:   1000      5504      0,02      0,00  778332   19920   0,12  xdg-desktop-por
Rata-rata:      0      5954      0,03      0,00  370168   46564   0,29  fwupd
Rata-rata:   1000      6317     35,72      0,00 1461668528  315211   1,94  antigravity
Rata-rata:   1000      6757     19,91      0,00 34365939  169965   1,05  antigravity
Rata-rata:   1000      6771      0,75      0,00 33903964   81164   0,50  antigravity
Rata-rata:   1000      6820    256,04      0,00 1461419083  661013   4,07  antigravity
Rata-rata:   1000      6924      0,07      0,00 1459611392  179955   1,11  antigravity
Rata-rata:   1000      7161      0,25      0,00 33951332   64332   0,40  antigravity
Rata-rata:   1000      7229     59,45      0,00 1461383544  129377   0,80  antigravity
Rata-rata:   1000      7244    497,67      0,00 1461351324  378374   2,33  antigravity
Rata-rata:   1000      7258      3,65      0,00 1461347760  125768   0,77  antigravity
Rata-rata:   1000      7260     19,52      0,00 1461367100  164323   1,01  antigravity
Rata-rata:   1000      8356      5,30      0,00 1459530528  100848   0,62  antigravity
Rata-rata:   1000      8393      0,05      0,00 1459530528   95004   0,59  antigravity
Rata-rata:   1000      9291     10,98      0,00 55435272  374512   2,31  chrome
Rata-rata:   1000      9342      2,75      0,00 55467700  213584   1,32  chrome
Rata-rata:   1000      9345      5,48      0,00 54976356  135864   0,84  chrome
Rata-rata:   1000      9359      0,75      0,00 55015792   62536   0,39  chrome
Rata-rata:   1000      9519     30,00      0,00 1518553976  357119   2,20  chrome
Rata-rata:   1000     76014      0,90      0,00 1518513820  343045   2,11  chrome
Rata-rata:   1000     76063      0,27      0,00 55006444   86720   0,53  chrome
Rata-rata:   1000     99008      0,97      0,00    7148    3424   0,02  bash
Rata-rata:   1000     99075      0,88      0,00    6250    5224   0,03  pidstat
Rata-rata:   1000     99076      0,32      0,00    2676    1860   0,01  jmeter
Rata-rata:   1000     99107    440,01      0,00 3896400  208064   1,28  java

Rata-rata:    UID       PID   kB_rd/s   kB_wr/s kB_ccwr/s iodelay  Command
Rata-rata:   1000      4573      0,00      0,13      0,00       0  wireplumber
Rata-rata:   1000      4708      0,00      6,46      0,00       0  gnome-shell
Rata-rata:   1000      7244      0,00      0,27      0,00       0  antigravity
Rata-rata:   1000      9291      0,00      3,46      0,00       0  chrome
Rata-rata:   1000      9345      0,00      1,67      0,00       0  chrome
Rata-rata:   1000     99008      0,00     15,19      6,46       0  bash
Rata-rata:   1000     99075      0,00      0,97      0,00       0  pidstat
Rata-rata:   1000     99107      0,00      0,18      0,00       0  java
