Linux 6.12.94+deb13-amd64 (debian) 	02/07/26 	_x86_64_	(8 CPU)

00:36:16      UID       PID    %usr %system  %guest   %wait    %CPU   CPU  Command
00:36:21        0         1    0,20    0,00    0,00    0,00    0,20     2  systemd
00:36:21        0        57    0,00    0,20    0,00    0,00    0,20     6  ksoftirqd/6
00:36:21        0        86    0,00    0,20    0,00    0,00    0,20     1  irq/9-acpi
00:36:21      990       903    0,60    0,20    0,00    0,00    0,80     3  dbus-daemon
00:36:21      115       930    0,80    0,80    0,00    0,00    1,59     7  prometheus-node
00:36:21      115       933    0,20    0,00    0,00    0,00    0,20     5  prometheus
00:36:21        0      1391    0,00    0,20    0,00    0,00    0,20     5  tailscaled
00:36:21        0      1423    0,20    0,20    0,00    0,00    0,40     2  containerd
00:36:21        0      2310    0,40    0,20    0,00    0,00    0,60     0  dockerd
00:36:21      117      2312    0,40    0,20    0,00    0,00    0,60     3  grafana
00:36:21        0      2976    0,20    0,00    0,00    0,00    0,20     6  containerd-shim
00:36:21        0      2981    0,20    0,00    0,00    0,00    0,20     0  containerd-shim
00:36:21        0      2982    0,00    0,20    0,00    0,00    0,20     1  containerd-shim
00:36:21      999      3130    0,60    0,00    0,00    0,00    0,60     6  redis-server
00:36:21     1000      4708    1,99    0,60    0,00    0,00    2,59     0  gnome-shell
00:36:21     1000      6317    0,60    0,20    0,00    0,00    0,80     2  antigravity
00:36:21     1000      6339    0,60    0,00    0,00    0,00    0,60     4  gnome-terminal-
00:36:21     1000      6757    1,99    0,60    0,00    0,00    2,59     5  antigravity
00:36:21     1000      6820    9,36    0,60    0,00    0,00    9,96     6  antigravity
00:36:21     1000      7059    1,99    1,20    0,00    0,00    3,19     6  language_server
00:36:21     1000      7229    0,60    0,20    0,00    0,00    0,80     6  antigravity
00:36:21     1000      7244    1,39    0,80    0,00    0,00    2,19     2  antigravity
00:36:21     1000      7260    2,19    0,20    0,00    0,20    2,39     5  antigravity
00:36:21     1000      8267    1,59    0,80    0,00    0,00    2,39     7  language_server
00:36:21     1000      8356    0,00    0,20    0,00    0,00    0,20     7  antigravity
00:36:21     1000      9291    0,40    0,00    0,00    0,00    0,40     0  chrome
00:36:21     1000      9345    0,20    0,00    0,00    0,00    0,20     7  chrome
00:36:21     1000      9519    0,20    0,00    0,00    0,00    0,20     1  chrome
00:36:21     1000     98039    0,20    0,00    0,00    0,00    0,20     5  antigravity
00:36:21        0     99362    0,00    0,20    0,00    0,00    0,20     6  kworker/u32:5-kvfree_rcu_reclaim
00:36:21     1000    102850    0,20    0,20    0,00    0,00    0,40     4  pidstat
00:36:21     1000    102882   75,90    4,18    0,00    0,00   80,08     5  java

00:36:16      UID       PID  minflt/s  majflt/s     VSZ     RSS   %MEM  Command
00:36:21      115       930     45,82      0,00 1762312   25920   0,16  prometheus-node
00:36:21        0      1423      4,38      0,00 2463900   71128   0,44  containerd
00:36:21        0      2975      5,38      0,00 1235352   13956   0,09  containerd-shim
00:36:21        0      2976      1,79      0,00 1235608   14732   0,09  containerd-shim
00:36:21        0      2977      6,18      0,00 1235352   15552   0,10  containerd-shim
00:36:21        0      2981      4,38      0,00 1235608   14588   0,09  containerd-shim
00:36:21        0      2982      4,58      0,00 1235608   15284   0,09  containerd-shim
00:36:21     1000      4708      1,79      0,00 5454532  346492   2,13  gnome-shell
00:36:21     1000      6317     36,45      0,00 1461668528  315108   1,94  antigravity
00:36:21     1000      6757     62,75      0,00 34362364  169424   1,04  antigravity
00:36:21     1000      6771      0,60      0,00 33903964   81164   0,50  antigravity
00:36:21     1000      6820    464,74      0,00 1461417264  668652   4,12  antigravity
00:36:21     1000      7161      0,20      0,00 33951332   64332   0,40  antigravity
00:36:21     1000      7229    100,20      0,00 1461383544  129284   0,80  antigravity
00:36:21     1000      7244    153,59      0,00 1461351324  286644   1,77  antigravity
00:36:21     1000      7258      3,39      0,00 1461347760  125896   0,78  antigravity
00:36:21     1000      7260      6,77      0,00 1461367100  163752   1,01  antigravity
00:36:21     1000      8356      5,38      0,00 1459530528  100844   0,62  antigravity
00:36:21     1000      9291      7,57      0,00 55435272  374320   2,31  chrome
00:36:21     1000      9342      2,19      0,00 55467700  213584   1,32  chrome
00:36:21     1000      9345      4,18      0,00 54976356  136016   0,84  chrome
00:36:21     1000      9359      1,20      0,00 55015792   62536   0,39  chrome
00:36:21     1000      9519      0,20      0,00 1518553976  353152   2,18  chrome
00:36:21     1000     76014      0,60      0,00 1518513820  344016   2,12  chrome
00:36:21     1000     76063      0,20      0,00 55006444   86720   0,53  chrome
00:36:21     1000    102850      1,20      0,00    6184    4976   0,03  pidstat
00:36:21     1000    102851      4,18      0,00    2676    1792   0,01  jmeter
00:36:21     1000    102882   4779,68      0,00 5161116  197620   1,22  java

00:36:16      UID       PID   kB_rd/s   kB_wr/s kB_ccwr/s iodelay  Command
00:36:21     1000      9291      0,00      1,59      0,00       0  chrome
00:36:21     1000    102882      0,00      2,15      0,00       0  java

00:36:21      UID       PID    %usr %system  %guest   %wait    %CPU   CPU  Command
00:36:26      115       933    0,20    0,00    0,00    0,00    0,20     5  prometheus
00:36:26        0      1383    0,20    0,00    0,00    0,00    0,20     7  glances
00:36:26        0      1391    0,20    0,00    0,00    0,00    0,20     4  tailscaled
00:36:26        0      1423    0,20    0,20    0,00    0,00    0,40     2  containerd
00:36:26        0      2310    0,40    0,00    0,00    0,00    0,40     0  dockerd
00:36:26      117      2312    0,20    0,80    0,00    0,00    1,00     3  grafana
00:36:26        0      2932    0,40    0,20    0,00    0,00    0,60     4  mount.ntfs-3g
00:36:26        0      2975    0,20    0,00    0,00    0,00    0,20     7  containerd-shim
00:36:26        0      2976    0,00    0,20    0,00    0,00    0,20     6  containerd-shim
00:36:26        0      2977    0,20    0,00    0,00    0,00    0,20     7  containerd-shim
00:36:26        0      2981    0,00    0,20    0,00    0,00    0,20     0  containerd-shim
00:36:26        0      2982    0,20    0,00    0,00    0,00    0,20     1  containerd-shim
00:36:26      999      3130    0,20    0,00    0,00    0,00    0,20     5  redis-server
00:36:26     1000      4708    0,60    0,00    0,00    0,00    0,60     0  gnome-shell
00:36:26     1000      6317    0,20    0,00    0,00    0,00    0,20     2  antigravity
00:36:26     1000      6339    0,40    0,00    0,00    0,00    0,40     7  gnome-terminal-
00:36:26     1000      6820   12,77    0,20    0,00    0,20   12,97     3  antigravity
00:36:26     1000      7059    1,80    1,40    0,00    0,00    3,19     6  language_server
00:36:26     1000      7161    0,00    0,20    0,00    0,00    0,20     3  antigravity
00:36:26     1000      7229    0,20    0,40    0,00    0,00    0,60     5  antigravity
00:36:26     1000      7244    1,60    0,20    0,00    0,00    1,80     1  antigravity
00:36:26     1000      7260    0,60    0,20    0,00    0,00    0,80     5  antigravity
00:36:26     1000      8267    1,40    1,80    0,00    0,00    3,19     7  language_server
00:36:26     1000      9291    0,20    0,20    0,00    0,00    0,40     7  chrome
00:36:26     1000      9359    0,20    0,00    0,00    0,00    0,20     1  chrome
00:36:26     1000      9519    0,20    0,00    0,00    0,00    0,20     6  chrome
00:36:26        0     89647    0,00    0,20    0,00    0,00    0,20     5  kworker/u32:1-events_unbound
00:36:26     1000     91682    0,00    0,20    0,00    0,00    0,20     0  ssh
00:36:26     1000    102850    0,40    0,20    0,00    0,00    0,60     4  pidstat
00:36:26     1000    102882    4,79    0,00    0,00    0,00    4,79     5  java

00:36:21      UID       PID  minflt/s  majflt/s     VSZ     RSS   %MEM  Command
00:36:26        0      2975      0,80      0,00 1235352   13956   0,09  containerd-shim
00:36:26        0      2976      2,00      0,00 1235608   14732   0,09  containerd-shim
00:36:26        0      2977      2,59      0,00 1235352   15552   0,10  containerd-shim
00:36:26        0      2981      9,58      0,00 1235608   14716   0,09  containerd-shim
00:36:26        0      2982      6,39      0,00 1235608   15156   0,09  containerd-shim
00:36:26       70      3117      4,39      0,00  174540   25424   0,16  postgres
00:36:26     1000      4708      4,79      0,00 5446276  346492   2,13  gnome-shell
00:36:26     1000      6317     32,34      0,00 1461668528  314972   1,94  antigravity
00:36:26     1000      6757      7,19      0,00 34350140  169552   1,04  antigravity
00:36:26     1000      6771      0,60      0,00 33903964   81164   0,50  antigravity
00:36:26     1000      6820    239,72      0,00 1461417264  656100   4,04  antigravity
00:36:26     1000      7161      0,20      0,00 33951332   64332   0,40  antigravity
00:36:26     1000      7229    134,13      0,00 1461383544  129284   0,80  antigravity
00:36:26     1000      7244     29,74      0,00 1461351324  286772   1,77  antigravity
00:36:26     1000      7258      5,39      0,00 1461347760  125896   0,78  antigravity
00:36:26     1000      7260      5,39      0,00 1461367100  163752   1,01  antigravity
00:36:26     1000      8356      5,19      0,00 1459530528  100844   0,62  antigravity
00:36:26     1000      9291     20,36      0,00 55435272  374448   2,31  chrome
00:36:26     1000      9342      4,39      0,00 55467700  213584   1,32  chrome
00:36:26     1000      9345      9,38      0,00 54976356  136016   0,84  chrome
00:36:26     1000      9359      0,60      0,00 55015792   62536   0,39  chrome
00:36:26     1000     76014      0,20      0,00 1518513820  344016   2,12  chrome
00:36:26     1000     76063      0,40      0,00 55006444   86720   0,53  chrome
00:36:26     1000     99008      6,59      0,00    7664    3936   0,02  bash
00:36:26     1000    102882     62,48      0,00 5161116  198900   1,23  java
00:36:26     1000    102990     24,35      0,00    5660    2088   0,01  sleep

00:36:21      UID       PID   kB_rd/s   kB_wr/s kB_ccwr/s iodelay  Command
00:36:26     1000      9291      0,00     16,77      0,00       0  chrome
00:36:26     1000    102850      0,00      1,08      0,00       0  pidstat
00:36:26     1000    102882      0,00      0,17      0,00       0  java

00:36:26      UID       PID    %usr %system  %guest   %wait    %CPU   CPU  Command
00:36:31        0        17    0,00    0,20    0,00    0,00    0,20     6  rcu_preempt
00:36:31      115       933    0,00    0,20    0,00    0,00    0,20     5  prometheus
00:36:31        0      1383    0,20    0,00    0,00    0,00    0,20     7  glances
00:36:31        0      1391    0,00    0,20    0,00    0,00    0,20     4  tailscaled
00:36:31        0      1423    0,20    0,00    0,00    0,00    0,20     2  containerd
00:36:31      111      1503    0,20    0,00    0,00    0,00    0,20     7  mariadbd
00:36:31        0      2310    0,20    0,20    0,00    0,00    0,40     0  dockerd
00:36:31      117      2312    0,60    0,40    0,00    0,00    1,00     3  grafana
00:36:31        0      2932    0,60    0,20    0,00    0,00    0,80     7  mount.ntfs-3g
00:36:31        0      2977    0,00    0,20    0,00    0,00    0,20     7  containerd-shim
00:36:31        0      2982    0,00    0,20    0,00    0,00    0,20     1  containerd-shim
00:36:31      999      3130    0,40    0,20    0,00    0,00    0,60     0  redis-server
00:36:31     1000      4708    0,80    0,60    0,00    0,00    1,40     5  gnome-shell
00:36:31     1000      6317    0,20    0,20    0,00    0,00    0,40     2  antigravity
00:36:31     1000      6339    0,80    0,00    0,00    0,00    0,80     3  gnome-terminal-
00:36:31     1000      6757    0,20    0,20    0,00    0,00    0,40     4  antigravity
00:36:31     1000      6820    1,60    0,20    0,00    0,00    1,80     0  antigravity
00:36:31     1000      7059    2,20    1,20    0,00    0,00    3,40     2  language_server
00:36:31     1000      7229    0,40    0,20    0,00    0,00    0,60     1  antigravity
00:36:31     1000      7244    1,60    0,80    0,00    0,00    2,40     6  antigravity
00:36:31     1000      7260    1,00    0,00    0,00    0,00    1,00     5  antigravity
00:36:31     1000      8267    1,80    1,20    0,00    0,00    3,00     7  language_server
00:36:31     1000     76025    0,00    0,20    0,00    0,00    0,20     3  chrome
00:36:31     1000    102850    0,00    0,40    0,00    0,00    0,40     4  pidstat
00:36:31     1000    102882    4,40    0,40    0,00    0,00    4,80     5  java

00:36:26      UID       PID  minflt/s  majflt/s     VSZ     RSS   %MEM  Command
00:36:31        0      2975      4,80      0,00 1235352   13360   0,08  containerd-shim
00:36:31        0      2976      0,20      0,00 1235608   14112   0,09  containerd-shim
00:36:31        0      2977      0,00      0,00 1235352   15020   0,09  containerd-shim
00:36:31        0      2981      6,80      0,00 1235608   14116   0,09  containerd-shim
00:36:31        0      2982      3,20      0,00 1235608   14628   0,09  containerd-shim
00:36:31     1000      4708      1,00      0,00 5454532  346492   2,13  gnome-shell
00:36:31     1000      6317     39,80      0,00 1461668528  314872   1,94  antigravity
00:36:31     1000      6757     11,20      0,00 34359796  169552   1,04  antigravity
00:36:31     1000      6771      0,60      0,00 33903964   81164   0,50  antigravity
00:36:31     1000      6820    279,00      0,00 1461417264  660160   4,07  antigravity
00:36:31     1000      7161      0,20      0,00 33951332   64332   0,40  antigravity
00:36:31     1000      7229     90,20      0,00 1461383544  129284   0,80  antigravity
00:36:31     1000      7244    441,20      0,00 1461351324  286776   1,77  antigravity
00:36:31     1000      7258      2,80      0,00 1461347760  125768   0,77  antigravity
00:36:31     1000      7260     28,00      0,00 1461367100  163808   1,01  antigravity
00:36:31     1000      8356      5,40      0,00 1459530528  100844   0,62  antigravity
00:36:31     1000      9291      7,00      0,00 55435272  374260   2,31  chrome
00:36:31     1000      9342      2,20      0,00 55467700  213584   1,32  chrome
00:36:31     1000      9345      3,80      0,00 54976356  136016   0,84  chrome
00:36:31     1000      9359      0,60      0,00 55015792   62536   0,39  chrome
00:36:31     1000     76014      0,60      0,00 1518513820  344016   2,12  chrome
00:36:31     1000     76063      0,20      0,00 55006444   86720   0,53  chrome
00:36:31     1000    102850      0,60      0,00    6184    4976   0,03  pidstat
00:36:31     1000    102882     56,20      0,00 5161116  199924   1,23  java

00:36:26      UID       PID   kB_rd/s   kB_wr/s kB_ccwr/s iodelay  Command
00:36:31     1000      7244      0,00      0,80      0,00       0  antigravity
00:36:31     1000    102850      0,00      1,03      0,00       0  pidstat
00:36:31     1000    102882      0,00      1,67      0,00       0  java

00:36:31      UID       PID    %usr %system  %guest   %wait    %CPU   CPU  Command
00:36:36        0         1    0,00    0,20    0,00    0,00    0,20     1  systemd
00:36:36      990       903    0,40    0,40    0,00    0,00    0,80     5  dbus-daemon
00:36:36      115       930    1,20    0,40    0,00    0,00    1,60     7  prometheus-node
00:36:36      115       933    0,20    0,00    0,00    0,00    0,20     5  prometheus
00:36:36        0      1391    0,20    0,00    0,00    0,00    0,20     5  tailscaled
00:36:36        0      1423    0,40    0,20    0,00    0,00    0,60     2  containerd
00:36:36        0      2310    0,20    0,20    0,00    0,00    0,40     0  dockerd
00:36:36      117      2312    0,60    0,40    0,00    0,00    1,00     3  grafana
00:36:36        0      2932    0,40    0,00    0,00    0,00    0,40     2  mount.ntfs-3g
00:36:36        0      2975    0,20    0,00    0,00    0,00    0,20     7  containerd-shim
00:36:36        0      2981    0,00    0,20    0,00    0,00    0,20     0  containerd-shim
00:36:36      999      3130    0,40    0,00    0,00    0,00    0,40     7  redis-server
00:36:36     1000      4708    1,00    0,00    0,00    0,00    1,00     5  gnome-shell
00:36:36     1000      6317    0,00    0,20    0,00    0,00    0,20     2  antigravity
00:36:36     1000      6339    0,40    0,00    0,00    0,00    0,40     2  gnome-terminal-
00:36:36     1000      6757    0,00    0,20    0,00    0,00    0,20     4  antigravity
00:36:36     1000      6820    1,00    0,40    0,00    0,00    1,40     5  antigravity
00:36:36     1000      7059    1,40    2,00    0,00    0,00    3,40     7  language_server
00:36:36     1000      7229    0,20    0,00    0,00    0,00    0,20     6  antigravity
00:36:36     1000      7244    1,40    0,60    0,00    0,20    2,00     3  antigravity
00:36:36     1000      7260    0,80    0,00    0,00    0,00    0,80     7  antigravity
00:36:36     1000      8267    1,60    1,40    0,00    0,00    3,00     7  language_server
00:36:36     1000      8356    0,00    0,20    0,00    0,00    0,20     4  antigravity
00:36:36     1000      9291    0,20    0,00    0,00    0,00    0,20     7  chrome
00:36:36     1000      9519    0,20    0,00    0,00    0,00    0,20     0  chrome
00:36:36        0    102820    0,00    0,20    0,00    0,00    0,20     6  kworker/6:1-events
00:36:36     1000    102850    0,20    0,20    0,00    0,00    0,40     6  pidstat
00:36:36     1000    102882    5,20    0,20    0,00    0,00    5,40     5  java

00:36:31      UID       PID  minflt/s  majflt/s     VSZ     RSS   %MEM  Command
00:36:36      115       930    102,00      0,00 1762312   25920   0,16  prometheus-node
00:36:36        0      1423      3,60      0,00 2463900   70560   0,43  containerd
00:36:36        0      2975     11,40      0,00 1235352   13488   0,08  containerd-shim
00:36:36        0      2976     14,00      0,00 1235608   14368   0,09  containerd-shim
00:36:36        0      2977      9,60      0,00 1235352   15276   0,09  containerd-shim
00:36:36        0      2981     10,80      0,00 1235608   14372   0,09  containerd-shim
00:36:36        0      2982     13,00      0,00 1235608   15012   0,09  containerd-shim
00:36:36     1000      4708      6,20      0,00 5454468  346620   2,14  gnome-shell
00:36:36     1000      6317     33,60      0,00 1461668528  314816   1,94  antigravity
00:36:36     1000      6757      6,60      0,00 34359628  169552   1,04  antigravity
00:36:36     1000      6771      1,20      0,00 33903964   81164   0,50  antigravity
00:36:36     1000      6820    178,60      0,00 1461417264  660324   4,07  antigravity
00:36:36     1000      7161      0,40      0,00 33951332   64332   0,40  antigravity
00:36:36     1000      7229     95,40      0,00 1461383544  129284   0,80  antigravity
00:36:36     1000      7244    280,60      0,00 1461351324  286772   1,77  antigravity
00:36:36     1000      7258      3,40      0,00 1461347760  125768   0,77  antigravity
00:36:36     1000      7260    112,20      0,00 1461367100  164308   1,01  antigravity
00:36:36     1000      8356      5,20      0,00 1459530528  100844   0,62  antigravity
00:36:36     1000      9291     14,00      0,00 55435272  374260   2,31  chrome
00:36:36     1000      9342      2,20      0,00 55467700  213584   1,32  chrome
00:36:36     1000      9345      4,20      0,00 54976356  136016   0,84  chrome
00:36:36     1000      9359      0,60      0,00 55015792   62536   0,39  chrome
00:36:36     1000     76014      0,60      0,00 1518513820  344016   2,12  chrome
00:36:36     1000     76063      0,40      0,00 55006444   86720   0,53  chrome
00:36:36     1000    102882     27,20      0,00 5161116  200436   1,23  java

00:36:31      UID       PID   kB_rd/s   kB_wr/s kB_ccwr/s iodelay  Command
00:36:36     1000    102850      0,00      0,91      0,00       0  pidstat
00:36:36     1000    102882      0,00      1,60      0,00       0  java

00:36:36      UID       PID    %usr %system  %guest   %wait    %CPU   CPU  Command
00:36:41        0       120    0,00    0,20    0,00    0,00    0,20     7  kworker/u33:0-i915_flip
00:36:41        0      1383    0,20    0,00    0,00    0,00    0,20     7  glances
00:36:41        0      1391    0,00    0,20    0,00    0,00    0,20     2  tailscaled
00:36:41        0      1423    0,20    0,20    0,00    0,00    0,40     2  containerd
00:36:41        0      2310    0,80    0,00    0,00    0,00    0,80     0  dockerd
00:36:41      117      2312    0,60    0,20    0,00    0,00    0,80     3  grafana
00:36:41        0      2932    0,40    0,40    0,00    0,00    0,80     1  mount.ntfs-3g
00:36:41        0      2976    0,00    0,20    0,00    0,00    0,20     6  containerd-shim
00:36:41        0      2977    0,00    0,20    0,00    0,00    0,20     7  containerd-shim
00:36:41        0      2981    0,20    0,00    0,00    0,00    0,20     0  containerd-shim
00:36:41        0      2982    0,00    0,20    0,00    0,00    0,20     1  containerd-shim
00:36:41      999      3130    0,40    0,00    0,00    0,00    0,40     0  redis-server
00:36:41     1000      4708    0,80    0,40    0,00    0,00    1,20     4  gnome-shell
00:36:41     1000      6317    0,20    0,20    0,00    0,00    0,40     5  antigravity
00:36:41     1000      6339    0,80    0,20    0,00    0,00    1,00     6  gnome-terminal-
00:36:41     1000      6757    0,20    0,00    0,00    0,00    0,20     4  antigravity
00:36:41     1000      6820    1,00    0,40    0,00    0,00    1,40     1  antigravity
00:36:41     1000      7059    2,00    1,80    0,00    0,00    3,80     7  language_server
00:36:41     1000      7229    0,20    0,00    0,00    0,00    0,20     1  antigravity
00:36:41     1000      7244    1,60    0,40    0,00    0,00    2,00     4  antigravity
00:36:41     1000      7260    0,40    0,00    0,00    0,00    0,40     7  antigravity
00:36:41     1000      8267    2,00    0,80    0,00    0,00    2,80     7  language_server
00:36:41     1000      8356    0,20    0,00    0,00    0,00    0,20     5  antigravity
00:36:41     1000      9291    0,20    0,20    0,00    0,00    0,40     0  chrome
00:36:41     1000      9519    0,40    0,00    0,00    0,00    0,40     2  chrome
00:36:41     1000     91682    0,00    0,20    0,00    0,00    0,20     0  ssh
00:36:41     1000     98039    0,20    0,00    0,00    0,00    0,20     4  antigravity
00:36:41     1000    102850    0,20    0,40    0,00    0,00    0,60     6  pidstat
00:36:41     1000    102882    2,60    0,40    0,00    0,00    3,00     5  java
00:36:41     1000    103057    0,20    0,20    0,00    0,00    0,40     4  gnome-screensho

00:36:36      UID       PID  minflt/s  majflt/s     VSZ     RSS   %MEM  Command
00:36:41        0      2975     15,20      0,00 1235352   13744   0,08  containerd-shim
00:36:41        0      2976     12,00      0,00 1235608   14496   0,09  containerd-shim
00:36:41        0      2977     12,40      0,00 1235352   15276   0,09  containerd-shim
00:36:41        0      2981     12,60      0,00 1235608   14500   0,09  containerd-shim
00:36:41        0      2982     12,60      0,00 1235608   15268   0,09  containerd-shim
00:36:41     1000      4708      1,60      0,00 5455044  346620   2,14  gnome-shell
00:36:41     1000      6317     33,60      0,00 1461668528  315052   1,94  antigravity
00:36:41     1000      6757     24,00      0,00 34359628  169808   1,05  antigravity
00:36:41     1000      6771      0,60      0,00 33903964   81164   0,50  antigravity
00:36:41     1000      6820    134,80      0,00 1461417264  662444   4,08  antigravity
00:36:41     1000      7161      0,20      0,00 33951332   64332   0,40  antigravity
00:36:41     1000      7229      5,80      0,00 1461383544  129284   0,80  antigravity
00:36:41     1000      7244    375,80      0,00 1461351324  286524   1,77  antigravity
00:36:41     1000      7258      2,60      0,00 1461347760  125768   0,77  antigravity
00:36:41     1000      7260     19,00      0,00 1461367100  163812   1,01  antigravity
00:36:41     1000      8356      5,40      0,00 1459530528  100844   0,62  antigravity
00:36:41     1000      9291     13,20      0,00 55435272  374388   2,31  chrome
00:36:41     1000      9342      2,20      0,00 55467700  213584   1,32  chrome
00:36:41     1000      9345     16,40      0,00 54976356  136144   0,84  chrome
00:36:41     1000      9359      1,20      0,00 55015792   62536   0,39  chrome
00:36:41     1000      9519    356,80      0,00 1518553976  364316   2,24  chrome
00:36:41     1000     76014      0,20      0,00 1518513820  344016   2,12  chrome
00:36:41     1000     76063      0,20      0,00 55006444   86720   0,53  chrome
00:36:41     1000     99008      6,00      0,00    7664    3936   0,02  bash
00:36:41     1000    102882     18,60      0,00 5161116  200820   1,24  java
00:36:41     1000    103057    265,80      0,00  408124   19184   0,12  gnome-screensho

00:36:36      UID       PID   kB_rd/s   kB_wr/s kB_ccwr/s iodelay  Command
00:36:41     1000      7244      0,00      0,80      0,00       0  antigravity
00:36:41     1000      9291      0,00      4,80      0,00       0  chrome
00:36:41     1000    102850      0,00      0,96      0,00       0  pidstat
00:36:41     1000    102882      0,00      1,60      0,00       0  java

00:36:41      UID       PID    %usr %system  %guest   %wait    %CPU   CPU  Command
00:36:46      115       933    0,20    0,00    0,00    0,00    0,20     1  prometheus
00:36:46        0      1391    0,00    0,20    0,00    0,00    0,20     3  tailscaled
00:36:46        0      1423    0,20    0,00    0,00    0,00    0,20     2  containerd
00:36:46        0      2310    0,40    0,00    0,00    0,00    0,40     0  dockerd
00:36:46      117      2312    0,40    0,40    0,00    0,00    0,80     3  grafana
00:36:46        0      2932    0,40    0,60    0,00    0,00    1,00     1  mount.ntfs-3g
00:36:46        0      2976    0,20    0,00    0,00    0,00    0,20     6  containerd-shim
00:36:46      999      3130    0,40    0,00    0,00    0,00    0,40     7  redis-server
00:36:46     1000      4570    0,40    0,00    0,00    0,00    0,40     3  pipewire
00:36:46     1000      4573    0,40    0,00    0,00    0,00    0,40     3  wireplumber
00:36:46     1000      4574    0,20    0,00    0,00    0,00    0,20     4  pipewire-pulse
00:36:46     1000      4708    6,40    0,80    0,00    0,00    7,20     3  gnome-shell
00:36:46     1000      5504    0,20    0,00    0,00    0,00    0,20     0  xdg-desktop-por
00:36:46     1000      6317    0,40    0,20    0,00    0,00    0,60     4  antigravity
00:36:46     1000      6339    0,40    0,00    0,00    0,00    0,40     1  gnome-terminal-
00:36:46     1000      6757    0,60    0,40    0,00    0,00    1,00     1  antigravity
00:36:46     1000      6820    4,00    0,00    0,00    0,00    4,00     7  antigravity
00:36:46     1000      7059    1,40    1,80    0,00    0,00    3,20     5  language_server
00:36:46     1000      7229    0,20    0,20    0,00    0,00    0,40     3  antigravity
00:36:46     1000      7244    1,60    0,40    0,00    0,00    2,00     3  antigravity
00:36:46     1000      7260    0,80    0,40    0,00    0,00    1,20     1  antigravity
00:36:46     1000      8267    1,80    1,20    0,00    0,00    3,00     7  language_server
00:36:46     1000      9519    0,20    0,00    0,00    0,00    0,20     2  chrome
00:36:46     1000    102850    0,00    0,40    0,00    0,00    0,40     0  pidstat
00:36:46     1000    102882    3,60    0,20    0,00    0,00    3,80     5  java

00:36:41      UID       PID  minflt/s  majflt/s     VSZ     RSS   %MEM  Command
00:36:46        0      2975      0,80      0,00 1235352   13744   0,08  containerd-shim
00:36:46        0      2976     10,00      0,00 1235608   14752   0,09  containerd-shim
00:36:46        0      2977     14,00      0,00 1235352   15404   0,09  containerd-shim
00:36:46        0      2981      6,60      0,00 1235608   14756   0,09  containerd-shim
00:36:46        0      2982      4,00      0,00 1235608   15396   0,09  containerd-shim
00:36:46     1000      4570     37,60      0,00  105040   14696   0,09  pipewire
00:36:46     1000      4574     38,00      0,00  110852   15540   0,10  pipewire-pulse
00:36:46     1000      4708     14,80      0,00 5454596  346620   2,14  gnome-shell
00:36:46     1000      5504      0,20      0,00  778332   19920   0,12  xdg-desktop-por
00:36:46     1000      6317     35,80      0,00 1461668528  315048   1,94  antigravity
00:36:46     1000      6757     44,80      0,00 34367116  170048   1,05  antigravity
00:36:46     1000      6771      0,60      0,00 33903964   81164   0,50  antigravity
00:36:46     1000      6820    367,00      0,00 1461417264  666812   4,11  antigravity
00:36:46     1000      7161      0,20      0,00 33951332   64332   0,40  antigravity
00:36:46     1000      7229    130,40      0,00 1461383544  129284   0,80  antigravity
00:36:46     1000      7244    316,20      0,00 1461351324  286472   1,76  antigravity
00:36:46     1000      7258      5,60      0,00 1461347760  125768   0,77  antigravity
00:36:46     1000      7260     25,60      0,00 1461367100  163980   1,01  antigravity
00:36:46     1000      8356      5,20      0,00 1459530528  100844   0,62  antigravity
00:36:46     1000      9291      7,80      0,00 55435272  374388   2,31  chrome
00:36:46     1000      9342      4,40      0,00 55467700  213584   1,32  chrome
00:36:46     1000      9345      7,40      0,00 54976356  136004   0,84  chrome
00:36:46     1000      9359      0,60      0,00 55015792   62536   0,39  chrome
00:36:46     1000     76014      0,40      0,00 1518513820  344016   2,12  chrome
00:36:46     1000     76063      0,20      0,00 55006444   86720   0,53  chrome
00:36:46     1000     99008      0,80      0,00    7664    3936   0,02  bash
00:36:46     1000    102882     82,60      0,00 5161116  202484   1,25  java

00:36:41      UID       PID   kB_rd/s   kB_wr/s kB_ccwr/s iodelay  Command
00:36:46     1000      4573      0,00      0,80      0,00       0  wireplumber
00:36:46     1000      4708      0,00     78,40      0,00       0  gnome-shell
00:36:46     1000      9291      0,00      3,20      0,00       0  chrome
00:36:46     1000     99008      0,00    183,89     78,40       0  bash
00:36:46     1000    102850      0,00      1,04      0,00       0  pidstat
00:36:46     1000    102882      0,00      1,60      0,00       0  java

00:36:46      UID       PID    %usr %system  %guest   %wait    %CPU   CPU  Command
00:36:51        0         1    0,20    0,20    0,00    0,00    0,40     1  systemd
00:36:51        0        86    0,00    0,20    0,00    0,00    0,20     1  irq/9-acpi
00:36:51      990       903    0,60    0,20    0,00    0,00    0,80     2  dbus-daemon
00:36:51      115       930    1,00    0,80    0,00    0,00    1,80     7  prometheus-node
00:36:51      115       933    0,20    0,00    0,00    0,00    0,20     1  prometheus
00:36:51        0      1383    0,20    0,00    0,00    0,00    0,20     7  glances
00:36:51        0      1423    0,40    0,20    0,00    0,00    0,60     2  containerd
00:36:51        0      2310    0,40    0,20    0,00    0,00    0,60     0  dockerd
00:36:51      117      2312    0,40    0,40    0,00    0,00    0,80     3  grafana
00:36:51        0      2932    0,40    0,40    0,00    0,00    0,80     4  mount.ntfs-3g
00:36:51        0      2975    0,20    0,20    0,00    0,00    0,40     7  containerd-shim
00:36:51        0      2977    0,00    0,20    0,00    0,00    0,20     7  containerd-shim
00:36:51        0      2981    0,20    0,00    0,00    0,00    0,20     0  containerd-shim
00:36:51      999      3130    0,40    0,00    0,00    0,00    0,40     2  redis-server
00:36:51     1000      4570    0,00    0,20    0,00    0,00    0,20     1  pipewire
00:36:51     1000      4708    0,80    0,40    0,00    0,20    1,20     2  gnome-shell
00:36:51     1000      5107    0,00    0,20    0,00    0,00    0,20     6  anydesk
00:36:51     1000      6317    0,20    0,00    0,00    0,00    0,20     5  antigravity
00:36:51     1000      6339    0,80    0,00    0,00    0,00    0,80     4  gnome-terminal-
00:36:51     1000      6757    0,20    0,20    0,00    0,20    0,40     4  antigravity
00:36:51     1000      6820   12,40    0,40    0,00    0,00   12,80     2  antigravity
00:36:51     1000      7059    3,20    1,20    0,00    0,00    4,40     4  language_server
00:36:51     1000      7229    0,20    0,20    0,00    0,00    0,40     5  antigravity
00:36:51     1000      7244    1,40    0,80    0,00    0,00    2,20     6  antigravity
00:36:51     1000      7260    0,20    0,00    0,00    0,00    0,20     7  antigravity
00:36:51     1000      8267    1,80    1,00    0,00    0,00    2,80     7  language_server
00:36:51     1000      8356    0,20    0,00    0,00    0,00    0,20     7  antigravity
00:36:51     1000      9291    0,20    0,00    0,00    0,00    0,20     0  chrome
00:36:51     1000      9345    0,20    0,00    0,00    0,00    0,20     2  chrome
00:36:51     1000      9359    0,00    0,20    0,00    0,00    0,20     5  chrome
00:36:51     1000      9519    0,20    0,00    0,00    0,00    0,20     1  chrome
00:36:51        0     49776    0,00    0,20    0,00    0,00    0,20     6  kworker/u32:0-events_unbound
00:36:51        0     98978    0,00    0,20    0,00    0,00    0,20     0  kworker/0:1-events
00:36:51        0     99362    0,00    0,20    0,00    0,00    0,20     1  kworker/u32:5-ext4-rsv-conversion
00:36:51     1000    102850    0,20    0,40    0,00    0,00    0,60     3  pidstat
00:36:51     1000    102882    3,00    0,40    0,00    0,00    3,40     5  java

00:36:46      UID       PID  minflt/s  majflt/s     VSZ     RSS   %MEM  Command
00:36:51      115       930     94,80      0,00 1762312   25828   0,16  prometheus-node
00:36:51        0      2975      0,40      0,00 1235352   13744   0,08  containerd-shim
00:36:51        0      2976      4,20      0,00 1235608   14880   0,09  containerd-shim
00:36:51        0      2977      8,60      0,00 1235352   15532   0,10  containerd-shim
00:36:51        0      2981      5,40      0,00 1235608   15012   0,09  containerd-shim
00:36:51        0      2982      2,40      0,00 1235608   15396   0,09  containerd-shim
00:36:51     1000      4570      0,00      0,00  104092   14544   0,09  pipewire
00:36:51     1000      4708      1,00      0,00 5454468  346620   2,14  gnome-shell
00:36:51     1000      6317     35,80      0,00 1461668528  315228   1,94  antigravity
00:36:51     1000      6757      8,60      0,00 34367116  169808   1,05  antigravity
00:36:51     1000      6771      0,60      0,00 33903964   81164   0,50  antigravity
00:36:51     1000      6820    316,60      0,00 1461417264  656520   4,04  antigravity
00:36:51     1000      7161      0,20      0,00 33951332   64332   0,40  antigravity
00:36:51     1000      7229     12,80      0,00 1461383544  129284   0,80  antigravity
00:36:51     1000      7244    321,40      0,00 1461351324  286596   1,77  antigravity
00:36:51     1000      7258      3,40      0,00 1461347760  125768   0,77  antigravity
00:36:51     1000      7260     19,00      0,00 1461367100  163852   1,01  antigravity
00:36:51     1000      8356      5,20      0,00 1459530528  100844   0,62  antigravity
00:36:51     1000      9291      7,60      0,00 55435272  374388   2,31  chrome
00:36:51     1000      9342      2,20      0,00 55467700  213584   1,32  chrome
00:36:51     1000      9345      4,80      0,00 54976356  136004   0,84  chrome
00:36:51     1000      9359      0,60      0,00 55015792   62536   0,39  chrome
00:36:51     1000     76014      0,60      0,00 1518513820  344016   2,12  chrome
00:36:51     1000     76063      0,20      0,00 55006444   86720   0,53  chrome
00:36:51     1000    102882     77,40      0,00 5161116  204020   1,26  java

00:36:46      UID       PID   kB_rd/s   kB_wr/s kB_ccwr/s iodelay  Command
00:36:51     1000      9291      0,00      2,40      0,00       0  chrome
00:36:51     1000    102850      0,00      1,00      0,00       0  pidstat
00:36:51     1000    102882      0,00      1,60      0,00       0  java

00:36:51      UID       PID    %usr %system  %guest   %wait    %CPU   CPU  Command
00:36:56        0        86    0,00    0,20    0,00    0,00    0,20     1  irq/9-acpi
00:36:56        0       120    0,00    0,20    0,00    0,00    0,20     7  kworker/u33:0-i915_flip
00:36:56      115       933    0,40    0,00    0,00    0,00    0,40     1  prometheus
00:36:56        0      1383    0,00    0,20    0,00    0,00    0,20     7  glances
00:36:56        0      1423    0,20    0,00    0,00    0,00    0,20     2  containerd
00:36:56        0      2310    0,40    0,20    0,00    0,00    0,60     0  dockerd
00:36:56      117      2312    0,40    0,80    0,00    0,00    1,20     3  grafana
00:36:56        0      2932    0,20    0,40    0,00    0,00    0,60     4  mount.ntfs-3g
00:36:56        0      2976    0,00    0,20    0,00    0,00    0,20     6  containerd-shim
00:36:56        0      2982    0,20    0,20    0,00    0,00    0,40     1  containerd-shim
00:36:56      999      3130    0,40    0,20    0,00    0,00    0,60     4  redis-server
00:36:56     1000      4708    1,00    0,40    0,00    0,00    1,40     2  gnome-shell
00:36:56     1000      6317    0,20    0,20    0,00    0,00    0,40     6  antigravity
00:36:56     1000      6339    0,40    0,20    0,00    0,00    0,60     4  gnome-terminal-
00:36:56     1000      6757    0,20    0,00    0,00    0,00    0,20     4  antigravity
00:36:56     1000      6820    1,00    0,40    0,00    0,00    1,40     2  antigravity
00:36:56     1000      7059    1,80    1,60    0,00    0,00    3,40     1  language_server
00:36:56     1000      7229    0,40    0,00    0,00    0,00    0,40     5  antigravity
00:36:56     1000      7244    1,40    0,40    0,00    0,00    1,80     4  antigravity
00:36:56     1000      7260    0,60    0,00    0,00    0,00    0,60     4  antigravity
00:36:56     1000      8267    1,20    1,80    0,00    0,00    3,00     7  language_server
00:36:56     1000      9291    0,20    0,20    0,00    0,00    0,40     0  chrome
00:36:56     1000      9345    0,00    0,20    0,00    0,00    0,20     7  chrome
00:36:56     1000      9519    0,20    0,00    0,00    0,00    0,20     3  chrome
00:36:56     1000     76014    0,20    0,00    0,00    0,00    0,20     6  chrome
00:36:56        0    102820    0,00    0,20    0,00    0,00    0,20     6  kworker/6:1-mm_percpu_wq
00:36:56     1000    102850    0,00    0,20    0,00    0,00    0,20     3  pidstat
00:36:56     1000    102882    3,60    0,20    0,00    0,00    3,80     5  java

00:36:51      UID       PID  minflt/s  majflt/s     VSZ     RSS   %MEM  Command
00:36:56      115       933      0,00      0,00 2711492  114360   0,70  prometheus
00:36:56        0      2975      5,00      0,00 1235352   13872   0,09  containerd-shim
00:36:56        0      2976     10,20      0,00 1235608   15008   0,09  containerd-shim
00:36:56        0      2977      2,00      0,00 1235352   15532   0,10  containerd-shim
00:36:56        0      2981      0,80      0,00 1235608   15012   0,09  containerd-shim
00:36:56        0      2982      5,00      0,00 1235608   15524   0,10  containerd-shim
00:36:56     1000      4708      6,40      0,00 5454532  346748   2,14  gnome-shell
00:36:56     1000      6317     33,60      0,00 1461668528  315304   1,94  antigravity
00:36:56     1000      6757      6,20      0,00 34359820  169680   1,05  antigravity
00:36:56     1000      6771      1,20      0,00 33903964   81164   0,50  antigravity
00:36:56     1000      6820    176,00      0,00 1461417264  657008   4,05  antigravity
00:36:56     1000      7161      0,40      0,00 33951332   64332   0,40  antigravity
00:36:56     1000      7229      2,60      0,00 1461383544  129284   0,80  antigravity
00:36:56     1000      7244    293,20      0,00 1461351324  286852   1,77  antigravity
00:36:56     1000      7258      2,60      0,00 1461347760  125768   0,77  antigravity
00:36:56     1000      7260     18,40      0,00 1461367100  164108   1,01  antigravity
00:36:56     1000      8356      5,00      0,00 1459530528  100844   0,62  antigravity
00:36:56     1000      9291     22,20      0,00 55435272  374388   2,31  chrome
00:36:56     1000      9342      2,20      0,00 55467700  213584   1,32  chrome
00:36:56     1000      9345     29,80      0,00 54976356  136260   0,84  chrome
00:36:56     1000      9359      0,60      0,00 55015792   62536   0,39  chrome
00:36:56     1000     76014      0,20      0,00 1518513820  344016   2,12  chrome
00:36:56     1000     76025      1,40      0,00 1518490664  121120   0,75  chrome
00:36:56     1000     76063      0,40      0,00 55006444   86720   0,53  chrome
00:36:56     1000    102882    166,60      0,00 5161116  207476   1,28  java

00:36:51      UID       PID   kB_rd/s   kB_wr/s kB_ccwr/s iodelay  Command
00:36:56     1000      7244      0,00      0,80      0,00       0  antigravity
00:36:56     1000      9291      0,00      8,80      0,00       0  chrome
00:36:56     1000      9345      0,00     19,20      0,00       0  chrome
00:36:56     1000    102850      0,00      1,12      0,00       0  pidstat

00:36:56      UID       PID    %usr %system  %guest   %wait    %CPU   CPU  Command
00:37:01        0         1    0,40    0,00    0,00    0,00    0,40     0  systemd
00:37:01        0        17    0,00    0,20    0,00    0,20    0,20     6  rcu_preempt
00:37:01        0       408    0,00    0,20    0,00    0,00    0,20     6  systemd-udevd
00:37:01      990       903    0,60    0,00    0,00    0,20    0,60     2  dbus-daemon
00:37:01        0      1079    0,20    0,00    0,00    0,00    0,20     4  NetworkManager
00:37:01        0      1383    0,20    0,00    0,00    0,00    0,20     7  glances
00:37:01        0      1391    0,20    0,40    0,00    0,00    0,60     3  tailscaled
00:37:01        0      1423    0,80    0,40    0,00    0,00    1,20     2  containerd
00:37:01        0      2310    0,80    0,60    0,00    0,00    1,40     0  dockerd
00:37:01      117      2312    0,60    0,20    0,00    0,00    0,80     3  grafana
00:37:01        0      2932    0,40    0,20    0,00    0,00    0,60     1  mount.ntfs-3g
00:37:01        0      2975    0,20    0,00    0,00    0,00    0,20     7  containerd-shim
00:37:01        0      2977    0,20    0,00    0,00    0,00    0,20     7  containerd-shim
00:37:01        0      2981    0,20    0,00    0,00    0,00    0,20     0  containerd-shim
00:37:01      999      3130    0,40    0,00    0,00    0,00    0,40     5  redis-server
00:37:01     1000      4549    0,20    0,20    0,00    0,00    0,40     1  systemd
00:37:01     1000      4569    0,20    0,00    0,00    0,00    0,20     2  dbus-daemon
00:37:01     1000      4708    1,40    0,00    0,00    0,00    1,40     1  gnome-shell
00:37:01     1000      5021    0,00    0,20    0,00    0,00    0,20     7  gsd-housekeepin
00:37:01     1000      5043    0,20    0,00    0,00    0,40    0,20     7  gnome-software
00:37:01     1000      5055    0,20    0,00    0,00    0,00    0,20     3  gsd-sharing
00:37:01     1000      5107    0,20    0,00    0,00    0,00    0,20     6  anydesk
00:37:01     1000      5268    0,00    0,20    0,00    0,00    0,20     2  gvfs-udisks2-vo
00:37:01     1000      5331    0,20    0,00    0,00    0,20    0,20     5  goa-daemon
00:37:01        0      5954    0,20    0,20    0,00    0,00    0,40     5  fwupd
00:37:01     1000      6317    0,20    0,20    0,00    0,00    0,40     4  antigravity
00:37:01     1000      6339    0,80    0,00    0,00    0,00    0,80     4  gnome-terminal-
00:37:01     1000      6757    0,20    0,00    0,00    0,00    0,20     1  antigravity
00:37:01     1000      6820    1,40    0,00    0,00    0,00    1,40     2  antigravity
00:37:01     1000      7059    1,80    1,00    0,00    0,20    2,80     7  language_server
00:37:01     1000      7229    0,20    0,40    0,00    0,00    0,60     5  antigravity
00:37:01     1000      7244    1,60    0,60    0,00    0,00    2,20     5  antigravity
00:37:01     1000      7258    0,20    0,00    0,00    0,00    0,20     5  antigravity
00:37:01     1000      7260    0,40    0,20    0,00    0,00    0,60     6  antigravity
00:37:01     1000      8267    1,40    1,20    0,00    0,00    2,60     7  language_server
00:37:01     1000      8356    0,00    0,20    0,00    0,00    0,20     3  antigravity
00:37:01     1000      9291    0,00    0,20    0,00    0,00    0,20     0  chrome
00:37:01     1000      9390    0,20    0,00    0,00    0,00    0,20     1  chrome
00:37:01     1000      9500    0,20    0,00    0,00    0,00    0,20     2  chrome
00:37:01     1000      9519    0,00    0,20    0,00    0,00    0,20     7  chrome
00:37:01     1000     91682    0,00    0,20    0,00    0,00    0,20     3  ssh
00:37:01        0     95637    0,00    0,20    0,00    0,00    0,20     3  kworker/3:0-events
00:37:01        0     98479    0,00    0,20    0,00    0,20    0,20     1  kworker/1:0-mm_percpu_wq
00:37:01        0     98503    0,20    0,00    0,00    0,00    0,20     4  kworker/4:0-events
00:37:01     1000    102850    0,20    0,40    0,00    0,00    0,60     3  pidstat
00:37:01     1000    102882    4,00    0,20    0,00    0,00    4,20     5  java

00:36:56      UID       PID  minflt/s  majflt/s     VSZ     RSS   %MEM  Command
00:37:01        0       376     45,40      0,00  188968  108564   0,67  systemd-journal
00:37:01        0       408     95,80      0,00   37544   10908   0,07  systemd-udevd
00:37:01        0      2975      0,00      0,00 1235352   13740   0,08  containerd-shim
00:37:01        0      2976      0,20      0,00 1235608   14412   0,09  containerd-shim
00:37:01        0      2977      7,00      0,00 1235352   14944   0,09  containerd-shim
00:37:01        0      2981      4,60      0,00 1235608   14328   0,09  containerd-shim
00:37:01        0      2982     10,20      0,00 1235608   14928   0,09  containerd-shim
00:37:01     1000      4708      3,20      0,00 5454532  346876   2,14  gnome-shell
00:37:01        0      5954      0,20      0,00  370300   46692   0,29  fwupd
00:37:01     1000      6317     52,40      0,00 1461668528  315360   1,94  antigravity
00:37:01     1000      6757     24,60      0,00 34359948  169800   1,05  antigravity
00:37:01     1000      6771      0,60      0,00 33903964   81164   0,50  antigravity
00:37:01     1000      6820    168,40      0,00 1461417264  659316   4,06  antigravity
00:37:01     1000      7161      0,20      0,00 33951332   64332   0,40  antigravity
00:37:01     1000      7229    100,60      0,00 1461383544  129284   0,80  antigravity
00:37:01     1000      7244    359,00      0,00 1461351324  286836   1,77  antigravity
00:37:01     1000      7258      3,40      0,00 1461347760  125768   0,77  antigravity
00:37:01     1000      7260     19,20      0,00 1461367100  164084   1,01  antigravity
00:37:01     1000      8356      5,00      0,00 1459530528  100844   0,62  antigravity
00:37:01     1000      9291      7,20      0,00 55435272  374388   2,31  chrome
00:37:01     1000      9342      2,20      0,00 55467700  213584   1,32  chrome
00:37:01     1000      9345      4,60      0,00 54976356  135988   0,84  chrome
00:37:01     1000      9359      1,20      0,00 55015792   62536   0,39  chrome
00:37:01     1000      9519      0,00      0,00 1518553976  354792   2,19  chrome
00:37:01     1000     76014      0,80      0,00 1518513820  344016   2,12  chrome
00:37:01     1000     76063      0,20      0,00 55006444   86720   0,53  chrome
00:37:01     1000    102882     85,40      0,00 5161116  204424   1,26  java
00:37:01        0    103143     56,80      0,00   37548    7188   0,04  (udev-worker)
00:37:01        0    103157     27,60      0,00   37548    6784   0,04  (udev-worker)
00:37:01        0    103158     27,00      0,00   37548    6784   0,04  (udev-worker)
00:37:01        0    103159     27,60      0,00   37548    6784   0,04  (udev-worker)
00:37:01        0    103160     27,80      0,00   37548    6784   0,04  (udev-worker)
00:37:01        0    103161     27,20      0,00   37548    6784   0,04  (udev-worker)
00:37:01        0    103163     28,00      0,00   37548    6784   0,04  (udev-worker)
00:37:01        0    103164     61,00      0,00   37548    7188   0,04  (udev-worker)
00:37:01        0    103166     27,80      0,00   37548    6784   0,04  (udev-worker)
00:37:01        0    103167     27,80      0,00   37548    6784   0,04  (udev-worker)
00:37:01        0    103168     26,80      0,00   37548    6784   0,04  (udev-worker)
00:37:01        0    103169     27,40      0,00   37548    6784   0,04  (udev-worker)
00:37:01        0    103170     27,20      0,00   37548    6784   0,04  (udev-worker)
00:37:01        0    103171     27,40      0,00   37548    6784   0,04  (udev-worker)
00:37:01        0    103172     27,00      0,00   37548    6784   0,04  (udev-worker)
00:37:01        0    103173     37,20      0,00   37548    6784   0,04  (udev-worker)
00:37:01     1000    103265     27,40      0,00    2672    1588   0,01  sh
00:37:01     1000    103266     66,60      0,00    7012    3312   0,02  cpuUsage.sh
00:37:01     1000    103273     23,80      0,00    5656    2028   0,01  sleep

00:36:56      UID       PID   kB_rd/s   kB_wr/s kB_ccwr/s iodelay  Command
00:37:01     1000      7244      0,00      1,60      0,00       0  antigravity
00:37:01     1000      9359      0,00      0,80      0,00       0  chrome
00:37:01     1000    102850      0,00      0,99      0,00       0  pidstat
00:37:01     1000    102882      0,00      1,66      0,00       0  java

00:37:01      UID       PID    %usr %system  %guest   %wait    %CPU   CPU  Command
00:37:06        0         1    0,20    0,00    0,00    0,00    0,20     1  systemd
00:37:06        0       317    0,00    0,20    0,00    0,00    0,20     6  jbd2/sda6-8
00:37:06      990       903    0,40    0,20    0,00    0,00    0,60     2  dbus-daemon
00:37:06      115       930    1,20    0,40    0,00    0,00    1,60     7  prometheus-node
00:37:06      115       933    0,40    0,00    0,00    0,00    0,40     1  prometheus
00:37:06        0      1391    0,20    0,00    0,00    0,00    0,20     3  tailscaled
00:37:06        0      1411    0,00    0,20    0,00    0,00    0,20     1  anydesk
00:37:06        0      1423    0,40    0,00    0,00    0,00    0,40     2  containerd
00:37:06        0      2310    0,20    0,20    0,00    0,00    0,40     0  dockerd
00:37:06      117      2312    0,80    0,40    0,00    0,00    1,20     3  grafana
00:37:06        0      2932    0,40    0,40    0,00    0,00    0,80     4  mount.ntfs-3g
00:37:06        0      2976    0,20    0,00    0,00    0,00    0,20     6  containerd-shim
00:37:06        0      2982    0,20    0,00    0,00    0,00    0,20     1  containerd-shim
00:37:06      999      3130    0,40    0,00    0,00    0,00    0,40     6  redis-server
00:37:06     1000      4708    1,00    0,40    0,00    0,00    1,40     1  gnome-shell
00:37:06     1000      6317    0,20    0,00    0,00    0,00    0,20     3  antigravity
00:37:06     1000      6339    0,60    0,00    0,00    0,00    0,60     4  gnome-terminal-
00:37:06     1000      6757    0,20    0,00    0,00    0,00    0,20     4  antigravity
00:37:06     1000      6820    1,00    0,40    0,00    0,00    1,40     7  antigravity
00:37:06     1000      7059    1,40    1,60    0,00    0,00    3,00     2  language_server
00:37:06     1000      7229    0,00    0,20    0,00    0,00    0,20     3  antigravity
00:37:06     1000      7244    1,40    0,40    0,00    0,00    1,80     6  antigravity
00:37:06     1000      7260    0,60    0,20    0,00    0,00    0,80     6  antigravity
00:37:06     1000      8267    1,00    2,00    0,00    0,00    3,00     7  language_server
00:37:06     1000      9291    0,20    0,00    0,00    0,00    0,20     7  chrome
00:37:06     1000      9519    0,20    0,00    0,00    0,00    0,20     1  chrome
00:37:06     1000     76025    0,20    0,00    0,00    0,00    0,20     4  chrome
00:37:06     1000     98039    0,20    0,00    0,00    0,00    0,20     6  antigravity
00:37:06     1000    102850    0,20    0,40    0,00    0,00    0,60     7  pidstat
00:37:06     1000    102882    3,80    0,40    0,00    0,00    4,20     5  java

00:37:01      UID       PID  minflt/s  majflt/s     VSZ     RSS   %MEM  Command
00:37:06        0       408      1,80      0,00   37544   10908   0,07  systemd-udevd
00:37:06      115       930     89,80      0,00 1762312   25884   0,16  prometheus-node
00:37:06        0      1423      5,60      0,00 2463900   70688   0,44  containerd
00:37:06      117      2312      0,20      0,00 1765360  349884   2,16  grafana
00:37:06        0      2975      1,00      0,00 1235352   13740   0,08  containerd-shim
00:37:06        0      2976      8,80      0,00 1235608   14540   0,09  containerd-shim
00:37:06        0      2977     10,80      0,00 1235352   15200   0,09  containerd-shim
00:37:06        0      2981     10,00      0,00 1235608   14328   0,09  containerd-shim
00:37:06        0      2982     10,60      0,00 1235608   14928   0,09  containerd-shim
00:37:06     1000      4708      6,60      0,00 5454532  346744   2,14  gnome-shell
00:37:06     1000      6317     32,80      0,00 1461668528  315048   1,94  antigravity
00:37:06     1000      6757      4,80      0,00 34359820  169800   1,05  antigravity
00:37:06     1000      6771      0,60      0,00 33903964   81164   0,50  antigravity
00:37:06     1000      6820    134,40      0,00 1461417264  661492   4,08  antigravity
00:37:06     1000      7161      0,20      0,00 33951332   64332   0,40  antigravity
00:37:06     1000      7229    118,60      0,00 1461383544  129284   0,80  antigravity
00:37:06     1000      7244    315,20      0,00 1461351324  286800   1,77  antigravity
00:37:06     1000      7258      5,60      0,00 1461347760  125768   0,77  antigravity
00:37:06     1000      7260     18,60      0,00 1461367100  163908   1,01  antigravity
00:37:06     1000      8356      5,40      0,00 1459530528  100844   0,62  antigravity
00:37:06     1000      9291      7,20      0,00 55435272  374388   2,31  chrome
00:37:06     1000      9342      4,40      0,00 55467700  213584   1,32  chrome
00:37:06     1000      9345      7,60      0,00 54976356  135988   0,84  chrome
00:37:06     1000      9359      0,60      0,00 55015792   62536   0,39  chrome
00:37:06     1000     76014      0,40      0,00 1518513820  344016   2,12  chrome
00:37:06     1000     76063      0,20      0,00 55006444   86720   0,53  chrome
00:37:06     1000    102850      7,80      0,00    6316    5104   0,03  pidstat
00:37:06     1000    102882     84,20      0,00 5161116  206088   1,27  java
00:37:06     1000    103293     27,80      0,00    2672    1644   0,01  sh
00:37:06     1000    103294     66,00      0,00    7012    3244   0,02  cpuUsage.sh
00:37:06     1000    103301     23,20      0,00    5656    2012   0,01  sleep

00:37:01      UID       PID   kB_rd/s   kB_wr/s kB_ccwr/s iodelay  Command
00:37:06     1000      9291      0,00      0,80      0,00       0  chrome
00:37:06     1000    102850      0,00      1,65      0,00       0  pidstat
00:37:06     1000    102882      0,00      1,60      0,00       0  java

00:37:06      UID       PID    %usr %system  %guest   %wait    %CPU   CPU  Command
00:37:11        0      1383    0,20    0,00    0,00    0,00    0,20     7  glances
00:37:11        0      1423    0,20    0,40    0,00    0,00    0,60     2  containerd
00:37:11        0      2310    0,40    0,20    0,00    0,00    0,60     0  dockerd
00:37:11      117      2312    0,40    0,40    0,00    0,00    0,80     3  grafana
00:37:11        0      2932    0,60    0,20    0,00    0,00    0,80     1  mount.ntfs-3g
00:37:11        0      2975    0,00    0,20    0,00    0,00    0,20     7  containerd-shim
00:37:11        0      2981    0,00    0,20    0,00    0,00    0,20     0  containerd-shim
00:37:11      999      3130    0,40    0,00    0,00    0,00    0,40     6  redis-server
00:37:11     1000      4708    0,60    0,20    0,00    0,00    0,80     1  gnome-shell
00:37:11     1000      6317    0,20    0,00    0,00    0,00    0,20     2  antigravity
00:37:11     1000      6339    0,60    0,00    0,00    0,00    0,60     4  gnome-terminal-
00:37:11     1000      6757    0,00    0,20    0,00    0,00    0,20     4  antigravity
00:37:11     1000      6820    1,20    0,20    0,00    0,00    1,40     5  antigravity
00:37:11     1000      7059    1,40    1,80    0,00    0,00    3,20     2  language_server
00:37:11     1000      7229    0,20    0,20    0,00    0,00    0,40     5  antigravity
00:37:11     1000      7244    1,80    0,20    0,00    0,00    2,00     7  antigravity
00:37:11     1000      7260    0,60    0,00    0,00    0,00    0,60     4  antigravity
00:37:11     1000      8267    1,60    1,40    0,00    0,00    3,00     7  language_server
00:37:11     1000      8356    0,20    0,00    0,00    0,00    0,20     0  antigravity
00:37:11     1000      9291    0,20    0,00    0,00    0,00    0,20     7  chrome
00:37:11     1000      9345    0,20    0,00    0,00    0,00    0,20     6  chrome
00:37:11     1000      9519    0,20    0,00    0,00    0,00    0,20     1  chrome
00:37:11     1000     76063    0,20    0,00    0,00    0,00    0,20     5  chrome
00:37:11     1000    102850    0,20    0,20    0,00    0,00    0,40     1  pidstat
00:37:11     1000    102882    1,80    0,00    0,00    0,00    1,80     5  java

00:37:06      UID       PID  minflt/s  majflt/s     VSZ     RSS   %MEM  Command
00:37:11        0      1423      6,20      0,00 2463900   70688   0,44  containerd
00:37:11        0      2975      9,20      0,00 1235352   13740   0,08  containerd-shim
00:37:11        0      2976     13,60      0,00 1235608   14924   0,09  containerd-shim
00:37:11        0      2977     12,80      0,00 1235352   15456   0,10  containerd-shim
00:37:11        0      2981     15,60      0,00 1235608   14456   0,09  containerd-shim
00:37:11        0      2982     13,00      0,00 1235608   15056   0,09  containerd-shim
00:37:11     1000      4708      0,60      0,00 5454468  346744   2,14  gnome-shell
00:37:11     1000      6317     36,00      0,00 1461668528  315036   1,94  antigravity
00:37:11     1000      6757      6,20      0,00 34359372  169420   1,04  antigravity
00:37:11     1000      6771      0,60      0,00 33903964   81164   0,50  antigravity
00:37:11     1000      6820    182,00      0,00 1461417264  663524   4,09  antigravity
00:37:11     1000      7161      0,20      0,00 33951332   64332   0,40  antigravity
00:37:11     1000      7229     18,80      0,00 1461383544  129284   0,80  antigravity
00:37:11     1000      7244    256,60      0,00 1461351324  286792   1,77  antigravity
00:37:11     1000      7258      3,00      0,00 1461347760  125768   0,77  antigravity
00:37:11     1000      7260     24,60      0,00 1461367100  163992   1,01  antigravity
00:37:11     1000      8356      5,20      0,00 1459530528  100844   0,62  antigravity
00:37:11     1000      9291     11,60      0,00 55435272  374388   2,31  chrome
00:37:11     1000      9342      2,20      0,00 55467700  213584   1,32  chrome
00:37:11     1000      9345      9,00      0,00 54976356  135988   0,84  chrome
00:37:11     1000      9359      0,60      0,00 55015792   62536   0,39  chrome
00:37:11     1000     76063      0,20      0,00 55006444   86720   0,53  chrome
00:37:11     1000    102850      1,40      0,00    6316    5104   0,03  pidstat
00:37:11     1000    102882      4,00      0,00 5161116  206216   1,27  java

00:37:06      UID       PID   kB_rd/s   kB_wr/s kB_ccwr/s iodelay  Command
00:37:11     1000      7244      0,00      0,80      0,00       0  antigravity
00:37:11     1000      9291      0,00      4,00      0,00       0  chrome
00:37:11     1000      9345      0,00     36,00      0,00       0  chrome
00:37:11     1000    102850      0,00      1,10      0,00       0  pidstat
00:37:11     1000    102882      0,00      1,60      0,00       0  java

00:37:11      UID       PID    %usr %system  %guest   %wait    %CPU   CPU  Command
00:37:16        0      1383    0,20    0,00    0,00    0,00    0,20     7  glances
00:37:16        0      1423    0,40    0,00    0,00    0,00    0,40     2  containerd
00:37:16        0      2310    0,60    0,20    0,00    0,00    0,80     0  dockerd
00:37:16      117      2312    0,40    0,60    0,00    0,00    1,00     3  grafana
00:37:16        0      2932    0,40    0,40    0,00    0,00    0,80     2  mount.ntfs-3g
00:37:16        0      2976    0,00    0,20    0,00    0,00    0,20     6  containerd-shim
00:37:16        0      2977    0,20    0,00    0,00    0,00    0,20     7  containerd-shim
00:37:16      999      3130    0,40    0,00    0,00    0,00    0,40     6  redis-server
00:37:16     1000      4708    1,40    0,20    0,00    0,00    1,60     2  gnome-shell
00:37:16     1000      6317    0,40    0,00    0,00    0,00    0,40     1  antigravity
00:37:16     1000      6339    0,80    0,00    0,00    0,00    0,80     4  gnome-terminal-
00:37:16     1000      6757    0,20    0,00    0,00    0,00    0,20     1  antigravity
00:37:16     1000      6820    1,20    0,00    0,00    0,00    1,20     2  antigravity
00:37:16     1000      7059    1,20    2,00    0,00    0,00    3,20     4  language_server
00:37:16     1000      7229    0,20    0,00    0,00    0,00    0,20     6  antigravity
00:37:16     1000      7244    1,60    0,40    0,00    0,00    2,00     3  antigravity
00:37:16     1000      7260    0,40    0,00    0,00    0,00    0,40     4  antigravity
00:37:16     1000      8267    1,20    1,80    0,00    0,00    3,00     7  language_server
00:37:16     1000      9291    0,20    0,20    0,00    0,00    0,40     1  chrome
00:37:16     1000     91682    0,20    0,00    0,00    0,00    0,20     0  ssh
00:37:16        0     98978    0,00    0,20    0,00    0,00    0,20     0  kworker/0:1-events
00:37:16        0    102820    0,00    0,20    0,00    0,00    0,20     6  kworker/6:1-mm_percpu_wq
00:37:16     1000    102850    0,20    0,20    0,00    0,00    0,40     2  pidstat
00:37:16     1000    102882    3,40    0,40    0,00    0,00    3,80     5  java

00:37:11      UID       PID  minflt/s  majflt/s     VSZ     RSS   %MEM  Command
00:37:16        0      1423     11,80      0,00 2463900   70816   0,44  containerd
00:37:16      114      1526      3,80      0,00  218252   29568   0,18  postgres
00:37:16        0      2976      4,20      0,00 1235608   14924   0,09  containerd-shim
00:37:16        0      2977      1,40      0,00 1235352   15456   0,10  containerd-shim
00:37:16        0      2981      9,20      0,00 1235608   14584   0,09  containerd-shim
00:37:16        0      2982      5,80      0,00 1235608   15184   0,09  containerd-shim
00:37:16     1000      4708      6,60      0,00 5454468  346744   2,14  gnome-shell
00:37:16     1000      6317     34,00      0,00 1461668528  314916   1,94  antigravity
00:37:16     1000      6757      6,00      0,00 34359372  169548   1,04  antigravity
00:37:16     1000      6771      1,20      0,00 33903964   81164   0,50  antigravity
00:37:16     1000      6820    138,80      0,00 1461417264  666084   4,10  antigravity
00:37:16     1000      7161      0,40      0,00 33951332   64332   0,40  antigravity
00:37:16     1000      7229      2,40      0,00 1461383544  129284   0,80  antigravity
00:37:16     1000      7244    292,80      0,00 1461351324  287032   1,77  antigravity
00:37:16     1000      7258      2,80      0,00 1461347760  125768   0,77  antigravity
00:37:16     1000      7260     19,20      0,00 1461367100  164248   1,01  antigravity
00:37:16     1000      8356      5,40      0,00 1459530528  100844   0,62  antigravity
00:37:16     1000      9291     14,00      0,00 55435272  374388   2,31  chrome
00:37:16     1000      9342      2,20      0,00 55467700  213584   1,32  chrome
00:37:16     1000      9345      3,00      0,00 54976356  135860   0,84  chrome
00:37:16     1000      9359      0,60      0,00 55015792   62536   0,39  chrome
00:37:16     1000     76014      0,60      0,00 1518513820  344016   2,12  chrome
00:37:16     1000     76063      0,40      0,00 55006444   86720   0,53  chrome
00:37:16     1000    102882     12,80      0,00 5161116  210492   1,30  java

00:37:11      UID       PID   kB_rd/s   kB_wr/s kB_ccwr/s iodelay  Command
00:37:16     1000    102850      0,00      0,94      0,00       0  pidstat
00:37:16     1000    102882      0,00      1,60      0,00       0  java

00:37:16      UID       PID    %usr %system  %guest   %wait    %CPU   CPU  Command
00:37:21        0        86    0,00    0,20    0,00    0,00    0,20     1  irq/9-acpi
00:37:21      990       903    0,60    0,00    0,00    0,00    0,60     0  dbus-daemon
00:37:21      115       930    1,20    0,40    0,00    0,00    1,60     7  prometheus-node
00:37:21      115       933    0,20    0,00    0,00    0,00    0,20     1  prometheus
00:37:21        0      1391    0,00    0,20    0,00    0,00    0,20     3  tailscaled
00:37:21        0      1423    0,20    0,20    0,00    0,00    0,40     2  containerd
00:37:21        0      2310    0,40    0,00    0,00    0,00    0,40     0  dockerd
00:37:21      117      2312    0,00    0,80    0,00    0,00    0,80     3  grafana
00:37:21        0      2932    0,40    0,20    0,00    0,00    0,60     0  mount.ntfs-3g
00:37:21        0      2975    0,00    0,20    0,00    0,00    0,20     7  containerd-shim
00:37:21        0      2977    0,00    0,20    0,00    0,00    0,20     7  containerd-shim
00:37:21        0      2982    0,00    0,20    0,00    0,00    0,20     1  containerd-shim
00:37:21      999      3130    0,40    0,20    0,00    0,00    0,60     5  redis-server
00:37:21     1000      4708    0,60    0,40    0,00    0,00    1,00     3  gnome-shell
00:37:21     1000      6317    0,20    0,20    0,00    0,00    0,40     6  antigravity
00:37:21     1000      6339    0,60    0,00    0,00    0,00    0,60     4  gnome-terminal-
00:37:21     1000      6820   12,80    0,60    0,00    0,20   13,40     3  antigravity
00:37:21     1000      7059    1,60    1,40    0,00    0,00    3,00     6  language_server
00:37:21     1000      7229    0,20    0,00    0,00    0,00    0,20     2  antigravity
00:37:21     1000      7244    1,40    0,40    0,00    0,00    1,80     7  antigravity
00:37:21     1000      7260    0,20    0,40    0,00    0,00    0,60     2  antigravity
00:37:21     1000      8267    1,60    1,40    0,00    0,00    3,00     7  language_server
00:37:21     1000      8356    0,00    0,20    0,00    0,00    0,20     1  antigravity
00:37:21     1000      9519    0,20    0,20    0,00    0,00    0,40     2  chrome
00:37:21     1000     98039    0,00    0,20    0,00    0,00    0,20     4  antigravity
00:37:21     1000    102850    0,00    0,40    0,00    0,00    0,40     2  pidstat
00:37:21     1000    102882    2,60    0,00    0,00    0,00    2,60     5  java

00:37:16      UID       PID  minflt/s  majflt/s     VSZ     RSS   %MEM  Command
00:37:21      115       930     74,00      0,00 1762312   25544   0,16  prometheus-node
00:37:21        0      1423      8,60      0,00 2463900   70816   0,44  containerd
00:37:21        0      2975      0,40      0,00 1235352   13740   0,08  containerd-shim
00:37:21        0      2976      1,20      0,00 1235608   14924   0,09  containerd-shim
00:37:21        0      2977      1,20      0,00 1235352   15456   0,10  containerd-shim
00:37:21        0      2981      4,40      0,00 1235608   14584   0,09  containerd-shim
00:37:21        0      2982      4,80      0,00 1235608   15184   0,09  containerd-shim
00:37:21     1000      4708      1,00      0,00 5454532  346744   2,14  gnome-shell
00:37:21     1000      6317     32,40      0,00 1461668528  314932   1,94  antigravity
00:37:21     1000      6757     24,60      0,00 34359372  169932   1,05  antigravity
00:37:21     1000      6771      0,60      0,00 33903964   81164   0,50  antigravity
00:37:21     1000      6820    352,60      0,00 1461417264  655568   4,04  antigravity
00:37:21     1000      7161      0,20      0,00 33951332   64332   0,40  antigravity
00:37:21     1000      7229      3,00      0,00 1461383544  129284   0,80  antigravity
00:37:21     1000      7244    309,00      0,00 1461351324  286864   1,77  antigravity
00:37:21     1000      7258      2,80      0,00 1461347760  125768   0,77  antigravity
00:37:21     1000      7260     19,20      0,00 1461367100  163956   1,01  antigravity
00:37:21     1000      8356      5,20      0,00 1459530528  100844   0,62  antigravity
00:37:21     1000      9291      7,40      0,00 55435272  374388   2,31  chrome
00:37:21     1000      9342      2,20      0,00 55467700  213584   1,32  chrome
00:37:21     1000      9345      3,80      0,00 54976356  135860   0,84  chrome
00:37:21     1000      9359      1,20      0,00 55015792   62536   0,39  chrome
00:37:21     1000      9519      0,00      0,00 1518553976  353168   2,18  chrome
00:37:21     1000     76014      0,40      0,00 1518513820  344016   2,12  chrome
00:37:21     1000     76063      0,20      0,00 55006444   86720   0,53  chrome
00:37:21     1000    102882    118,80      0,00 5161116  212668   1,31  java

00:37:16      UID       PID   kB_rd/s   kB_wr/s kB_ccwr/s iodelay  Command
00:37:21     1000      7244      0,00      0,80      0,00       0  antigravity
00:37:21     1000      9291      0,00      1,60      0,00       0  chrome
00:37:21     1000    102850      0,00      0,88      0,00       0  pidstat
00:37:21     1000    102882      0,00      1,60      0,00       0  java

00:37:21      UID       PID    %usr %system  %guest   %wait    %CPU   CPU  Command
00:37:26      115       933    0,20    0,00    0,00    0,00    0,20     1  prometheus
00:37:26        0      1383    0,20    0,00    0,00    0,00    0,20     7  glances
00:37:26        0      1391    0,20    0,00    0,00    0,00    0,20     3  tailscaled
00:37:26        0      1423    0,20    0,20    0,00    0,00    0,40     2  containerd
00:37:26        0      2310    0,20    0,40    0,00    0,00    0,60     0  dockerd
00:37:26      117      2312    0,60    0,20    0,00    0,00    0,80     3  grafana
00:37:26        0      2932    0,20    0,40    0,00    0,00    0,60     1  mount.ntfs-3g
00:37:26        0      2976    0,20    0,00    0,00    0,00    0,20     6  containerd-shim
00:37:26        0      2977    0,20    0,00    0,00    0,00    0,20     7  containerd-shim
00:37:26        0      2981    0,20    0,00    0,00    0,00    0,20     0  containerd-shim
00:37:26        0      2982    0,20    0,00    0,00    0,00    0,20     1  containerd-shim
00:37:26      999      3130    0,20    0,00    0,00    0,00    0,20     0  redis-server
00:37:26     1000      4708    1,00    0,40    0,00    0,00    1,40     2  gnome-shell
00:37:26     1000      6317    0,20    0,00    0,00    0,00    0,20     4  antigravity
00:37:26     1000      6339    0,60    0,00    0,00    0,00    0,60     4  gnome-terminal-
00:37:26     1000      6757    0,20    0,00    0,00    0,00    0,20     1  antigravity
00:37:26     1000      6820    1,40    0,00    0,00    0,00    1,40     5  antigravity
00:37:26     1000      7059    2,00    1,40    0,00    0,00    3,40     6  language_server
00:37:26     1000      7229    0,20    0,20    0,00    0,00    0,40     7  antigravity
00:37:26     1000      7244    1,60    0,60    0,00    0,00    2,20     4  antigravity
00:37:26     1000      7260    0,40    0,20    0,00    0,00    0,60     2  antigravity
00:37:26     1000      8267    1,80    1,20    0,00    0,00    3,00     7  language_server
00:37:26     1000      8356    0,20    0,00    0,00    0,00    0,20     1  antigravity
00:37:26     1000      9291    0,20    0,20    0,00    0,20    0,40     1  chrome
00:37:26     1000      9342    0,20    0,00    0,00    0,00    0,20     2  chrome
00:37:26     1000      9519    0,20    0,00    0,00    0,00    0,20     0  chrome
00:37:26     1000     76014    0,00    0,20    0,00    0,00    0,20     7  chrome
00:37:26     1000     98039    0,20    0,00    0,00    0,00    0,20     4  antigravity
00:37:26        0     99361    0,00    0,20    0,00    0,00    0,20     1  kworker/u32:3-events_unbound
00:37:26     1000    102850    0,20    0,20    0,00    0,00    0,40     3  pidstat
00:37:26     1000    102882    2,00    0,20    0,00    0,00    2,20     5  java

00:37:21      UID       PID  minflt/s  majflt/s     VSZ     RSS   %MEM  Command
00:37:26        0      1423      2,80      0,00 2463900   70944   0,44  containerd
00:37:26        0      2975      2,00      0,00 1235352   13740   0,08  containerd-shim
00:37:26        0      2976      2,60      0,00 1235608   14924   0,09  containerd-shim
00:37:26        0      2977      0,80      0,00 1235352   15456   0,10  containerd-shim
00:37:26        0      2981      0,60      0,00 1235608   14584   0,09  containerd-shim
00:37:26        0      2982      9,80      0,00 1235608   15300   0,09  containerd-shim
00:37:26       70      3117      4,40      0,00  174540   25424   0,16  postgres
00:37:26     1000      4708      7,00      0,00 5454468  346744   2,14  gnome-shell
00:37:26     1000      6317     35,80      0,00 1461668528  315048   1,94  antigravity
00:37:26     1000      6757      5,00      0,00 34359372  169932   1,05  antigravity
00:37:26     1000      6771      0,60      0,00 33903964   81164   0,50  antigravity
00:37:26     1000      6820    150,80      0,00 1461417264  657744   4,05  antigravity
00:37:26     1000      7161      0,20      0,00 33951332   64332   0,40  antigravity
00:37:26     1000      7229      2,80      0,00 1461383544  129284   0,80  antigravity
00:37:26     1000      7244    301,80      0,00 1461351324  286984   1,77  antigravity
00:37:26     1000      7258      6,00      0,00 1461347760  125768   0,77  antigravity
00:37:26     1000      7260     25,00      0,00 1461367100  163800   1,01  antigravity
00:37:26     1000      8356      5,40      0,00 1459530528  100844   0,62  antigravity
00:37:26     1000      9291     14,80      0,00 55435272  374516   2,31  chrome
00:37:26     1000      9342      4,40      0,00 55467700  213584   1,32  chrome
00:37:26     1000      9345      8,60      0,00 54976356  135860   0,84  chrome
00:37:26     1000      9359      0,60      0,00 55015792   62536   0,39  chrome
00:37:26     1000     76014      0,40      0,00 1518513820  344016   2,12  chrome
00:37:26     1000     76063      0,20      0,00 55006444   86720   0,53  chrome
00:37:26     1000    102882      6,60      0,00 5161116  212796   1,31  java

00:37:21      UID       PID   kB_rd/s   kB_wr/s kB_ccwr/s iodelay  Command
00:37:26     1000      7244      0,00      0,80      0,00       0  antigravity
00:37:26     1000      9291      0,00      8,00      0,00       0  chrome
00:37:26     1000    102850      0,00      0,99      0,00       0  pidstat
00:37:26     1000    102882      0,00      1,70      0,00       0  java

Rata-rata:    UID       PID    %usr %system  %guest   %wait    %CPU   CPU  Command
Rata-rata:      0         1    0,07    0,03    0,00    0,00    0,10     -  systemd
Rata-rata:      0        17    0,00    0,03    0,00    0,01    0,03     -  rcu_preempt
Rata-rata:      0        57    0,00    0,01    0,00    0,00    0,01     -  ksoftirqd/6
Rata-rata:      0        86    0,00    0,06    0,00    0,00    0,06     -  irq/9-acpi
Rata-rata:      0       120    0,00    0,03    0,00    0,00    0,03     -  kworker/u33:0-i915_flip
Rata-rata:      0       317    0,00    0,01    0,00    0,00    0,01     -  jbd2/sda6-8
Rata-rata:      0       408    0,00    0,01    0,00    0,00    0,01     -  systemd-udevd
Rata-rata:    990       903    0,23    0,07    0,00    0,01    0,30     -  dbus-daemon
Rata-rata:    115       930    0,39    0,20    0,00    0,00    0,59     -  prometheus-node
Rata-rata:    115       933    0,16    0,01    0,00    0,00    0,17     -  prometheus
Rata-rata:      0      1079    0,01    0,00    0,00    0,00    0,01     -  NetworkManager
Rata-rata:      0      1383    0,11    0,01    0,00    0,00    0,13     -  glances
Rata-rata:      0      1391    0,07    0,10    0,00    0,00    0,17     -  tailscaled
Rata-rata:      0      1411    0,00    0,01    0,00    0,00    0,01     -  anydesk
Rata-rata:      0      1423    0,30    0,16    0,00    0,00    0,46     -  containerd
Rata-rata:    111      1503    0,01    0,00    0,00    0,00    0,01     -  mariadbd
Rata-rata:      0      2310    0,41    0,19    0,00    0,00    0,60     -  dockerd
Rata-rata:    117      2312    0,46    0,44    0,00    0,00    0,90     -  grafana
Rata-rata:      0      2932    0,37    0,29    0,00    0,00    0,66     -  mount.ntfs-3g
Rata-rata:      0      2975    0,06    0,04    0,00    0,00    0,10     -  containerd-shim
Rata-rata:      0      2976    0,06    0,06    0,00    0,00    0,11     -  containerd-shim
Rata-rata:      0      2977    0,06    0,06    0,00    0,00    0,11     -  containerd-shim
Rata-rata:      0      2981    0,07    0,04    0,00    0,00    0,11     -  containerd-shim
Rata-rata:      0      2982    0,06    0,07    0,00    0,00    0,13     -  containerd-shim
Rata-rata:    999      3130    0,39    0,04    0,00    0,00    0,43     -  redis-server
Rata-rata:   1000      4549    0,01    0,01    0,00    0,00    0,03     -  systemd
Rata-rata:   1000      4569    0,01    0,00    0,00    0,00    0,01     -  dbus-daemon
Rata-rata:   1000      4570    0,03    0,01    0,00    0,00    0,04     -  pipewire
Rata-rata:   1000      4573    0,03    0,00    0,00    0,00    0,03     -  wireplumber
Rata-rata:   1000      4574    0,01    0,00    0,00    0,00    0,01     -  pipewire-pulse
Rata-rata:   1000      4708    1,39    0,34    0,00    0,01    1,73     -  gnome-shell
Rata-rata:   1000      5021    0,00    0,01    0,00    0,00    0,01     -  gsd-housekeepin
Rata-rata:   1000      5043    0,01    0,00    0,00    0,03    0,01     -  gnome-software
Rata-rata:   1000      5055    0,01    0,00    0,00    0,00    0,01     -  gsd-sharing
Rata-rata:   1000      5107    0,01    0,01    0,00    0,00    0,03     -  anydesk
Rata-rata:   1000      5268    0,00    0,01    0,00    0,00    0,01     -  gvfs-udisks2-vo
Rata-rata:   1000      5331    0,01    0,00    0,00    0,01    0,01     -  goa-daemon
Rata-rata:   1000      5504    0,01    0,00    0,00    0,00    0,01     -  xdg-desktop-por
Rata-rata:      0      5954    0,01    0,01    0,00    0,00    0,03     -  fwupd
Rata-rata:   1000      6317    0,24    0,11    0,00    0,00    0,36     -  antigravity
Rata-rata:   1000      6339    0,61    0,03    0,00    0,00    0,64     -  gnome-terminal-
Rata-rata:   1000      6757    0,30    0,13    0,00    0,01    0,43     -  antigravity
Rata-rata:   1000      6820    4,44    0,27    0,00    0,03    4,71     -  antigravity
Rata-rata:   1000      7059    1,80    1,53    0,00    0,01    3,33     -  language_server
Rata-rata:   1000      7161    0,00    0,01    0,00    0,00    0,01     -  antigravity
Rata-rata:   1000      7229    0,24    0,16    0,00    0,00    0,40     -  antigravity
Rata-rata:   1000      7244    1,53    0,50    0,00    0,01    2,03     -  antigravity
Rata-rata:   1000      7258    0,01    0,00    0,00    0,00    0,01     -  antigravity
Rata-rata:   1000      7260    0,66    0,13    0,00    0,01    0,79     -  antigravity
Rata-rata:   1000      8267    1,56    1,36    0,00    0,00    2,91     -  language_server
Rata-rata:   1000      8356    0,06    0,06    0,00    0,00    0,11     -  antigravity
Rata-rata:   1000      9291    0,16    0,09    0,00    0,01    0,24     -  chrome
Rata-rata:   1000      9342    0,01    0,00    0,00    0,00    0,01     -  chrome
Rata-rata:   1000      9345    0,04    0,01    0,00    1,43    0,06     -  chrome
Rata-rata:   1000      9359    0,01    0,01    0,00    0,00    0,03     -  chrome
Rata-rata:   1000      9390    0,01    0,00    0,00    0,00    0,01     -  chrome
Rata-rata:   1000      9500    0,01    0,00    0,00    2,86    0,01     -  chrome
Rata-rata:   1000      9519    0,17    0,03    0,00    0,00    0,20     -  chrome
Rata-rata:      0     49776    0,00    0,01    0,00    0,00    0,01     -  kworker/u32:0-flush-8:0
Rata-rata:   1000     76014    0,01    0,01    0,00    0,00    0,03     -  chrome
Rata-rata:   1000     76025    0,01    0,01    0,00    0,00    0,03     -  chrome
Rata-rata:   1000     76063    0,01    0,00    0,00    0,00    0,01     -  chrome
Rata-rata:      0     89647    0,00    0,01    0,00    0,00    0,01     -  kworker/u32:1-flush-8:0
Rata-rata:   1000     91682    0,01    0,04    0,00    0,00    0,06     -  ssh
Rata-rata:      0     95637    0,00    0,01    0,00    0,00    0,01     -  kworker/3:0-events
Rata-rata:   1000     98039    0,06    0,01    0,00    0,00    0,07     -  antigravity
Rata-rata:      0     98479    0,00    0,01    0,00    0,03    0,01     -  kworker/1:0-mm_percpu_wq
Rata-rata:      0     98503    0,01    0,00    0,00    0,01    0,01     -  kworker/4:0-mm_percpu_wq
Rata-rata:      0     98978    0,00    0,03    0,00    0,00    0,03     -  kworker/0:1-events_freezable
Rata-rata:      0     99361    0,00    0,01    0,00    0,00    0,01     -  kworker/u32:3-events_unbound
Rata-rata:      0     99362    0,00    0,03    0,00    0,40    0,03     -  kworker/u32:5-events_unbound
Rata-rata:      0    102820    0,00    0,04    0,00    0,04    0,04     -  kworker/6:1-i915-unordered
Rata-rata:   1000    102850    0,16    0,30    0,00    0,00    0,46     -  pidstat
Rata-rata:   1000    102882    8,64    0,51    0,00    0,00    9,15     -  java

Rata-rata:    UID       PID  minflt/s  majflt/s     VSZ     RSS   %MEM  Command
Rata-rata:      0       376      3,24      0,00  188968  108564   0,67  systemd-journal
Rata-rata:      0       408      6,97      0,00   37544   10908   0,07  systemd-udevd
Rata-rata:    115       930     29,03      0,00 1762312   25839   0,16  prometheus-node
Rata-rata:    115       933      0,00      0,00 2711492  115130   0,71  prometheus
Rata-rata:      0      1423      3,07      0,00 2463900   70764   0,44  containerd
Rata-rata:    114      1526      0,27      0,00  218252   29568   0,18  postgres
Rata-rata:    117      2312      0,01      0,00 1765360  349884   2,16  grafana
Rata-rata:      0      2975      4,03      0,00 1235352   13736   0,08  containerd-shim
Rata-rata:      0      2976      6,07      0,00 1235608   14695   0,09  containerd-shim
Rata-rata:      0      2977      6,38      0,00 1235352   15365   0,09  containerd-shim
Rata-rata:      0      2981      7,24      0,00 1235608   14567   0,09  containerd-shim
Rata-rata:      0      2982      7,53      0,00 1235608   15160   0,09  containerd-shim
Rata-rata:     70      3117      0,63      0,00  174540   25424   0,16  postgres
Rata-rata:   1000      4570      2,68      0,00  104160   14608   0,09  pipewire
Rata-rata:   1000      4574      2,71      0,00  110852   15449   0,10  pipewire-pulse
Rata-rata:   1000      4708      4,47      0,00 5453961  346664   2,14  gnome-shell
Rata-rata:   1000      5504      0,01      0,00  778332   19920   0,12  xdg-desktop-por
Rata-rata:      0      5954      0,01      0,00  370300   46692   0,29  fwupd
Rata-rata:   1000      6317     36,03      0,00 1461668528  315053   1,94  antigravity
Rata-rata:   1000      6757     17,34      0,00 34360205  169704   1,05  antigravity
Rata-rata:   1000      6771      0,73      0,00 33903964   81164   0,50  antigravity
Rata-rata:   1000      6820    234,60      0,00 1461417264  660839   4,07  antigravity
Rata-rata:   1000      7161      0,24      0,00 33951332   64332   0,40  antigravity
Rata-rata:   1000      7229     58,43      0,00 1461383544  129284   0,80  antigravity
Rata-rata:   1000      7244    288,93      0,00 1461351324  286765   1,77  antigravity
Rata-rata:   1000      7258      3,77      0,00 1461347760  125786   0,77  antigravity
Rata-rata:   1000      7260     25,72      0,00 1461367100  163954   1,01  antigravity
Rata-rata:   1000      8356      5,25      0,00 1459530528  100844   0,62  antigravity
Rata-rata:   1000      9291     11,57      0,00 55435272  374378   2,31  chrome
Rata-rata:   1000      9342      2,83      0,00 55467700  213584   1,32  chrome
Rata-rata:   1000      9345      8,33      0,00 54976356  136001   0,84  chrome
Rata-rata:   1000      9359      0,77      0,00 55015792   62536   0,39  chrome
Rata-rata:   1000      9519     25,49      0,00 1518553976  356813   2,20  chrome
Rata-rata:   1000     76014      0,43      0,00 1518513820  344016   2,12  chrome
Rata-rata:   1000     76025      0,10      0,00 1518490664  121120   0,75  chrome
Rata-rata:   1000     76063      0,26      0,00 55006444   86720   0,53  chrome
Rata-rata:   1000     99008      0,96      0,00    7664    3936   0,02  bash
Rata-rata:   1000    102850      0,79      0,00    6231    5022   0,03  pidstat
Rata-rata:   1000    102851      0,30      0,00    2676    1792   0,01  jmeter
Rata-rata:   1000    102882    399,96      0,00 5161116  204597   1,26  java

Rata-rata:    UID       PID   kB_rd/s   kB_wr/s kB_ccwr/s iodelay  Command
Rata-rata:   1000      4573      0,00      0,06      0,00       0  wireplumber
Rata-rata:   1000      4708      0,00      5,60      0,00       0  gnome-shell
Rata-rata:   1000      7244      0,00      0,46      0,00       0  antigravity
Rata-rata:   1000      9291      0,00      3,71      0,00       0  chrome
Rata-rata:   1000      9345      0,00      3,94      0,00       0  chrome
Rata-rata:   1000      9359      0,00      0,06      0,00       0  chrome
Rata-rata:   1000     99008      0,00     13,13      5,60       0  bash
Rata-rata:   1000    102850      0,00      0,98      0,00       0  pidstat
Rata-rata:   1000    102882      0,00      1,44      0,00       0  java
