Linux 6.12.94+deb13-amd64 (debian) 	24/06/26 	_x86_64_	(8 CPU)

19:01:46      UID       PID    %usr %system  %guest   %wait    %CPU   CPU  Command
19:01:51        0         1    0,40    0,00    0,00    0,00    0,40     4  systemd
19:01:51        0        86    0,00    0,20    0,00    0,00    0,20     0  irq/9-acpi
19:01:51      990       905    0,80    0,20    0,00    0,20    1,00     0  dbus-daemon
19:01:51      115       926    1,59    0,60    0,00    0,00    2,19     5  prometheus-node
19:01:51      115       927    0,20    0,00    0,00    0,00    0,20     1  prometheus
19:01:51        0      1457    0,20    0,00    0,00    0,00    0,20     5  glances
19:01:51        0      1468    0,20    0,20    0,00    0,00    0,40     6  tailscaled
19:01:51        0      1489    0,40    0,00    0,00    0,00    0,40     4  containerd
19:01:51        0      2351    0,40    0,00    0,00    0,00    0,40     3  dockerd
19:01:51      117      2352    0,60    0,40    0,00    0,00    1,00     3  grafana
19:01:51        0      3170    0,40    0,40    0,00    0,00    0,80     3  mount.ntfs-3g
19:01:51        0      3227    0,00    0,20    0,00    0,00    0,20     3  containerd-shim
19:01:51        0      3240    0,00    0,20    0,00    0,00    0,20     1  containerd-shim
19:01:51        0      3246    0,20    0,00    0,00    0,00    0,20     0  containerd-shim
19:01:51        0      3261    0,20    0,00    0,00    0,00    0,20     3  containerd-shim
19:01:51      999      3405    0,40    0,00    0,00    0,00    0,40     1  redis-server
19:01:51     1000      9024    1,59    0,80    0,00    0,20    2,39     5  gnome-shell
19:01:51     1000      9700    0,80    0,40    0,00    0,00    1,20     1  antigravity
19:01:51     1000      9756    1,20    0,20    0,00    0,00    1,39     5  antigravity
19:01:51     1000      9830   19,92    0,40    0,00    0,40   20,32     4  antigravity
19:01:51     1000     10074    1,20    1,59    0,00    0,20    2,79     3  language_server
19:01:51     1000     10121    0,60    0,20    0,00    0,00    0,80     6  antigravity
19:01:51     1000     10122    1,99    0,20    0,00    0,60    2,19     2  antigravity
19:01:51     1000     10187    2,59    0,00    0,00    0,00    2,59     4  antigravity
19:01:51     1000     11152    1,99    0,80    0,00    0,20    2,79     4  language_server
19:01:51        0     16329    0,00    0,20    0,00    0,20    0,20     3  kworker/u32:2-events_unbound
19:01:51     1000     38113    0,00    0,20    0,00    0,00    0,20     7  pidstat
19:01:51     1000     38144   99,40    5,18    0,00    0,00  104,58     2  java

19:01:46      UID       PID  minflt/s  majflt/s     VSZ     RSS   %MEM  Command
19:01:51      115       926     85,66      0,00 1687812   25592   0,16  prometheus-node
19:01:51      115       927      0,20      0,00 2702228  115432   0,71  prometheus
19:01:51        0      3207      5,98      0,00 1235608   14772   0,09  containerd-shim
19:01:51        0      3227      8,96      0,00 1235352   14472   0,09  containerd-shim
19:01:51        0      3240      3,78      0,00 1235608   14688   0,09  containerd-shim
19:01:51        0      3246      6,57      0,00 1235608   15168   0,09  containerd-shim
19:01:51        0      3261      3,19      0,00 1235608   15316   0,09  containerd-shim
19:01:51     1000      9024      1,59      0,00 4672668  275316   1,70  gnome-shell
19:01:51     1000      9700     59,36      0,00 1461692876  304520   1,88  antigravity
19:01:51     1000      9756      3,78      0,00 34340924  165268   1,02  antigravity
19:01:51     1000      9767      0,60      0,00 33906012   82040   0,51  antigravity
19:01:51     1000      9830    534,06      0,00 1461371884  489416   3,02  antigravity
19:01:51     1000     10109      0,20      0,00 33951332   64948   0,40  antigravity
19:01:51     1000     10121    122,31      0,00 1461391740  126580   0,78  antigravity
19:01:51     1000     10122    367,13      0,00 1461343128  285012   1,76  antigravity
19:01:51     1000     10186      5,98      0,00 1478124976  122820   0,76  antigravity
19:01:51     1000     10187     34,86      0,00 1461358904  158276   0,98  antigravity
19:01:51     1000     38113      1,00      0,00    6052    4968   0,03  pidstat
19:01:51     1000     38114      3,78      0,00    2676    1516   0,01  jmeter
19:01:51     1000     38144   7025,30      0,00 6198124  245524   1,51  java
19:01:51     1000     38393     28,29      0,00    2672    1644   0,01  sh
19:01:51     1000     38394     60,96      0,00    7012    3220   0,02  cpuUsage.sh
19:01:51     1000     38400     24,10      0,00    5656    2028   0,01  sleep

19:01:46      UID       PID   kB_rd/s   kB_wr/s kB_ccwr/s iodelay  Command
19:01:51     1000     38144      0,00      2,16      0,00       0  java

19:01:51      UID       PID    %usr %system  %guest   %wait    %CPU   CPU  Command
19:01:56        0      1489    0,40    0,00    0,00    0,00    0,40     4  containerd
19:01:56        0      2351    0,20    0,20    0,00    0,00    0,40     3  dockerd
19:01:56      117      2352    1,00    0,20    0,00    0,00    1,20     3  grafana
19:01:56        0      3170    0,20    0,20    0,00    0,00    0,40     6  mount.ntfs-3g
19:01:56        0      3207    0,00    0,20    0,00    0,00    0,20     6  containerd-shim
19:01:56        0      3227    0,20    0,00    0,00    0,00    0,20     3  containerd-shim
19:01:56        0      3240    0,20    0,00    0,00    0,00    0,20     1  containerd-shim
19:01:56      999      3405    0,40    0,20    0,00    0,00    0,60     2  redis-server
19:01:56     1000      9024    0,20    0,20    0,00    0,00    0,40     7  gnome-shell
19:01:56     1000      9700    0,00    0,20    0,00    0,00    0,20     1  antigravity
19:01:56     1000      9756    0,00    0,20    0,00    0,00    0,20     5  antigravity
19:01:56     1000      9830    0,80    0,00    0,00    0,00    0,80     2  antigravity
19:01:56     1000      9890    0,20    0,00    0,00    0,00    0,20     1  antigravity
19:01:56     1000     10074    1,40    1,80    0,00    0,00    3,20     3  language_server
19:01:56     1000     10121    0,20    0,00    0,00    0,00    0,20     1  antigravity
19:01:56     1000     10122    0,80    0,20    0,00    0,00    1,00     3  antigravity
19:01:56     1000     10187    0,60    0,20    0,00    0,00    0,80     1  antigravity
19:01:56     1000     11152    1,80    1,40    0,00    0,00    3,20     7  language_server
19:01:56        0     25979    0,00    0,20    0,00    0,00    0,20     2  kworker/u32:4-events_unbound
19:01:56        0     33252    0,00    0,20    0,00    0,20    0,20     0  kworker/0:2-events
19:01:56     1000     38113    0,00    0,60    0,00    0,00    0,60     4  pidstat
19:01:56     1000     38144    3,80    0,20    0,00    0,00    4,00     2  java

19:01:51      UID       PID  minflt/s  majflt/s     VSZ     RSS   %MEM  Command
19:01:56        0      3207     10,40      0,00 1235608   14900   0,09  containerd-shim
19:01:56        0      3227      3,00      0,00 1235352   14472   0,09  containerd-shim
19:01:56        0      3240     10,20      0,00 1235608   14816   0,09  containerd-shim
19:01:56        0      3246     12,60      0,00 1235608   15168   0,09  containerd-shim
19:01:56        0      3261     10,20      0,00 1235608   15444   0,10  containerd-shim
19:01:56     1000      9024      5,20      0,00 4672668  275316   1,70  gnome-shell
19:01:56     1000      9700     37,00      0,00 1461692876  304520   1,88  antigravity
19:01:56     1000      9756      1,40      0,00 34332732  165268   1,02  antigravity
19:01:56     1000      9767      0,60      0,00 33906012   82040   0,51  antigravity
19:01:56     1000      9830     55,20      0,00 1461371884  489656   3,02  antigravity
19:01:56     1000     10109      0,20      0,00 33951332   64948   0,40  antigravity
19:01:56     1000     10121     21,00      0,00 1461391740  126580   0,78  antigravity
19:01:56     1000     10122    118,80      0,00 1461343128  285788   1,76  antigravity
19:01:56     1000     10186      3,00      0,00 1478124976  122820   0,76  antigravity
19:01:56     1000     10187      2,80      0,00 1461358904  158276   0,98  antigravity
19:01:56     1000     38113      1,40      0,00    6052    4968   0,03  pidstat
19:01:56     1000     38144     36,80      0,00 6198124  236776   1,46  java

19:01:51      UID       PID   kB_rd/s   kB_wr/s kB_ccwr/s iodelay  Command
19:01:56     1000     38113      0,00      0,92      0,00       0  pidstat
19:01:56     1000     38144      0,00      0,17      0,00       0  java

19:01:56      UID       PID    %usr %system  %guest   %wait    %CPU   CPU  Command
19:02:01        0      1457    0,20    0,00    0,00    0,00    0,20     5  glances
19:02:01        0      1468    0,60    0,20    0,00    0,00    0,80     6  tailscaled
19:02:01        0      1489    0,20    0,20    0,00    0,00    0,40     4  containerd
19:02:01      111      1556    0,00    0,20    0,00    0,00    0,20     5  mariadbd
19:02:01        0      2351    0,40    0,20    0,00    0,00    0,60     3  dockerd
19:02:01      117      2352    0,40    0,40    0,00    0,00    0,80     3  grafana
19:02:01        0      3170    0,20    0,00    0,00    0,00    0,20     2  mount.ntfs-3g
19:02:01        0      3227    0,00    0,20    0,00    0,00    0,20     3  containerd-shim
19:02:01        0      3246    0,20    0,20    0,00    0,00    0,40     0  containerd-shim
19:02:01      999      3405    0,40    0,00    0,00    0,00    0,40     2  redis-server
19:02:01     1000      9024    0,60    0,40    0,00    0,00    1,00     7  gnome-shell
19:02:01     1000      9700    0,20    0,00    0,00    0,00    0,20     1  antigravity
19:02:01     1000      9756    0,20    0,00    0,00    0,00    0,20     0  antigravity
19:02:01     1000      9830    0,80    0,20    0,00    0,00    1,00     2  antigravity
19:02:01     1000     10074    2,00    1,00    0,00    0,00    2,99     2  language_server
19:02:01     1000     10121    0,20    0,20    0,00    0,00    0,40     1  antigravity
19:02:01     1000     10122    0,80    0,20    0,00    0,00    1,00     3  antigravity
19:02:01     1000     10187    0,40    0,20    0,00    0,00    0,60     6  antigravity
19:02:01     1000     11152    1,80    1,40    0,00    0,00    3,19     5  language_server
19:02:01     1000     38113    0,20    0,20    0,00    0,00    0,40     4  pidstat
19:02:01     1000     38144    4,19    0,60    0,00    0,00    4,79     2  java

19:01:56      UID       PID  minflt/s  majflt/s     VSZ     RSS   %MEM  Command
19:02:01        0      3207     12,18      0,00 1235608   15028   0,09  containerd-shim
19:02:01        0      3227      5,99      0,00 1235352   14600   0,09  containerd-shim
19:02:01        0      3240     12,18      0,00 1235608   15200   0,09  containerd-shim
19:02:01        0      3246     11,78      0,00 1235608   15424   0,10  containerd-shim
19:02:01        0      3261     13,97      0,00 1235608   15828   0,10  containerd-shim
19:02:01        0      3422      0,20      0,00  743168   82132   0,51  node
19:02:01     1000      9024      5,19      0,00 4672668  275316   1,70  gnome-shell
19:02:01     1000      9700     33,53      0,00 1461692876  304488   1,88  antigravity
19:02:01     1000      9756      4,99      0,00 34324796  165268   1,02  antigravity
19:02:01     1000      9767      0,60      0,00 33906012   82040   0,51  antigravity
19:02:01     1000      9830     67,27      0,00 1461371884  490156   3,02  antigravity
19:02:01     1000     10109      0,20      0,00 33951332   64948   0,40  antigravity
19:02:01     1000     10121     99,80      0,00 1461391740  126708   0,78  antigravity
19:02:01     1000     10122     27,94      0,00 1461343128  285184   1,76  antigravity
19:02:01     1000     10186      2,99      0,00 1478124976  122820   0,76  antigravity
19:02:01     1000     10187      2,99      0,00 1461358904  158276   0,98  antigravity
19:02:01     1000     38144     48,70      0,00 6198124  237800   1,46  java
19:02:01     1000     38416     28,34      0,00    2672    1660   0,01  sh
19:02:01     1000     38417     67,27      0,00    7012    3328   0,02  cpuUsage.sh
19:02:01     1000     38424     24,75      0,00    5656    2004   0,01  sleep

19:01:56      UID       PID   kB_rd/s   kB_wr/s kB_ccwr/s iodelay  Command
19:02:01     1000     38113      0,00      0,74      0,00       0  pidstat
19:02:01     1000     38144      0,00      0,24      0,00       0  java

19:02:01      UID       PID    %usr %system  %guest   %wait    %CPU   CPU  Command
19:02:06        0         1    0,20    0,00    0,00    0,00    0,20     5  systemd
19:02:06        0        18    0,00    0,20    0,00    0,00    0,20     5  rcu_preempt
19:02:06        0        86    0,00    0,20    0,00    0,00    0,20     0  irq/9-acpi
19:02:06      990       905    0,40    0,20    0,00    0,00    0,60     2  dbus-daemon
19:02:06      986       922    0,20    0,00    0,00    0,00    0,20     4  polkitd
19:02:06      115       926    1,40    0,40    0,00    0,00    1,80     2  prometheus-node
19:02:06      115       927    0,20    0,20    0,00    0,00    0,40     3  prometheus
19:02:06        0      1468    0,20    0,40    0,00    0,00    0,60     6  tailscaled
19:02:06        0      1489    0,40    0,00    0,00    0,00    0,40     4  containerd
19:02:06        0      2351    0,40    0,20    0,00    0,00    0,60     3  dockerd
19:02:06      117      2352    0,40    0,40    0,00    0,00    0,80     3  grafana
19:02:06        0      3170    0,20    0,20    0,00    0,00    0,40     2  mount.ntfs-3g
19:02:06        0      3207    0,20    0,00    0,00    0,00    0,20     6  containerd-shim
19:02:06        0      3240    0,00    0,20    0,00    0,00    0,20     1  containerd-shim
19:02:06        0      3261    0,20    0,00    0,00    0,00    0,20     3  containerd-shim
19:02:06      999      3405    0,40    0,00    0,00    0,00    0,40     7  redis-server
19:02:06     1000      9024    0,40    0,20    0,00    0,00    0,60     7  gnome-shell
19:02:06     1000      9700    0,20    0,00    0,00    0,00    0,20     1  antigravity
19:02:06     1000      9830    0,60    0,00    0,00    0,00    0,60     3  antigravity
19:02:06     1000     10074    1,40    1,80    0,00    0,00    3,20     6  language_server
19:02:06     1000     10121    0,20    0,00    0,00    0,00    0,20     7  antigravity
19:02:06     1000     10122    0,60    0,20    0,00    0,00    0,80     1  antigravity
19:02:06     1000     10187    0,60    0,00    0,00    0,00    0,60     6  antigravity
19:02:06     1000     11152    2,00    1,00    0,00    0,00    3,00     6  language_server
19:02:06        0     32262    0,00    0,20    0,00    0,00    0,20     7  kworker/7:3-mm_percpu_wq
19:02:06     1000     38113    0,40    0,00    0,00    0,00    0,40     7  pidstat
19:02:06     1000     38144    4,40    0,20    0,00    0,00    4,60     2  java

19:02:01      UID       PID  minflt/s  majflt/s     VSZ     RSS   %MEM  Command
19:02:06        0       381      3,20      0,00  136916   82648   0,51  systemd-journal
19:02:06      115       926     97,80      0,00 1687812   25632   0,16  prometheus-node
19:02:06        0      3207     13,20      0,00 1235608   15284   0,09  containerd-shim
19:02:06        0      3227      8,20      0,00 1235352   14600   0,09  containerd-shim
19:02:06        0      3240     12,20      0,00 1235608   15328   0,09  containerd-shim
19:02:06        0      3246      6,80      0,00 1235608   15680   0,10  containerd-shim
19:02:06        0      3261      5,20      0,00 1235608   15828   0,10  containerd-shim
19:02:06     1000      9024      1,80      0,00 4672668  275316   1,70  gnome-shell
19:02:06     1000      9700     42,20      0,00 1461692876  304480   1,88  antigravity
19:02:06     1000      9756      2,40      0,00 34324796  165268   1,02  antigravity
19:02:06     1000      9767      1,20      0,00 33906012   82040   0,51  antigravity
19:02:06     1000      9830     79,00      0,00 1461371884  490916   3,02  antigravity
19:02:06     1000     10109      0,40      0,00 33951332   64948   0,40  antigravity
19:02:06     1000     10121     20,20      0,00 1461391740  126556   0,78  antigravity
19:02:06     1000     10122     23,40      0,00 1461343128  285312   1,76  antigravity
19:02:06     1000     10186      3,00      0,00 1478124976  122820   0,76  antigravity
19:02:06     1000     10187      2,80      0,00 1461358904  158276   0,98  antigravity
19:02:06     1000     38144     37,20      0,00 6198124  238568   1,47  java

19:02:01      UID       PID   kB_rd/s   kB_wr/s kB_ccwr/s iodelay  Command
19:02:06     1000     38113      0,00      0,76      0,00       0  pidstat
19:02:06     1000     38144      0,00      1,77      0,00       0  java

19:02:06      UID       PID    %usr %system  %guest   %wait    %CPU   CPU  Command
19:02:11      115       927    0,20    0,00    0,00    0,00    0,20     3  prometheus
19:02:11        0      1457    0,20    0,00    0,00    0,00    0,20     5  glances
19:02:11        0      1489    0,40    0,00    0,00    0,00    0,40     4  containerd
19:02:11        0      2351    0,60    0,00    0,00    0,00    0,60     3  dockerd
19:02:11      117      2352    0,60    0,40    0,00    0,00    1,00     3  grafana
19:02:11        0      3170    0,20    0,20    0,00    0,00    0,40     7  mount.ntfs-3g
19:02:11        0      3207    0,00    0,20    0,00    0,00    0,20     6  containerd-shim
19:02:11        0      3261    0,00    0,20    0,00    0,00    0,20     3  containerd-shim
19:02:11      999      3405    0,40    0,00    0,00    0,00    0,40     0  redis-server
19:02:11     1000      9024    0,60    0,20    0,00    0,00    0,80     7  gnome-shell
19:02:11     1000      9700    0,20    0,00    0,00    0,00    0,20     0  antigravity
19:02:11     1000      9756    0,20    0,20    0,00    0,00    0,40     0  antigravity
19:02:11     1000      9830    0,80    0,20    0,00    0,00    1,00     2  antigravity
19:02:11     1000     10074    1,60    1,40    0,00    0,00    3,00     0  language_server
19:02:11     1000     10121    0,00    0,20    0,00    0,00    0,20     7  antigravity
19:02:11     1000     10122    0,60    0,20    0,00    0,00    0,80     1  antigravity
19:02:11     1000     10186    0,20    0,00    0,00    0,00    0,20     0  antigravity
19:02:11     1000     10187    0,60    0,00    0,00    0,00    0,60     1  antigravity
19:02:11     1000     11152    1,00    2,20    0,00    0,20    3,20     6  language_server
19:02:11     1000     38113    0,20    0,00    0,00    0,00    0,20     2  pidstat
19:02:11     1000     38144    4,40    0,40    0,00    0,00    4,80     2  java

19:02:06      UID       PID  minflt/s  majflt/s     VSZ     RSS   %MEM  Command
19:02:11      117      2352      0,20      0,00 1830016  333816   2,06  grafana
19:02:11        0      3207      9,40      0,00 1235608   15412   0,09  containerd-shim
19:02:11        0      3227      5,80      0,00 1235352   14728   0,09  containerd-shim
19:02:11        0      3240      0,80      0,00 1235608   15328   0,09  containerd-shim
19:02:11        0      3246      0,40      0,00 1235608   15680   0,10  containerd-shim
19:02:11        0      3261      0,80      0,00 1235608   15828   0,10  containerd-shim
19:02:11     1000      9024      1,40      0,00 4672668  275316   1,70  gnome-shell
19:02:11     1000      9700     33,40      0,00 1461692876  304328   1,87  antigravity
19:02:11     1000      9756      1,60      0,00 34324796  165268   1,02  antigravity
19:02:11     1000      9767      0,60      0,00 33906012   82040   0,51  antigravity
19:02:11     1000      9830     59,00      0,00 1461371884  491684   3,03  antigravity
19:02:11     1000     10109      0,20      0,00 33951332   64948   0,40  antigravity
19:02:11     1000     10121      3,00      0,00 1461391740  126556   0,78  antigravity
19:02:11     1000     10122     24,20      0,00 1461343128  285184   1,76  antigravity
19:02:11     1000     10186      6,00      0,00 1478124976  122820   0,76  antigravity
19:02:11     1000     10187      5,40      0,00 1461358904  158276   0,98  antigravity
19:02:11     1000     38144     26,00      0,00 6198124  239080   1,47  java

19:02:06      UID       PID   kB_rd/s   kB_wr/s kB_ccwr/s iodelay  Command
19:02:11     1000     38113      0,00      0,84      0,00       0  pidstat
19:02:11     1000     38144      0,00      1,77      0,00       0  java

19:02:11      UID       PID    %usr %system  %guest   %wait    %CPU   CPU  Command
19:02:16        0      1457    0,20    0,20    0,00    0,00    0,40     5  glances
19:02:16        0      1489    0,40    0,20    0,00    0,00    0,60     4  containerd
19:02:16        0      2351    0,40    0,20    0,00    0,00    0,60     3  dockerd
19:02:16      117      2352    0,80    0,20    0,00    0,00    1,00     3  grafana
19:02:16        0      3170    0,20    0,20    0,00    0,00    0,40     1  mount.ntfs-3g
19:02:16        0      3227    0,00    0,20    0,00    0,00    0,20     3  containerd-shim
19:02:16        0      3246    0,00    0,20    0,00    0,00    0,20     0  containerd-shim
19:02:16        0      3261    0,20    0,00    0,00    0,00    0,20     3  containerd-shim
19:02:16      999      3405    0,40    0,00    0,00    0,00    0,40     7  redis-server
19:02:16     1000      9024    0,60    0,00    0,00    0,00    0,60     0  gnome-shell
19:02:16     1000      9700    0,20    0,00    0,00    0,00    0,20     1  antigravity
19:02:16     1000      9830    0,60    0,00    0,00    0,00    0,60     2  antigravity
19:02:16     1000     10074    1,60    1,40    0,00    0,00    3,00     5  language_server
19:02:16     1000     10121    0,20    0,00    0,00    0,00    0,20     7  antigravity
19:02:16     1000     10122    0,60    0,00    0,00    0,00    0,60     4  antigravity
19:02:16     1000     10187    0,40    0,20    0,00    0,00    0,60     5  antigravity
19:02:16     1000     11152    1,60    1,60    0,00    0,00    3,20     7  language_server
19:02:16     1000     38113    0,00    0,40    0,00    0,00    0,40     4  pidstat
19:02:16     1000     38144    3,40    0,20    0,00    0,00    3,60     2  java

19:02:11      UID       PID  minflt/s  majflt/s     VSZ     RSS   %MEM  Command
19:02:16        0      1489      0,80      0,00 2242640   66036   0,41  containerd
19:02:16        0      3207      8,40      0,00 1235608   15668   0,10  containerd-shim
19:02:16        0      3227      9,20      0,00 1235352   14856   0,09  containerd-shim
19:02:16        0      3240      1,60      0,00 1235608   15328   0,09  containerd-shim
19:02:16        0      3246      0,60      0,00 1235608   15680   0,10  containerd-shim
19:02:16        0      3261      6,00      0,00 1235608   15828   0,10  containerd-shim
19:02:16     1000      9024      5,20      0,00 4672668  275316   1,70  gnome-shell
19:02:16     1000      9700     33,40      0,00 1461692876  304424   1,88  antigravity
19:02:16     1000      9756      1,60      0,00 34324796  165268   1,02  antigravity
19:02:16     1000      9767      0,60      0,00 33906012   82040   0,51  antigravity
19:02:16     1000      9830     52,20      0,00 1461371884  492452   3,03  antigravity
19:02:16     1000     10109      0,20      0,00 33951332   64948   0,40  antigravity
19:02:16     1000     10121      2,60      0,00 1461391740  126556   0,78  antigravity
19:02:16     1000     10122     20,20      0,00 1461343128  285312   1,76  antigravity
19:02:16     1000     10186      3,00      0,00 1478124976  122820   0,76  antigravity
19:02:16     1000     10187      2,80      0,00 1461358904  158276   0,98  antigravity
19:02:16     1000     38144     26,00      0,00 6198124  239592   1,48  java

19:02:11      UID       PID   kB_rd/s   kB_wr/s kB_ccwr/s iodelay  Command
19:02:16     1000     38113      0,00      0,72      0,00       0  pidstat
19:02:16     1000     38144      0,00      0,17      0,00       0  java

19:02:16      UID       PID    %usr %system  %guest   %wait    %CPU   CPU  Command
19:02:21        0        86    0,00    0,20    0,00    0,00    0,20     0  irq/9-acpi
19:02:21      990       905    0,80    0,00    0,00    0,00    0,80     7  dbus-daemon
19:02:21      115       926    0,80    0,80    0,00    0,00    1,60     2  prometheus-node
19:02:21      115       927    0,20    0,00    0,00    0,00    0,20     3  prometheus
19:02:21        0      1468    0,20    0,00    0,00    0,00    0,20     6  tailscaled
19:02:21        0      1489    0,20    0,20    0,00    0,00    0,40     4  containerd
19:02:21        0      2351    0,40    0,00    0,00    0,00    0,40     3  dockerd
19:02:21      117      2352    0,60    0,20    0,00    0,00    0,80     3  grafana
19:02:21        0      3170    0,20    0,00    0,00    0,00    0,20     3  mount.ntfs-3g
19:02:21        0      3207    0,00    0,20    0,00    0,00    0,20     6  containerd-shim
19:02:21        0      3227    0,00    0,20    0,00    0,00    0,20     3  containerd-shim
19:02:21        0      3240    0,20    0,20    0,00    0,00    0,40     1  containerd-shim
19:02:21        0      3246    0,20    0,00    0,00    0,00    0,20     0  containerd-shim
19:02:21      999      3405    0,40    0,20    0,00    0,00    0,60     7  redis-server
19:02:21     1000      9024    0,80    0,00    0,00    0,00    0,80     0  gnome-shell
19:02:21     1000      9700    0,00    0,20    0,00    0,00    0,20     0  antigravity
19:02:21     1000      9756    0,20    0,00    0,00    0,00    0,20     0  antigravity
19:02:21     1000      9830    0,80    0,00    0,00    0,00    0,80     4  antigravity
19:02:21     1000     10074    2,20    0,80    0,00    0,00    3,00     7  language_server
19:02:21     1000     10121    0,20    0,00    0,00    0,00    0,20     0  antigravity
19:02:21     1000     10122    0,80    0,20    0,00    0,00    1,00     5  antigravity
19:02:21     1000     10187    0,40    0,00    0,00    0,00    0,40     6  antigravity
19:02:21     1000     11152    1,40    1,60    0,00    0,00    3,00     5  language_server
19:02:21     1000     38113    0,20    0,20    0,00    0,00    0,40     4  pidstat
19:02:21     1000     38144    3,40    0,40    0,00    0,00    3,80     2  java

19:02:16      UID       PID  minflt/s  majflt/s     VSZ     RSS   %MEM  Command
19:02:21        0       381      3,80      0,00  136916   82648   0,51  systemd-journal
19:02:21      115       926     65,60      0,00 1687812   25668   0,16  prometheus-node
19:02:21      114      1588      3,80      0,00  218252   30140   0,19  postgres
19:02:21        0      3207      3,40      0,00 1235608   14992   0,09  containerd-shim
19:02:21        0      3227      2,80      0,00 1235352   14152   0,09  containerd-shim
19:02:21        0      3240     14,60      0,00 1235608   14636   0,09  containerd-shim
19:02:21        0      3246     10,20      0,00 1235608   15128   0,09  containerd-shim
19:02:21        0      3261     12,00      0,00 1235608   15032   0,09  containerd-shim
19:02:21     1000      9024      6,40      0,00 4672668  275316   1,70  gnome-shell
19:02:21     1000      9700     33,40      0,00 1461692876  304552   1,88  antigravity
19:02:21     1000      9756      1,60      0,00 34324796  165268   1,02  antigravity
19:02:21     1000      9767      0,60      0,00 33906012   82040   0,51  antigravity
19:02:21     1000      9830     55,00      0,00 1461371884  493092   3,04  antigravity
19:02:21     1000     10109      0,20      0,00 33951332   64948   0,40  antigravity
19:02:21     1000     10121      2,80      0,00 1461391740  126556   0,78  antigravity
19:02:21     1000     10122     18,00      0,00 1461343128  285440   1,76  antigravity
19:02:21     1000     10186      3,00      0,00 1478124976  122820   0,76  antigravity
19:02:21     1000     10187      3,00      0,00 1461358904  158276   0,98  antigravity
19:02:21     1000     38144     29,40      0,00 6198124  240104   1,48  java

19:02:16      UID       PID   kB_rd/s   kB_wr/s kB_ccwr/s iodelay  Command
19:02:21     1000     38113      0,00      0,68      0,00       0  pidstat
19:02:21     1000     38144      0,00      1,77      0,00       0  java

19:02:21      UID       PID    %usr %system  %guest   %wait    %CPU   CPU  Command
19:02:26        0       721    0,00    0,20    0,00    0,00    0,20     7  kworker/u33:2-i915_flip
19:02:26        0      1457    0,20    0,00    0,00    0,00    0,20     5  glances
19:02:26        0      1489    0,40    0,00    0,00    0,00    0,40     4  containerd
19:02:26        0      2351    0,40    0,00    0,00    0,00    0,40     3  dockerd
19:02:26      117      2352    2,00    0,40    0,00    0,00    2,40     3  grafana
19:02:26        0      3170    0,00    0,20    0,00    0,00    0,20     2  mount.ntfs-3g
19:02:26        0      3261    0,20    0,00    0,00    0,00    0,20     3  containerd-shim
19:02:26      999      3405    0,20    0,00    0,00    0,00    0,20     7  redis-server
19:02:26     1000      9024    0,20    0,40    0,00    0,00    0,60     1  gnome-shell
19:02:26     1000      9700    0,20    0,20    0,00    0,00    0,40     0  antigravity
19:02:26     1000      9830    0,60    0,20    0,00    0,00    0,80     2  antigravity
19:02:26     1000     10074    1,80    1,40    0,00    0,00    3,20     4  language_server
19:02:26     1000     10121    0,20    0,20    0,00    0,00    0,40     7  antigravity
19:02:26     1000     10122    0,80    0,00    0,00    0,00    0,80     3  antigravity
19:02:26     1000     10187    0,60    0,00    0,00    0,00    0,60     1  antigravity
19:02:26     1000     11152    2,20    0,80    0,00    0,00    3,00     7  language_server
19:02:26        0     33252    0,00    0,20    0,00    0,00    0,20     0  kworker/0:2-events_power_efficient
19:02:26     1000     38113    0,00    0,40    0,00    0,00    0,40     4  pidstat
19:02:26     1000     38144    3,40    0,20    0,00    0,00    3,60     2  java

19:02:21      UID       PID  minflt/s  majflt/s     VSZ     RSS   %MEM  Command
19:02:26        0       381      4,20      0,00  136916   82648   0,51  systemd-journal
19:02:26      117      2352      3,00      0,00 1830016  333816   2,06  grafana
19:02:26        0      3207     13,00      0,00 1235608   15120   0,09  containerd-shim
19:02:26        0      3227      9,00      0,00 1235352   14280   0,09  containerd-shim
19:02:26        0      3240      9,00      0,00 1235608   14764   0,09  containerd-shim
19:02:26        0      3246     11,20      0,00 1235608   15256   0,09  containerd-shim
19:02:26        0      3261      9,40      0,00 1235608   15032   0,09  containerd-shim
19:02:26     1000      9024      0,80      0,00 4672668  275316   1,70  gnome-shell
19:02:26     1000      9700     39,60      0,00 1461692876  304504   1,88  antigravity
19:02:26     1000      9756      3,20      0,00 34324796  165268   1,02  antigravity
19:02:26     1000      9767      1,20      0,00 33906012   82040   0,51  antigravity
19:02:26     1000      9830     55,20      0,00 1461371884  493860   3,04  antigravity
19:02:26     1000     10109      0,40      0,00 33951332   64948   0,40  antigravity
19:02:26     1000     10121      3,20      0,00 1461391740  126556   0,78  antigravity
19:02:26     1000     10122     18,60      0,00 1461343128  285440   1,76  antigravity
19:02:26     1000     10186      3,00      0,00 1478124976  122820   0,76  antigravity
19:02:26     1000     10187      3,00      0,00 1461358904  158276   0,98  antigravity
19:02:26     1000     38144     21,00      0,00 6198124  240488   1,48  java

19:02:21      UID       PID   kB_rd/s   kB_wr/s kB_ccwr/s iodelay  Command
19:02:26     1000     38113      0,00      0,82      0,00       0  pidstat
19:02:26     1000     38144      0,00      0,17      0,00       0  java

19:02:26      UID       PID    %usr %system  %guest   %wait    %CPU   CPU  Command
19:02:31      115       927    0,20    0,00    0,00    0,00    0,20     3  prometheus
19:02:31        0      1457    0,20    0,00    0,00    0,00    0,20     5  glances
19:02:31        0      1479    0,20    0,00    0,00    0,00    0,20     5  anydesk
19:02:31        0      1489    0,40    0,00    0,00    0,00    0,40     4  containerd
19:02:31        0      2351    0,20    0,40    0,00    0,00    0,60     3  dockerd
19:02:31      117      2352    0,80    0,20    0,00    0,00    1,00     3  grafana
19:02:31        0      3170    0,20    0,20    0,00    0,00    0,40     2  mount.ntfs-3g
19:02:31        0      3207    0,00    0,20    0,00    0,00    0,20     6  containerd-shim
19:02:31        0      3246    0,20    0,00    0,00    0,00    0,20     0  containerd-shim
19:02:31      999      3405    0,40    0,00    0,00    0,00    0,40     7  redis-server
19:02:31     1000      9024    1,00    0,00    0,00    0,00    1,00     1  gnome-shell
19:02:31     1000      9756    0,20    0,00    0,00    0,00    0,20     0  antigravity
19:02:31     1000      9830    1,00    0,00    0,00    0,00    1,00     4  antigravity
19:02:31     1000     10074    1,20    1,80    0,00    0,20    3,00     5  language_server
19:02:31     1000     10121    0,00    0,20    0,00    0,00    0,20     7  antigravity
19:02:31     1000     10122    0,60    0,20    0,00    0,00    0,80     4  antigravity
19:02:31     1000     10187    0,60    0,20    0,00    0,00    0,80     1  antigravity
19:02:31     1000     11152    1,40    2,00    0,00    0,00    3,40     1  language_server
19:02:31     1000     38113    0,20    0,20    0,00    0,00    0,40     7  pidstat
19:02:31     1000     38144    3,80    0,60    0,00    0,00    4,40     2  java

19:02:26      UID       PID  minflt/s  majflt/s     VSZ     RSS   %MEM  Command
19:02:31        0      3207     12,20      0,00 1235608   15248   0,09  containerd-shim
19:02:31        0      3227      9,40      0,00 1235352   14536   0,09  containerd-shim
19:02:31        0      3240     12,80      0,00 1235608   14764   0,09  containerd-shim
19:02:31        0      3246     11,80      0,00 1235608   15384   0,09  containerd-shim
19:02:31        0      3261     12,40      0,00 1235608   15288   0,09  containerd-shim
19:02:31       70      3383      4,40      0,00  174540   26160   0,16  postgres
19:02:31     1000      9024      6,40      0,00 4672668  275444   1,70  gnome-shell
19:02:31     1000      9700     34,40      0,00 1461692876  304352   1,87  antigravity
19:02:31     1000      9756      4,60      0,00 34324652  165268   1,02  antigravity
19:02:31     1000      9767      0,60      0,00 33906012   82040   0,51  antigravity
19:02:31     1000      9830     89,40      0,00 1461371948  494756   3,05  antigravity
19:02:31     1000     10109      0,20      0,00 33951332   64948   0,40  antigravity
19:02:31     1000     10121    118,80      0,00 1461391740  126940   0,78  antigravity
19:02:31     1000     10122     23,60      0,00 1461343128  285300   1,76  antigravity
19:02:31     1000     10186      6,00      0,00 1478124976  122820   0,76  antigravity
19:02:31     1000     10187      5,60      0,00 1461358904  158276   0,98  antigravity
19:02:31     1000     38144     17,60      0,00 6198124  240872   1,48  java
19:02:31     1000     38442     27,60      0,00    2672    1592   0,01  sh
19:02:31     1000     38443     67,20      0,00    7012    3208   0,02  cpuUsage.sh
19:02:31     1000     38450     23,60      0,00    5656    2136   0,01  sleep

19:02:26      UID       PID   kB_rd/s   kB_wr/s kB_ccwr/s iodelay  Command
19:02:31     1000     38113      0,00      0,71      0,00       0  pidstat
19:02:31     1000     38144      0,00      1,84      0,00       0  java

19:02:31      UID       PID    %usr %system  %guest   %wait    %CPU   CPU  Command
19:02:36        0         1    0,20    0,20    0,00    0,00    0,40     6  systemd
19:02:36        0        86    0,00    0,20    0,00    0,00    0,20     0  irq/9-acpi
19:02:36      990       905    0,60    0,00    0,00    0,00    0,60     0  dbus-daemon
19:02:36      115       926    1,20    0,40    0,00    0,00    1,60     2  prometheus-node
19:02:36      115       927    0,20    0,00    0,00    0,00    0,20     3  prometheus
19:02:36        0      1468    0,20    0,00    0,00    0,00    0,20     6  tailscaled
19:02:36        0      1489    0,20    0,20    0,00    0,00    0,40     4  containerd
19:02:36        0      2351    0,40    0,00    0,00    0,00    0,40     3  dockerd
19:02:36      117      2352    0,80    0,00    0,00    0,00    0,80     3  grafana
19:02:36        0      3170    0,20    0,20    0,00    0,00    0,40     1  mount.ntfs-3g
19:02:36        0      3227    0,20    0,20    0,00    0,00    0,40     3  containerd-shim
19:02:36        0      3240    0,20    0,00    0,00    0,00    0,20     1  containerd-shim
19:02:36        0      3246    0,00    0,20    0,00    0,00    0,20     0  containerd-shim
19:02:36        0      3261    0,20    0,00    0,00    0,00    0,20     3  containerd-shim
19:02:36      999      3405    0,40    0,00    0,00    0,00    0,40     0  redis-server
19:02:36     1000      9024    0,60    0,00    0,00    0,00    0,60     0  gnome-shell
19:02:36     1000      9200    0,20    0,00    0,00    0,00    0,20     4  anydesk
19:02:36     1000      9700    0,20    0,20    0,00    0,00    0,40     2  antigravity
19:02:36     1000      9756    0,20    0,00    0,00    0,00    0,20     0  antigravity
19:02:36     1000      9830    0,60    0,20    0,00    0,00    0,80     1  antigravity
19:02:36     1000     10074    1,60    1,60    0,00    0,00    3,20     0  language_server
19:02:36     1000     10121    0,20    0,20    0,00    0,00    0,40     6  antigravity
19:02:36     1000     10122    0,80    0,00    0,00    0,00    0,80     5  antigravity
19:02:36     1000     10187    0,40    0,20    0,00    0,00    0,60     2  antigravity
19:02:36     1000     11152    1,40    1,60    0,00    0,00    3,00     1  language_server
19:02:36     1000     38113    0,20    0,20    0,00    0,00    0,40     7  pidstat
19:02:36     1000     38144    2,20    0,20    0,00    0,00    2,40     2  java

19:02:31      UID       PID  minflt/s  majflt/s     VSZ     RSS   %MEM  Command
19:02:36      115       926     71,40      0,00 1687812   25380   0,16  prometheus-node
19:02:36        0      3207      6,60      0,00 1235608   15248   0,09  containerd-shim
19:02:36        0      3227      0,20      0,00 1235352   14536   0,09  containerd-shim
19:02:36        0      3240     14,20      0,00 1235608   15148   0,09  containerd-shim
19:02:36        0      3246      6,60      0,00 1235608   15512   0,10  containerd-shim
19:02:36        0      3261     14,80      0,00 1235608   15672   0,10  containerd-shim
19:02:36     1000      9024      0,80      0,00 4672668  275444   1,70  gnome-shell
19:02:36     1000      9700     72,80      0,00 1461692876  304408   1,88  antigravity
19:02:36     1000      9756      1,60      0,00 34324652  165268   1,02  antigravity
19:02:36     1000      9767      0,60      0,00 33906012   82040   0,51  antigravity
19:02:36     1000      9830     56,00      0,00 1461371948  495396   3,05  antigravity
19:02:36     1000     10109      0,20      0,00 33951332   64948   0,40  antigravity
19:02:36     1000     10121     83,00      0,00 1461391740  126908   0,78  antigravity
19:02:36     1000     10122     12,60      0,00 1461343128  285300   1,76  antigravity
19:02:36     1000     10186      3,00      0,00 1478124976  122820   0,76  antigravity
19:02:36     1000     10187      2,40      0,00 1461358904  158276   0,98  antigravity
19:02:36     1000     38144     18,20      0,00 6198124  241128   1,49  java
19:02:36     1000     38466     27,60      0,00    2672    1516   0,01  sh
19:02:36     1000     38467     67,00      0,00    7012    3328   0,02  cpuUsage.sh
19:02:36     1000     38474     23,80      0,00    5656    1992   0,01  sleep

19:02:31      UID       PID   kB_rd/s   kB_wr/s kB_ccwr/s iodelay  Command
19:02:36     1000     38113      0,00      0,74      0,00       0  pidstat
19:02:36     1000     38144      0,00      0,17      0,00       0  java

19:02:36      UID       PID    %usr %system  %guest   %wait    %CPU   CPU  Command
19:02:41        0         1    0,40    0,00    0,00    0,00    0,40     3  systemd
19:02:41        0       381    0,00    0,20    0,00    0,00    0,20     4  systemd-journal
19:02:41        0       413    0,20    0,20    0,00    0,20    0,40     3  systemd-udevd
19:02:41      990       905    0,60    0,00    0,00    0,00    0,60     1  dbus-daemon
19:02:41      115       927    0,20    0,00    0,00    0,00    0,20     3  prometheus
19:02:41        0      1052    0,20    0,20    0,00    0,00    0,40     4  NetworkManager
19:02:41        0      1194    0,00    0,20    0,00    0,00    0,20     3  ModemManager
19:02:41        0      1457    0,20    0,00    0,00    0,00    0,20     5  glances
19:02:41        0      1468    0,40    0,20    0,00    0,00    0,60     6  tailscaled
19:02:41        0      1489    1,20    0,20    0,00    0,00    1,40     4  containerd
19:02:41        0      2351    1,00    0,60    0,00    0,00    1,60     3  dockerd
19:02:41      117      2352    0,80    0,20    0,00    0,00    1,00     3  grafana
19:02:41        0      3170    0,20    0,00    0,00    0,00    0,20     5  mount.ntfs-3g
19:02:41        0      3207    0,20    0,00    0,00    0,00    0,20     6  containerd-shim
19:02:41        0      3240    0,20    0,00    0,00    0,00    0,20     1  containerd-shim
19:02:41      999      3405    0,40    0,20    0,00    0,00    0,60     3  redis-server
19:02:41     1000      8864    0,40    0,00    0,00    0,00    0,40     0  systemd
19:02:41     1000      8888    0,20    0,00    0,00    0,00    0,20     6  dbus-daemon
19:02:41     1000      9024    1,00    0,20    0,00    0,00    1,20     4  gnome-shell
19:02:41     1000      9138    0,00    0,20    0,00    0,00    0,20     6  gsd-housekeepin
19:02:41     1000      9162    0,20    0,00    0,00    0,00    0,20     4  gsd-sharing
19:02:41     1000      9166    0,20    0,00    0,00   11,80    0,20     3  gnome-software
19:02:41     1000      9349    0,20    0,00    0,00    0,00    0,20     1  gvfs-udisks2-vo
19:02:41     1000      9493    0,20    0,00    0,00    0,00    0,20     7  xdg-desktop-por
19:02:41     1000      9700    0,40    0,00    0,00    0,00    0,40     5  antigravity
19:02:41     1000      9830    0,80    0,00    0,00    0,00    0,80     3  antigravity
19:02:41     1000     10074    1,80    1,20    0,00    0,00    3,00     2  language_server
19:02:41     1000     10121    0,20    0,20    0,00    0,00    0,40     4  antigravity
19:02:41     1000     10122    0,80    0,20    0,00    0,00    1,00     6  antigravity
19:02:41     1000     10187    0,40    0,40    0,00    0,00    0,80     2  antigravity
19:02:41     1000     11152    1,60    1,20    0,00    0,00    2,80     2  language_server
19:02:41        0     25979    0,00    0,20    0,00    0,20    0,20     2  kworker/u32:4-events_unbound
19:02:41        0     31798    0,00    0,20    0,00    0,00    0,20     1  kworker/1:2-mm_percpu_wq
19:02:41     1000     38113    0,00    0,40    0,00    0,00    0,40     7  pidstat
19:02:41     1000     38144    6,20    1,60    0,00    0,00    7,80     2  java

19:02:36      UID       PID  minflt/s  majflt/s     VSZ     RSS   %MEM  Command
19:02:41        0       381     39,20      0,00  136916   82648   0,51  systemd-journal
19:02:41        0       413    110,80      0,00   37696   11516   0,07  systemd-udevd
19:02:41        0      1489     12,60      0,00 2242640   65616   0,40  containerd
19:02:41        0      3207      0,80      0,00 1235608   15248   0,09  containerd-shim
19:02:41        0      3240      3,60      0,00 1235608   15148   0,09  containerd-shim
19:02:41        0      3246      2,40      0,00 1235608   15512   0,10  containerd-shim
19:02:41        0      3261      6,20      0,00 1235608   15672   0,10  containerd-shim
19:02:41     1000      9024      8,20      0,00 4672668  275444   1,70  gnome-shell
19:02:41     1000      9700     33,60      0,00 1461692876  304504   1,88  antigravity
19:02:41     1000      9756      1,60      0,00 34324652  165268   1,02  antigravity
19:02:41     1000      9767      0,60      0,00 33906012   82040   0,51  antigravity
19:02:41     1000      9830     56,40      0,00 1461371948  496420   3,06  antigravity
19:02:41     1000     10109      0,20      0,00 33951332   64948   0,40  antigravity
19:02:41     1000     10121     28,00      0,00 1461391740  126748   0,78  antigravity
19:02:41     1000     10122     19,80      0,00 1461343128  285300   1,76  antigravity
19:02:41     1000     10186      3,40      0,00 1478124976  122820   0,76  antigravity
19:02:41     1000     10187      3,20      0,00 1461358904  158276   0,98  antigravity
19:02:41     1000     38144     58,60      0,00 6198124  250728   1,54  java
19:02:41        0     38527    101,80      0,00   37700    7324   0,05  (udev-worker)
19:02:41        0     38541     28,60      0,00   37700    7004   0,04  (udev-worker)
19:02:41        0     38542     29,00      0,00   37700    7004   0,04  (udev-worker)
19:02:41        0     38544     28,60      0,00   37700    7004   0,04  (udev-worker)
19:02:41        0     38546     27,80      0,00   37700    7004   0,04  (udev-worker)
19:02:41        0     38547     29,00      0,00   37700    7004   0,04  (udev-worker)
19:02:41        0     38548     28,00      0,00   37700    7004   0,04  (udev-worker)
19:02:41        0     38549     28,00      0,00   37700    7004   0,04  (udev-worker)
19:02:41        0     38550     37,40      0,00   37700    7004   0,04  (udev-worker)
19:02:41        0     38552     28,40      0,00   37700    7004   0,04  (udev-worker)
19:02:41        0     38553     28,80      0,00   37700    7004   0,04  (udev-worker)
19:02:41        0     38554     28,80      0,00   37700    7004   0,04  (udev-worker)
19:02:41        0     38555     28,60      0,00   37700    7004   0,04  (udev-worker)
19:02:41        0     38556     28,20      0,00   37700    7004   0,04  (udev-worker)
19:02:41        0     38557     28,60      0,00   37700    7004   0,04  (udev-worker)
19:02:41        0     38558     28,20      0,00   37700    6876   0,04  (udev-worker)

19:02:36      UID       PID   kB_rd/s   kB_wr/s kB_ccwr/s iodelay  Command
19:02:41     1000     38113      0,00      0,87      0,00       0  pidstat
19:02:41     1000     38144      0,00      3,28      0,00       0  java

19:02:41      UID       PID    %usr %system  %guest   %wait    %CPU   CPU  Command
19:02:46        0        18    0,00    0,20    0,00    0,00    0,20     7  rcu_preempt
19:02:46      115       927    0,00    0,20    0,00    0,00    0,20     3  prometheus
19:02:46        0      1457    0,20    0,00    0,00    0,00    0,20     5  glances
19:02:46        0      1489    0,20    0,00    0,00    0,00    0,20     4  containerd
19:02:46        0      2351    0,20    0,60    0,00    0,00    0,80     3  dockerd
19:02:46      117      2352    0,60    0,20    0,00    0,00    0,80     3  grafana
19:02:46        0      3170    0,20    0,40    0,00    0,00    0,60     0  mount.ntfs-3g
19:02:46        0      3207    0,00    0,20    0,00    0,00    0,20     6  containerd-shim
19:02:46        0      3227    0,00    0,20    0,00    0,00    0,20     3  containerd-shim
19:02:46        0      3240    0,00    0,20    0,00    0,00    0,20     1  containerd-shim
19:02:46        0      3246    0,00    0,20    0,00    0,00    0,20     0  containerd-shim
19:02:46        0      3261    0,20    0,00    0,00    0,00    0,20     3  containerd-shim
19:02:46      999      3405    0,20    0,00    0,00    0,00    0,20     3  redis-server
19:02:46     1000      9024    0,40    0,00    0,00    0,00    0,40     4  gnome-shell
19:02:46     1000      9700    0,20    0,00    0,00    0,00    0,20     6  antigravity
19:02:46     1000      9756    0,20    0,20    0,00    0,00    0,40     5  antigravity
19:02:46     1000      9830   11,00    0,40    0,00    0,00   11,40     2  antigravity
19:02:46     1000     10074    2,00    1,00    0,00    0,00    3,00     0  language_server
19:02:46     1000     10109    0,20    0,00    0,00    0,00    0,20     2  antigravity
19:02:46     1000     10121    0,20    0,20    0,00    0,00    0,40     1  antigravity
19:02:46     1000     10122    0,60    0,00    0,00    0,00    0,60     3  antigravity
19:02:46     1000     10187    0,60    0,20    0,00    0,00    0,80     3  antigravity
19:02:46     1000     11152    2,40    1,00    0,00    0,20    3,40     4  language_server
19:02:46     1000     38113    0,40    0,20    0,00    0,00    0,60     7  pidstat
19:02:46     1000     38144    1,60    0,20    0,00    0,00    1,80     2  java

19:02:41      UID       PID  minflt/s  majflt/s     VSZ     RSS   %MEM  Command
19:02:46        0       413      1,60      0,00   37696   11516   0,07  systemd-udevd
19:02:46        0      1489      3,20      0,00 2242640   65616   0,40  containerd
19:02:46        0      3207      0,80      0,00 1235608   15248   0,09  containerd-shim
19:02:46        0      3227      5,80      0,00 1235352   14664   0,09  containerd-shim
19:02:46        0      3240      0,40      0,00 1235608   15148   0,09  containerd-shim
19:02:46        0      3246      5,60      0,00 1235608   15640   0,10  containerd-shim
19:02:46        0      3261      8,60      0,00 1235608   15800   0,10  containerd-shim
19:02:46     1000      9024      0,60      0,00 4672668  275444   1,70  gnome-shell
19:02:46     1000      9700     39,60      0,00 1461692876  304596   1,88  antigravity
19:02:46     1000      9756      3,20      0,00 34324652  165268   1,02  antigravity
19:02:46     1000      9767      1,20      0,00 33906012   82040   0,51  antigravity
19:02:46     1000      9830    159,40      0,00 1461371948  487136   3,00  antigravity
19:02:46     1000     10109      0,40      0,00 33951332   64948   0,40  antigravity
19:02:46     1000     10121      4,80      0,00 1461391740  126876   0,78  antigravity
19:02:46     1000     10122     15,00      0,00 1461343128  285300   1,76  antigravity
19:02:46     1000     10186      3,00      0,00 1478124976  122820   0,76  antigravity
19:02:46     1000     10187      2,80      0,00 1461358904  158276   0,98  antigravity
19:02:46     1000     11152     17,80      0,00 4969748  458716   2,83  language_server
19:02:46     1000     38113      6,60      0,00    6184    5096   0,03  pidstat
19:02:46     1000     38144     18,40      0,00 6198124  251112   1,55  java

19:02:41      UID       PID   kB_rd/s   kB_wr/s kB_ccwr/s iodelay  Command
19:02:46     1000     38113      0,00      1,25      0,00       0  pidstat
19:02:46     1000     38144      0,00      0,21      0,00       0  java

19:02:46      UID       PID    %usr %system  %guest   %wait    %CPU   CPU  Command
19:02:51        0         1    0,20    0,00    0,00    0,00    0,20     5  systemd
19:02:51      990       905    0,40    0,20    0,00    0,00    0,60     1  dbus-daemon
19:02:51      115       926    1,00    0,60    0,00    0,00    1,60     2  prometheus-node
19:02:51      115       927    0,20    0,00    0,00    0,00    0,20     3  prometheus
19:02:51        0      1489    0,20    0,20    0,00    0,00    0,40     4  containerd
19:02:51        0      2351    0,20    0,20    0,00    0,00    0,40     3  dockerd
19:02:51      117      2352    0,60    0,40    0,00    0,00    1,00     3  grafana
19:02:51        0      3170    0,40    0,20    0,00    0,00    0,60     3  mount.ntfs-3g
19:02:51        0      3207    0,20    0,00    0,00    0,00    0,20     6  containerd-shim
19:02:51        0      3227    0,00    0,20    0,00    0,00    0,20     3  containerd-shim
19:02:51        0      3240    0,20    0,00    0,00    0,00    0,20     1  containerd-shim
19:02:51        0      3261    0,00    0,20    0,00    0,00    0,20     3  containerd-shim
19:02:51      999      3405    0,40    0,20    0,00    0,00    0,60     4  redis-server
19:02:51     1000      9024    0,80    0,20    0,00    0,00    1,00     5  gnome-shell
19:02:51     1000      9700    0,20    0,00    0,00    0,00    0,20     6  antigravity
19:02:51     1000      9830    0,80    0,20    0,00    0,00    1,00     2  antigravity
19:02:51     1000     10074    1,20    1,80    0,00    0,00    3,00     4  language_server
19:02:51     1000     10121    0,20    0,00    0,00    0,00    0,20     1  antigravity
19:02:51     1000     10122    0,80    0,20    0,00    0,00    1,00     7  antigravity
19:02:51     1000     10187    1,00    0,20    0,00    0,00    1,20     5  antigravity
19:02:51     1000     11152    1,60    1,40    0,00    0,00    3,00     0  language_server
19:02:51     1000     38113    0,00    0,20    0,00    0,00    0,20     2  pidstat
19:02:51     1000     38144    2,60    0,60    0,00    0,00    3,20     2  java

19:02:46      UID       PID  minflt/s  majflt/s     VSZ     RSS   %MEM  Command
19:02:51      115       926     69,40      0,00 1687812   25748   0,16  prometheus-node
19:02:51        0      1489      2,00      0,00 2242640   65744   0,41  containerd
19:02:51        0      3207      6,80      0,00 1235608   14668   0,09  containerd-shim
19:02:51        0      3227      2,20      0,00 1235352   14024   0,09  containerd-shim
19:02:51        0      3240      4,40      0,00 1235608   14500   0,09  containerd-shim
19:02:51        0      3246      6,20      0,00 1235608   15352   0,09  containerd-shim
19:02:51        0      3261      2,40      0,00 1235608   15140   0,09  containerd-shim
19:02:51     1000      9024      1,60      0,00 4672668  275444   1,70  gnome-shell
19:02:51     1000      9700     33,40      0,00 1461692876  304600   1,88  antigravity
19:02:51     1000      9756      1,60      0,00 34324652  165268   1,02  antigravity
19:02:51     1000      9767      0,60      0,00 33906012   82040   0,51  antigravity
19:02:51     1000      9830     73,40      0,00 1461371948  487320   3,00  antigravity
19:02:51     1000     10109      0,20      0,00 33951332   64948   0,40  antigravity
19:02:51     1000     10121      2,60      0,00 1461391740  126876   0,78  antigravity
19:02:51     1000     10122     21,40      0,00 1461343128  285296   1,76  antigravity
19:02:51     1000     10186      6,00      0,00 1478124976  122820   0,76  antigravity
19:02:51     1000     10187      9,60      0,00 1461358904  158128   0,97  antigravity
19:02:51     1000     38144     41,80      0,00 6170368  247416   1,52  java

19:02:46      UID       PID   kB_rd/s   kB_wr/s kB_ccwr/s iodelay  Command
19:02:51     1000     38113      0,00      0,84      0,00       0  pidstat
19:02:51     1000     38144      0,00      4,08      0,00       0  java

Rata-rata:    UID       PID    %usr %system  %guest   %wait    %CPU   CPU  Command
Rata-rata:      0         1    0,11    0,02    0,00    0,00    0,12     -  systemd
Rata-rata:      0        18    0,00    0,03    0,00    0,02    0,03     -  rcu_preempt
Rata-rata:      0        86    0,00    0,06    0,00    0,00    0,06     -  irq/9-acpi
Rata-rata:      0       381    0,00    0,02    0,00    0,00    0,02     -  systemd-journal
Rata-rata:      0       413    0,02    0,02    0,00    0,02    0,03     -  systemd-udevd
Rata-rata:      0       721    0,00    0,02    0,00    0,02    0,02     -  kworker/u33:2-i915_flip
Rata-rata:    990       905    0,28    0,05    0,00    0,02    0,32     -  dbus-daemon
Rata-rata:    986       922    0,02    0,00    0,00    0,00    0,02     -  polkitd
Rata-rata:    115       926    0,46    0,22    0,00    0,00    0,68     -  prometheus-node
Rata-rata:    115       927    0,12    0,03    0,00    0,00    0,15     -  prometheus
Rata-rata:      0      1052    0,02    0,02    0,00    0,00    0,03     -  NetworkManager
Rata-rata:      0      1194    0,00    0,02    0,00    0,00    0,02     -  ModemManager
Rata-rata:      0      1457    0,12    0,02    0,00    0,00    0,14     -  glances
Rata-rata:      0      1468    0,14    0,08    0,00    0,00    0,22     -  tailscaled
Rata-rata:      0      1479    0,02    0,00    0,00    0,00    0,02     -  anydesk
Rata-rata:      0      1489    0,38    0,09    0,00    0,00    0,48     -  containerd
Rata-rata:    111      1556    0,00    0,02    0,00    0,00    0,02     -  mariadbd
Rata-rata:      0      2351    0,40    0,20    0,00    0,00    0,60     -  dockerd
Rata-rata:    117      2352    0,77    0,28    0,00    0,00    1,05     -  grafana
Rata-rata:      0      3170    0,22    0,18    0,00    0,00    0,40     -  mount.ntfs-3g
Rata-rata:      0      3207    0,05    0,08    0,00    0,00    0,12     -  containerd-shim
Rata-rata:      0      3227    0,03    0,11    0,00    0,00    0,14     -  containerd-shim
Rata-rata:      0      3240    0,08    0,06    0,00    0,00    0,14     -  containerd-shim
Rata-rata:      0      3246    0,06    0,06    0,00    0,00    0,12     -  containerd-shim
Rata-rata:      0      3261    0,09    0,03    0,00    0,00    0,12     -  containerd-shim
Rata-rata:    999      3405    0,37    0,06    0,00    0,00    0,43     -  redis-server
Rata-rata:   1000      8864    0,03    0,00    0,00    0,00    0,03     -  systemd
Rata-rata:   1000      8888    0,02    0,00    0,00    0,00    0,02     -  dbus-daemon
Rata-rata:   1000      9024    0,68    0,20    0,00    0,02    0,88     -  gnome-shell
Rata-rata:   1000      9138    0,00    0,02    0,00    0,00    0,02     -  gsd-housekeepin
Rata-rata:   1000      9162    0,02    0,00    0,00    0,00    0,02     -  gsd-sharing
Rata-rata:   1000      9166    0,02    0,00    0,00    0,91    0,02     -  gnome-software
Rata-rata:   1000      9200    0,02    0,00    0,00    0,00    0,02     -  anydesk
Rata-rata:   1000      9349    0,02    0,00    0,00    0,00    0,02     -  gvfs-udisks2-vo
Rata-rata:   1000      9493    0,02    0,00    0,00    0,00    0,02     -  xdg-desktop-por
Rata-rata:   1000      9700    0,22    0,09    0,00    0,00    0,31     -  antigravity
Rata-rata:   1000      9756    0,18    0,06    0,00    0,00    0,25     -  antigravity
Rata-rata:   1000      9830    3,01    0,14    0,00    0,03    3,15     -  antigravity
Rata-rata:   1000      9890    0,02    0,00    0,00    0,00    0,02     -  antigravity
Rata-rata:   1000     10074    1,61    1,43    0,00    0,03    3,04     -  language_server
Rata-rata:   1000     10109    0,02    0,00    0,00    0,00    0,02     -  antigravity
Rata-rata:   1000     10121    0,20    0,12    0,00    0,00    0,32     -  antigravity
Rata-rata:   1000     10122    0,82    0,14    0,00    0,05    0,95     -  antigravity
Rata-rata:   1000     10186    0,02    0,00    0,00    0,00    0,02     -  antigravity
Rata-rata:   1000     10187    0,71    0,14    0,00    0,00    0,85     -  antigravity
Rata-rata:   1000     11152    1,71    1,38    0,00    0,05    3,09     -  language_server
Rata-rata:      0     16329    0,00    0,02    0,00    0,02    0,02     -  kworker/u32:2-flush-8:0
Rata-rata:      0     25979    0,00    0,03    0,00    0,02    0,03     -  kworker/u32:4-events_unbound
Rata-rata:      0     31798    0,00    0,02    0,00    0,00    0,02     -  kworker/1:2-mm_percpu_wq
Rata-rata:      0     32262    0,00    0,02    0,00    0,02    0,02     -  kworker/7:3-events
Rata-rata:      0     33252    0,00    0,03    0,00    0,02    0,03     -  kworker/0:2-cgroup_free
Rata-rata:   1000     38113    0,14    0,25    0,00    0,00    0,38     -  pidstat
Rata-rata:   1000     38144   11,01    0,82    0,00    0,00   11,83     -  java

Rata-rata:    UID       PID  minflt/s  majflt/s     VSZ     RSS   %MEM  Command
Rata-rata:      0       381      3,88      0,00  136916   82648   0,51  systemd-journal
Rata-rata:      0       413      8,64      0,00   37696   11516   0,07  systemd-udevd
Rata-rata:    115       926     30,00      0,00 1687812   25582   0,16  prometheus-node
Rata-rata:    115       927      0,02      0,00 2702228  115432   0,71  prometheus
Rata-rata:      0      1489      1,43      0,00 2242640   65949   0,41  containerd
Rata-rata:    114      1588      0,29      0,00  218252   30140   0,19  postgres
Rata-rata:    117      2352      0,25      0,00 1830016  333816   2,06  grafana
Rata-rata:      0      3207      7,93      0,00 1235608   15141   0,09  containerd-shim
Rata-rata:      0      3227      5,43      0,00 1235352   14497   0,09  containerd-shim
Rata-rata:      0      3240      7,67      0,00 1235608   14984   0,09  containerd-shim
Rata-rata:      0      3246      7,14      0,00 1235608   15430   0,10  containerd-shim
Rata-rata:      0      3261      8,09      0,00 1235608   15516   0,10  containerd-shim
Rata-rata:     70      3383      0,34      0,00  174540   26160   0,16  postgres
Rata-rata:      0      3422      0,02      0,00  743168   82132   0,51  node
Rata-rata:   1000      9024      3,48      0,00 4672668  275365   1,70  gnome-shell
Rata-rata:   1000      9700     40,44      0,00 1461692876  304483   1,88  antigravity
Rata-rata:   1000      9756      2,55      0,00 34326592  165268   1,02  antigravity
Rata-rata:   1000      9767      0,74      0,00 33906012   82040   0,51  antigravity
Rata-rata:   1000      9830    107,17      0,00 1461371909  491712   3,03  antigravity
Rata-rata:   1000     10109      0,25      0,00 33951332   64948   0,40  antigravity
Rata-rata:   1000     10121     39,43      0,00 1461391740  126692   0,78  antigravity
Rata-rata:   1000     10122     54,76      0,00 1461343128  285321   1,76  antigravity
Rata-rata:   1000     10186      3,95      0,00 1478124976  122820   0,76  antigravity
Rata-rata:   1000     10187      6,26      0,00 1461358904  158265   0,97  antigravity
Rata-rata:   1000     11152      1,37      0,00 4969748  458391   2,82  language_server
Rata-rata:   1000     38113      0,69      0,00    6072    4988   0,03  pidstat
Rata-rata:   1000     38114      0,29      0,00    2676    1516   0,01  jmeter
Rata-rata:   1000     38144    571,52      0,00 6195989  242245   1,49  java

Rata-rata:    UID       PID   kB_rd/s   kB_wr/s kB_ccwr/s iodelay  Command
Rata-rata:   1000     38113      0,00      0,76      0,00       0  pidstat
Rata-rata:   1000     38144      0,00      1,37      0,00       0  java
