Linux 6.12.94+deb13-amd64 (debian) 	24/06/26 	_x86_64_	(8 CPU)

18:59:21      UID       PID    %usr %system  %guest   %wait    %CPU   CPU  Command
18:59:26        0        17    0,00    0,20    0,00    0,00    0,20     0  ksoftirqd/0
18:59:26        0        86    0,00    0,20    0,00    0,00    0,20     0  irq/9-acpi
18:59:26        0       721    0,00    0,20    0,00   18,13    0,20     0  kworker/u33:2-i915_flip
18:59:26        0      1457    0,20    0,00    0,00    0,00    0,20     5  glances
18:59:26        0      1468    0,20    0,00    0,00    0,00    0,20     7  tailscaled
18:59:26        0      1489    0,40    0,00    0,00    0,00    0,40     4  containerd
18:59:26        0      2351    0,60    0,00    0,00    0,00    0,60     3  dockerd
18:59:26      117      2352    0,60    0,40    0,00    0,00    1,00     3  grafana
18:59:26        0      3170    0,20    0,20    0,00    0,00    0,40     2  mount.ntfs-3g
18:59:26        0      3207    0,00    0,20    0,00    0,00    0,20     6  containerd-shim
18:59:26        0      3227    0,00    0,20    0,00    0,00    0,20     3  containerd-shim
18:59:26        0      3246    0,00    0,20    0,00    0,00    0,20     0  containerd-shim
18:59:26      999      3405    0,40    0,20    0,00    0,00    0,60     1  redis-server
18:59:26     1000      9024    1,39    0,60    0,00    0,00    1,99     2  gnome-shell
18:59:26     1000      9200    0,00    0,20    0,00    0,00    0,20     4  anydesk
18:59:26     1000      9700    1,00    0,40    0,00    0,00    1,39     0  antigravity
18:59:26     1000      9756    1,39    0,20    0,00    0,20    1,59     6  antigravity
18:59:26     1000      9830   18,13    0,20    0,00    0,20   18,33     1  antigravity
18:59:26     1000     10074    1,00    1,39    0,00    0,00    2,39     6  language_server
18:59:26     1000     10121    0,20    0,40    0,00    0,00    0,60     4  antigravity
18:59:26     1000     10122    1,00    0,20    0,00    0,20    1,20     6  antigravity
18:59:26     1000     10187    2,19    0,20    0,00    0,00    2,39     4  antigravity
18:59:26     1000     11152    1,59    1,00    0,00    0,20    2,59     6  language_server
18:59:26     1000     36998    0,00    0,20    0,00    0,00    0,20     3  pidstat
18:59:26     1000     37029   83,86    4,58    0,00    0,00   88,45     3  java

18:59:21      UID       PID  minflt/s  majflt/s     VSZ     RSS   %MEM  Command
18:59:26        0      1468     16,93      0,00 1421636  104524   0,64  tailscaled
18:59:26      117      2352      2,99      0,00 1830016  333816   2,06  grafana
18:59:26        0      3207     12,75      0,00 1235608   14760   0,09  containerd-shim
18:59:26        0      3227      8,96      0,00 1235352   14328   0,09  containerd-shim
18:59:26        0      3240     11,95      0,00 1235608   15044   0,09  containerd-shim
18:59:26        0      3246      9,36      0,00 1235608   15268   0,09  containerd-shim
18:59:26        0      3261     13,55      0,00 1235608   15356   0,09  containerd-shim
18:59:26     1000      9024      1,99      0,00 4672732  275316   1,70  gnome-shell
18:59:26     1000      9700     45,02      0,00 1461692876  304440   1,88  antigravity
18:59:26     1000      9756      8,96      0,00 34341180  165624   1,02  antigravity
18:59:26     1000      9767      1,59      0,00 33906012   82040   0,51  antigravity
18:59:26     1000      9830    392,23      0,00 1461371884  486860   3,00  antigravity
18:59:26     1000     10109      0,40      0,00 33951332   64948   0,40  antigravity
18:59:26     1000     10121     96,61      0,00 1461391740  125920   0,78  antigravity
18:59:26     1000     10122     93,43      0,00 1461343128  285708   1,76  antigravity
18:59:26     1000     10186      2,99      0,00 1478124976  122820   0,76  antigravity
18:59:26     1000     10187      3,78      0,00 1461358904  159024   0,98  antigravity
18:59:26     1000     11274      0,20      0,00 1459530528   92980   0,57  antigravity
18:59:26     1000     36998      0,80      0,00    5920    4844   0,03  pidstat
18:59:26     1000     36999      4,18      0,00    2676    1640   0,01  jmeter
18:59:26     1000     37029   5836,25      0,00 6095324  214932   1,32  java

18:59:21      UID       PID   kB_rd/s   kB_wr/s kB_ccwr/s iodelay  Command
18:59:26     1000      9767      0,00      1,59      0,00       0  antigravity
18:59:26     1000     37029      0,00      2,16      0,00       0  java

18:59:26      UID       PID    %usr %system  %guest   %wait    %CPU   CPU  Command
18:59:31        0        82    0,00    0,20    0,00    0,00    0,20     5  khugepaged
18:59:31      115       927    0,20    0,00    0,00    0,00    0,20     3  prometheus
18:59:31        0      1457    0,20    0,00    0,00    0,00    0,20     5  glances
18:59:31        0      1468    0,20    0,20    0,00    0,00    0,40     6  tailscaled
18:59:31        0      1489    0,20    0,20    0,00    0,00    0,40     4  containerd
18:59:31        0      2351    0,40    0,20    0,00    0,00    0,60     3  dockerd
18:59:31      117      2352    0,60    0,40    0,00    0,00    1,00     3  grafana
18:59:31        0      3170    0,00    0,40    0,00    0,00    0,40     1  mount.ntfs-3g
18:59:31        0      3240    0,20    0,00    0,00    0,00    0,20     1  containerd-shim
18:59:31      999      3405    0,20    0,20    0,00    0,00    0,40     2  redis-server
18:59:31     1000      9024    0,80    0,20    0,00    0,00    1,00     4  gnome-shell
18:59:31     1000      9756    0,20    0,00    0,00    0,00    0,20     6  antigravity
18:59:31     1000      9830    0,80    0,00    0,00    0,00    0,80     2  antigravity
18:59:31     1000     10074    1,20    1,60    0,00    0,00    2,80     5  language_server
18:59:31     1000     10121    0,40    0,00    0,00    0,00    0,40     4  antigravity
18:59:31     1000     10122    0,80    0,00    0,00    0,00    0,80     6  antigravity
18:59:31     1000     10187    0,60    0,00    0,00    0,00    0,60     7  antigravity
18:59:31     1000     11152    1,60    1,20    0,00    0,00    2,80     1  language_server
18:59:31        0     33252    0,00    0,20    0,00    0,00    0,20     0  kworker/0:2-i915-unordered
18:59:31     1000     36998    0,20    0,20    0,00    0,00    0,40     3  pidstat
18:59:31     1000     37029    5,00    0,40    0,00    0,00    5,40     3  java

18:59:26      UID       PID  minflt/s  majflt/s     VSZ     RSS   %MEM  Command
18:59:31        0      1489      0,20      0,00 2242640   65044   0,40  containerd
18:59:31        0      2351      0,40      0,00 3433248  108444   0,67  dockerd
18:59:31        0      3207     13,00      0,00 1235608   15016   0,09  containerd-shim
18:59:31        0      3227     12,00      0,00 1235352   14456   0,09  containerd-shim
18:59:31        0      3240     11,20      0,00 1235608   15172   0,09  containerd-shim
18:59:31        0      3246     12,00      0,00 1235608   15268   0,09  containerd-shim
18:59:31        0      3261     11,60      0,00 1235608   15356   0,09  containerd-shim
18:59:31       70      3383      4,40      0,00  174540   26160   0,16  postgres
18:59:31     1000      9024      6,40      0,00 4672668  275188   1,70  gnome-shell
18:59:31     1000      9700     33,80      0,00 1461692876  304464   1,88  antigravity
18:59:31     1000      9756      3,80      0,00 34329020  165336   1,02  antigravity
18:59:31     1000      9767      0,60      0,00 33906012   82040   0,51  antigravity
18:59:31     1000      9830     71,40      0,00 1461371884  487628   3,00  antigravity
18:59:31     1000     10109      0,20      0,00 33951332   64948   0,40  antigravity
18:59:31     1000     10121    147,00      0,00 1461391740  126048   0,78  antigravity
18:59:31     1000     10122     30,00      0,00 1461343128  285184   1,76  antigravity
18:59:31     1000     10186      6,00      0,00 1478124976  122820   0,76  antigravity
18:59:31     1000     10187      5,20      0,00 1461358904  159152   0,98  antigravity
18:59:31     1000     37029     47,20      0,00 6095324  216212   1,33  java
18:59:31     1000     37190     28,40      0,00    2672    1564   0,01  sh
18:59:31     1000     37191     67,20      0,00    7012    3312   0,02  cpuUsage.sh
18:59:31     1000     37198     23,60      0,00    5656    2136   0,01  sleep

18:59:26      UID       PID   kB_rd/s   kB_wr/s kB_ccwr/s iodelay  Command
18:59:31     1000     36998      0,00      0,85      0,00       0  pidstat
18:59:31     1000     37029      0,00      0,21      0,00       0  java

18:59:31      UID       PID    %usr %system  %guest   %wait    %CPU   CPU  Command
18:59:36        0         1    0,60    0,00    0,00    0,00    0,60     3  systemd
18:59:36        0        18    0,00    0,20    0,00    0,00    0,20     5  rcu_preempt
18:59:36        0       413    0,20    0,20    0,00    0,40    0,40     5  systemd-udevd
18:59:36      990       905    1,40    0,20    0,00    0,00    1,60     6  dbus-daemon
18:59:36      115       926    1,20    0,20    0,00    0,00    1,40     4  prometheus-node
18:59:36      115       927    0,20    0,00    0,00    0,20    0,20     1  prometheus
18:59:36        0       937    0,00    0,20    0,00    0,00    0,20     4  udisksd
18:59:36        0      1052    0,20    0,00    0,00    0,00    0,20     6  NetworkManager
18:59:36        0      1468    0,20    0,00    0,00    0,00    0,20     6  tailscaled
18:59:36        0      1479    0,20    0,00    0,00    0,00    0,20     4  anydesk
18:59:36        0      1489    1,00    0,20    0,00    0,00    1,20     4  containerd
18:59:36        0      2351    0,80    0,60    0,00    0,00    1,40     3  dockerd
18:59:36      117      2352    0,60    0,20    0,00    0,00    0,80     3  grafana
18:59:36        0      3207    0,20    0,00    0,00    0,00    0,20     6  containerd-shim
18:59:36        0      3227    0,20    0,00    0,00    0,00    0,20     3  containerd-shim
18:59:36        0      3246    0,20    0,00    0,00    0,00    0,20     0  containerd-shim
18:59:36        0      3261    0,20    0,20    0,00    0,00    0,40     3  containerd-shim
18:59:36      999      3405    0,40    0,00    0,00    0,00    0,40     1  redis-server
18:59:36     1000      8864    0,20    0,00    0,00    0,00    0,20     2  systemd
18:59:36     1000      9024    0,60    0,20    0,00    0,00    0,80     3  gnome-shell
18:59:36     1000      9162    0,20    0,00    0,00    0,00    0,20     1  gsd-sharing
18:59:36     1000      9166    0,20    0,00    0,00    0,00    0,20     7  gnome-software
18:59:36        0      9672    0,20    0,00    0,00    0,00    0,20     4  fwupd
18:59:36     1000      9700    0,20    0,00    0,00    0,00    0,20     0  antigravity
18:59:36     1000      9756    0,20    0,00    0,00    0,00    0,20     6  antigravity
18:59:36     1000      9830    0,80    0,20    0,00    0,00    1,00     3  antigravity
18:59:36     1000     10074    1,40    1,20    0,00    0,20    2,60     6  language_server
18:59:36     1000     10121    0,40    0,20    0,00    0,00    0,60     6  antigravity
18:59:36     1000     10122    1,00    0,00    0,00    0,00    1,00     4  antigravity
18:59:36     1000     10187    0,60    0,00    0,00    0,00    0,60     4  antigravity
18:59:36     1000     11152    0,80    1,80    0,00    0,00    2,60     1  language_server
18:59:36        0     31777    0,20    0,00    0,00    0,00    0,20     3  kworker/3:0-mm_percpu_wq
18:59:36        0     33414    0,00    0,20    0,00    0,00    0,20     0  kworker/u32:0-flush-8:0
18:59:36     1000     36998    0,20    0,20    0,00    0,00    0,40     3  pidstat
18:59:36     1000     37029    7,60    0,00    0,00    0,00    7,60     3  java

18:59:31      UID       PID  minflt/s  majflt/s     VSZ     RSS   %MEM  Command
18:59:36        0       381     46,00      0,00  136916   82648   0,51  systemd-journal
18:59:36        0       413    111,40      0,00   37696   11516   0,07  systemd-udevd
18:59:36      115       926     71,00      0,00 1687812   25348   0,16  prometheus-node
18:59:36        0      1489      3,00      0,00 2242640   65172   0,40  containerd
18:59:36        0      3207     10,00      0,00 1235608   15272   0,09  containerd-shim
18:59:36        0      3227     11,20      0,00 1235352   14712   0,09  containerd-shim
18:59:36        0      3240     12,40      0,00 1235608   15300   0,09  containerd-shim
18:59:36        0      3246      5,80      0,00 1235608   15524   0,10  containerd-shim
18:59:36        0      3261      8,40      0,00 1235608   15612   0,10  containerd-shim
18:59:36     1000      9024      2,40      0,00 4672732  275188   1,70  gnome-shell
18:59:36     1000      9700     33,60      0,00 1461692876  304464   1,88  antigravity
18:59:36     1000      9756      1,00      0,00 34329020  165336   1,02  antigravity
18:59:36     1000      9767      0,60      0,00 33906012   82040   0,51  antigravity
18:59:36     1000      9830     62,40      0,00 1461371884  488396   3,01  antigravity
18:59:36     1000     10109      0,20      0,00 33951332   64948   0,40  antigravity
18:59:36     1000     10121     26,80      0,00 1461391740  125788   0,77  antigravity
18:59:36     1000     10122     24,60      0,00 1461343128  285156   1,76  antigravity
18:59:36     1000     10186      3,40      0,00 1478124976  122820   0,76  antigravity
18:59:36     1000     10187      5,00      0,00 1461358904  159280   0,98  antigravity
18:59:36     1000     36998      1,40      0,00    5920    4844   0,03  pidstat
18:59:36     1000     37029    637,60      0,00 6095324  228756   1,41  java
18:59:36        0     37252     62,80      0,00   37700    7324   0,05  (udev-worker)
18:59:36        0     37266     27,20      0,00   37700    7004   0,04  (udev-worker)
18:59:36        0     37267     27,20      0,00   37700    7004   0,04  (udev-worker)
18:59:36        0     37268     26,80      0,00   37700    7004   0,04  (udev-worker)
18:59:36        0     37269     27,00      0,00   37700    7004   0,04  (udev-worker)
18:59:36        0     37270     27,40      0,00   37700    7004   0,04  (udev-worker)
18:59:36        0     37271     27,20      0,00   37700    7004   0,04  (udev-worker)
18:59:36        0     37272     26,40      0,00   37700    7004   0,04  (udev-worker)
18:59:36        0     37274     59,40      0,00   37700    7188   0,04  (udev-worker)
18:59:36        0     37275     27,40      0,00   37700    7004   0,04  (udev-worker)
18:59:36        0     37276     27,20      0,00   37700    7004   0,04  (udev-worker)
18:59:36        0     37277     27,00      0,00   37700    7004   0,04  (udev-worker)
18:59:36        0     37279     27,20      0,00   37700    7004   0,04  (udev-worker)
18:59:36        0     37280     26,40      0,00   37700    7004   0,04  (udev-worker)
18:59:36        0     37281     26,80      0,00   37700    7004   0,04  (udev-worker)
18:59:36        0     37282     36,20      0,00   37700    7004   0,04  (udev-worker)

18:59:31      UID       PID   kB_rd/s   kB_wr/s kB_ccwr/s iodelay  Command
18:59:36     1000     36998      0,00      0,80      0,00       0  pidstat
18:59:36     1000     37029      0,00      0,21      0,00       0  java

18:59:36      UID       PID    %usr %system  %guest   %wait    %CPU   CPU  Command
18:59:41        0      1457    0,20    0,00    0,00    0,00    0,20     5  glances
18:59:41        0      1468    0,20    0,20    0,00    0,00    0,40     6  tailscaled
18:59:41        0      1489    0,20    0,20    0,00    0,00    0,40     4  containerd
18:59:41        0      2351    0,40    0,20    0,00    0,00    0,60     3  dockerd
18:59:41      117      2352    0,60    0,40    0,00    0,00    1,00     3  grafana
18:59:41        0      3170    0,20    0,60    0,00    0,00    0,80     5  mount.ntfs-3g
18:59:41        0      3240    0,00    0,20    0,00    0,00    0,20     1  containerd-shim
18:59:41        0      3246    0,20    0,00    0,00    0,00    0,20     0  containerd-shim
18:59:41      999      3405    0,40    0,00    0,00    0,00    0,40     1  redis-server
18:59:41     1000      9024    0,60    0,40    0,00    0,00    1,00     3  gnome-shell
18:59:41     1000      9493    0,20    0,00    0,00    0,00    0,20     5  xdg-desktop-por
18:59:41     1000      9700    0,20    0,20    0,00    0,00    0,40     0  antigravity
18:59:41     1000      9830    0,80    0,00    0,00    0,00    0,80     1  antigravity
18:59:41     1000     10074    2,00    0,80    0,00    0,00    2,80     0  language_server
18:59:41     1000     10121    0,20    0,00    0,00    0,00    0,20     1  antigravity
18:59:41     1000     10122    0,40    0,60    0,00    0,00    1,00     3  antigravity
18:59:41     1000     10187    0,60    0,20    0,00    0,00    0,80     2  antigravity
18:59:41     1000     11152    1,20    1,80    0,00    0,00    3,00     6  language_server
18:59:41        0     16329    0,00    0,20    0,00    0,00    0,20     1  kworker/u32:2-kvfree_rcu_reclaim
18:59:41     1000     36998    0,20    0,20    0,00    0,00    0,40     4  pidstat
18:59:41     1000     37029    4,80    0,60    0,00    0,00    5,40     3  java

18:59:36      UID       PID  minflt/s  majflt/s     VSZ     RSS   %MEM  Command
18:59:41        0       413      1,00      0,00   37696   11516   0,07  systemd-udevd
18:59:41        0      3207      0,60      0,00 1235608   15272   0,09  containerd-shim
18:59:41        0      3240      7,80      0,00 1235608   15556   0,10  containerd-shim
18:59:41        0      3246      9,80      0,00 1235608   15780   0,10  containerd-shim
18:59:41        0      3261     11,60      0,00 1235608   15740   0,10  containerd-shim
18:59:41     1000      9024      6,40      0,00 4672668  275316   1,70  gnome-shell
18:59:41     1000      9700     33,80      0,00 1461692876  304464   1,88  antigravity
18:59:41     1000      9756      1,00      0,00 34329020  165336   1,02  antigravity
18:59:41     1000      9767      0,60      0,00 33906012   82040   0,51  antigravity
18:59:41     1000      9830     61,00      0,00 1461371884  488908   3,01  antigravity
18:59:41     1000     10109      0,20      0,00 33951332   64948   0,40  antigravity
18:59:41     1000     10121      4,60      0,00 1461391740  125788   0,77  antigravity
18:59:41     1000     10122     28,20      0,00 1461343128  285284   1,76  antigravity
18:59:41     1000     10186      3,00      0,00 1478124976  122820   0,76  antigravity
18:59:41     1000     10187      2,60      0,00 1461358904  159148   0,98  antigravity
18:59:41     1000     36998      7,40      0,00    6052    4972   0,03  pidstat
18:59:41     1000     37029     40,40      0,00 6095324  220588   1,36  java

18:59:36      UID       PID   kB_rd/s   kB_wr/s kB_ccwr/s iodelay  Command
18:59:41     1000     36998      0,00      1,29      0,00       0  pidstat
18:59:41     1000     37029      0,00      1,77      0,00       0  java

18:59:41      UID       PID    %usr %system  %guest   %wait    %CPU   CPU  Command
18:59:46      115       927    0,20    0,00    0,00    0,00    0,20     3  prometheus
18:59:46        0      1457    0,20    0,00    0,00    0,00    0,20     5  glances
18:59:46        0      1489    0,60    0,00    0,00    0,00    0,60     4  containerd
18:59:46        0      2351    0,20    0,20    0,00    0,00    0,40     3  dockerd
18:59:46      117      2352    0,40    0,40    0,00    0,00    0,80     3  grafana
18:59:46        0      3207    0,00    0,20    0,00    0,00    0,20     6  containerd-shim
18:59:46        0      3227    0,00    0,20    0,00    0,00    0,20     3  containerd-shim
18:59:46        0      3240    0,20    0,00    0,00    0,00    0,20     1  containerd-shim
18:59:46      999      3405    0,20    0,20    0,00    0,00    0,40     1  redis-server
18:59:46       70      3870    0,20    0,00    0,00    0,00    0,20     7  postgres
18:59:46     1000      9024    0,20    0,20    0,00    0,00    0,40     3  gnome-shell
18:59:46     1000      9756    0,20    0,20    0,00    0,00    0,40     6  antigravity
18:59:46     1000      9830    0,80    0,00    0,00    0,00    0,80     2  antigravity
18:59:46     1000     10074    1,40    1,60    0,00    0,00    3,00     0  language_server
18:59:46     1000     10121    0,00    0,20    0,00    0,00    0,20     1  antigravity
18:59:46     1000     10122    0,60    0,00    0,00    0,00    0,60     0  antigravity
18:59:46     1000     10187    0,60    0,20    0,00    0,00    0,80     4  antigravity
18:59:46     1000     11152    1,40    1,60    0,00    0,00    3,00     1  language_server
18:59:46     1000     36998    0,20    0,40    0,00    0,00    0,60     4  pidstat
18:59:46     1000     37029    3,60    0,20    0,00    0,00    3,80     3  java

18:59:41      UID       PID  minflt/s  majflt/s     VSZ     RSS   %MEM  Command
18:59:46        0      1489      9,20      0,00 2242640   64984   0,40  containerd
18:59:46        0      3207      2,80      0,00 1235608   15272   0,09  containerd-shim
18:59:46        0      3227      1,80      0,00 1235352   14840   0,09  containerd-shim
18:59:46        0      3240      2,00      0,00 1235608   15684   0,10  containerd-shim
18:59:46        0      3246      2,40      0,00 1235608   15776   0,10  containerd-shim
18:59:46        0      3261      2,20      0,00 1235608   15612   0,10  containerd-shim
18:59:46     1000      9024      0,60      0,00 4672732  275316   1,70  gnome-shell
18:59:46     1000      9700     42,60      0,00 1461692876  304340   1,87  antigravity
18:59:46     1000      9756      2,00      0,00 34329020  165336   1,02  antigravity
18:59:46     1000      9767      1,20      0,00 33906012   82040   0,51  antigravity
18:59:46     1000      9830     59,00      0,00 1461371884  489652   3,02  antigravity
18:59:46     1000     10109      0,40      0,00 33951332   64948   0,40  antigravity
18:59:46     1000     10121      2,40      0,00 1461391740  125788   0,77  antigravity
18:59:46     1000     10122     12,80      0,00 1461343128  285124   1,76  antigravity
18:59:46     1000     10186      3,00      0,00 1478124976  122820   0,76  antigravity
18:59:46     1000     10187      2,80      0,00 1461358904  159148   0,98  antigravity
18:59:46     1000     37029     28,80      0,00 6095324  221228   1,36  java

18:59:41      UID       PID   kB_rd/s   kB_wr/s kB_ccwr/s iodelay  Command
18:59:46     1000     36998      0,00      0,72      0,00       0  pidstat
18:59:46     1000     37029      0,00      1,77      0,00       0  java

18:59:46      UID       PID    %usr %system  %guest   %wait    %CPU   CPU  Command
18:59:51        0        86    0,00    0,20    0,00    0,00    0,20     0  irq/9-acpi
18:59:51      990       905    0,40    0,20    0,00    0,00    0,60     1  dbus-daemon
18:59:51      115       926    1,00    0,60    0,00    0,00    1,60     4  prometheus-node
18:59:51      115       927    0,20    0,00    0,00    0,00    0,20     5  prometheus
18:59:51        0      1457    0,00    0,20    0,00    0,00    0,20     5  glances
18:59:51        0      1489    0,20    0,20    0,00    0,00    0,40     4  containerd
18:59:51        0      2351    0,20    0,40    0,00    0,00    0,60     3  dockerd
18:59:51      117      2352    1,00    0,20    0,00    0,00    1,20     3  grafana
18:59:51        0      3170    0,40    0,20    0,00    0,00    0,60     4  mount.ntfs-3g
18:59:51        0      3207    0,20    0,00    0,00    0,00    0,20     6  containerd-shim
18:59:51        0      3227    0,20    0,00    0,00    0,00    0,20     3  containerd-shim
18:59:51        0      3246    0,20    0,00    0,00    0,00    0,20     0  containerd-shim
18:59:51        0      3261    0,20    0,20    0,00    0,00    0,40     3  containerd-shim
18:59:51      999      3405    0,40    0,00    0,00    0,00    0,40     1  redis-server
18:59:51     1000      9024    0,60    0,20    0,00    0,00    0,80     4  gnome-shell
18:59:51     1000      9700    0,20    0,00    0,00    0,00    0,20     7  antigravity
18:59:51     1000      9830    0,60    0,20    0,00    0,00    0,80     3  antigravity
18:59:51     1000     10074    1,80    1,00    0,00    0,00    2,80     0  language_server
18:59:51     1000     10121    0,20    0,20    0,00    0,00    0,40     7  antigravity
18:59:51     1000     10122    0,60    0,40    0,00    0,00    1,00     0  antigravity
18:59:51     1000     10187    0,60    0,00    0,00    0,00    0,60     6  antigravity
18:59:51     1000     11152    2,00    1,00    0,00    0,00    3,00     3  language_server
18:59:51        0     36437    0,20    0,00    0,00    0,00    0,20     6  kworker/6:0-mm_percpu_wq
18:59:51     1000     36998    0,00    0,20    0,00    0,00    0,20     5  pidstat
18:59:51     1000     37029    2,40    0,80    0,00    0,00    3,20     3  java

18:59:46      UID       PID  minflt/s  majflt/s     VSZ     RSS   %MEM  Command
18:59:51      115       926     95,60      0,00 1687812   25360   0,16  prometheus-node
18:59:51        0      3207     10,60      0,00 1235608   14832   0,09  containerd-shim
18:59:51        0      3227      7,80      0,00 1235352   14292   0,09  containerd-shim
18:59:51        0      3240      8,00      0,00 1235608   15140   0,09  containerd-shim
18:59:51        0      3246      2,60      0,00 1235608   15088   0,09  containerd-shim
18:59:51        0      3261      1,60      0,00 1235608   15088   0,09  containerd-shim
18:59:51     1000      9024      6,60      0,00 4672732  275316   1,70  gnome-shell
18:59:51     1000      9700     33,80      0,00 1461692876  304536   1,88  antigravity
18:59:51     1000      9756      1,00      0,00 34329020  165336   1,02  antigravity
18:59:51     1000      9767      0,60      0,00 33906012   82040   0,51  antigravity
18:59:51     1000      9830     76,20      0,00 1461371884  490804   3,02  antigravity
18:59:51     1000     10109      0,20      0,00 33951332   64948   0,40  antigravity
18:59:51     1000     10121      2,40      0,00 1461391740  125788   0,77  antigravity
18:59:51     1000     10122     23,60      0,00 1461343128  285120   1,76  antigravity
18:59:51     1000     10186      6,00      0,00 1478124976  122820   0,76  antigravity
18:59:51     1000     10187      5,40      0,00 1461358904  159148   0,98  antigravity
18:59:51     1000     37029     23,80      0,00 6095324  227888   1,40  java

18:59:46      UID       PID   kB_rd/s   kB_wr/s kB_ccwr/s iodelay  Command
18:59:51     1000     36998      0,00      0,70      0,00       0  pidstat
18:59:51     1000     37029      0,00      0,17      0,00       0  java

18:59:51      UID       PID    %usr %system  %guest   %wait    %CPU   CPU  Command
18:59:56        0       112    0,00    0,20    0,00    0,00    0,20     0  kworker/0:1H-events_highpri
18:59:56      115       927    0,20    0,00    0,00    0,00    0,20     5  prometheus
18:59:56        0      1489    0,20    0,20    0,00    0,00    0,40     4  containerd
18:59:56        0      2351    0,40    0,00    0,00    0,00    0,40     3  dockerd
18:59:56      117      2352    0,60    0,40    0,00    0,00    1,00     3  grafana
18:59:56        0      3170    0,20    0,20    0,00    0,00    0,40     6  mount.ntfs-3g
18:59:56        0      3240    0,20    0,00    0,00    0,00    0,20     1  containerd-shim
18:59:56        0      3246    0,20    0,00    0,00    0,00    0,20     0  containerd-shim
18:59:56      999      3405    0,40    0,00    0,00    0,00    0,40     4  redis-server
18:59:56     1000      9024    0,40    0,00    0,00    0,00    0,40     4  gnome-shell
18:59:56     1000      9700    0,20    0,00    0,00    0,00    0,20     7  antigravity
18:59:56     1000      9756    0,20    0,00    0,00    0,00    0,20     6  antigravity
18:59:56     1000      9830    0,60    0,20    0,00    0,00    0,80     3  antigravity
18:59:56     1000     10074    1,40    1,40    0,00    0,00    2,80     2  language_server
18:59:56     1000     10121    0,20    0,20    0,00    0,00    0,40     1  antigravity
18:59:56     1000     10122    0,60    0,20    0,00    0,00    0,80     0  antigravity
18:59:56     1000     10187    0,40    0,20    0,00    0,00    0,60     7  antigravity
18:59:56     1000     11152    1,40    1,40    0,00    0,20    2,80     1  language_server
18:59:56     1000     36998    0,20    0,20    0,00    0,00    0,40     6  pidstat
18:59:56     1000     37029    5,00    0,20    0,00    0,00    5,20     3  java

18:59:51      UID       PID  minflt/s  majflt/s     VSZ     RSS   %MEM  Command
18:59:56        0      3207     12,80      0,00 1235608   14960   0,09  containerd-shim
18:59:56        0      3227      9,00      0,00 1235352   14292   0,09  containerd-shim
18:59:56        0      3240     11,00      0,00 1235608   15140   0,09  containerd-shim
18:59:56        0      3246      9,40      0,00 1235608   15088   0,09  containerd-shim
18:59:56        0      3261     11,80      0,00 1235608   15344   0,09  containerd-shim
18:59:56     1000      9024      0,60      0,00 4672732  275316   1,70  gnome-shell
18:59:56     1000      9700     34,60      0,00 1461692876  304560   1,88  antigravity
18:59:56     1000      9756      1,00      0,00 34329020  165336   1,02  antigravity
18:59:56     1000      9767      0,60      0,00 33906012   82040   0,51  antigravity
18:59:56     1000      9830     73,40      0,00 1461371884  491188   3,03  antigravity
18:59:56     1000     10109      0,20      0,00 33951332   64948   0,40  antigravity
18:59:56     1000     10121      2,40      0,00 1461391740  125788   0,77  antigravity
18:59:56     1000     10122     25,80      0,00 1461343128  285248   1,76  antigravity
18:59:56     1000     10186      3,00      0,00 1478124976  122820   0,76  antigravity
18:59:56     1000     10187      2,40      0,00 1461358904  159148   0,98  antigravity
18:59:56     1000     37029    149,40      0,00 6095324  230832   1,42  java

18:59:51      UID       PID   kB_rd/s   kB_wr/s kB_ccwr/s iodelay  Command
18:59:56     1000     36998      0,00      0,79      0,00       0  pidstat
18:59:56     1000     37029      0,00      1,77      0,00       0  java

18:59:56      UID       PID    %usr %system  %guest   %wait    %CPU   CPU  Command
19:00:01        0         1    0,20    0,00    0,00    0,00    0,20     4  systemd
19:00:01        0        80    0,20    0,00    0,00    0,00    0,20     6  kcompactd0
19:00:01      115       927    0,20    0,00    0,00    0,00    0,20     5  prometheus
19:00:01        0      1457    0,20    0,00    0,00    0,00    0,20     5  glances
19:00:01        0      1468    0,20    0,00    0,00    0,00    0,20     6  tailscaled
19:00:01        0      1489    0,20    0,20    0,00    0,00    0,40     4  containerd
19:00:01        0      2351    0,20    0,40    0,00    0,00    0,60     3  dockerd
19:00:01      117      2352    0,60    0,40    0,00    0,00    1,00     3  grafana
19:00:01        0      3170    0,00    0,20    0,00    0,00    0,20     3  mount.ntfs-3g
19:00:01        0      3227    0,20    0,00    0,00    0,00    0,20     3  containerd-shim
19:00:01        0      3240    0,00    0,20    0,00    0,00    0,20     1  containerd-shim
19:00:01      999      3405    0,40    0,20    0,00    0,00    0,60     3  redis-server
19:00:01     1000      9024    1,00    0,20    0,00    0,00    1,20     4  gnome-shell
19:00:01     1000      9700    0,20    0,00    0,00    0,00    0,20     1  antigravity
19:00:01     1000      9830    0,80    0,00    0,00    0,00    0,80     4  antigravity
19:00:01     1000     10074    1,40    1,20    0,00    0,00    2,60     7  language_server
19:00:01     1000     10121    0,20    0,00    0,00    0,00    0,20     1  antigravity
19:00:01     1000     10122    0,40    0,20    0,00    0,00    0,60     3  antigravity
19:00:01     1000     10187    0,60    0,00    0,00    0,00    0,60     0  antigravity
19:00:01     1000     11152    1,60    1,60    0,00    0,00    3,20     3  language_server
19:00:01     1000     36998    0,00    0,40    0,00    0,00    0,40     5  pidstat
19:00:01     1000     37029    2,00    0,40    0,00    0,00    2,40     3  java

18:59:56      UID       PID  minflt/s  majflt/s     VSZ     RSS   %MEM  Command
19:00:01        0      3207     12,00      0,00 1235608   15216   0,09  containerd-shim
19:00:01        0      3227     12,00      0,00 1235352   14292   0,09  containerd-shim
19:00:01        0      3240     12,20      0,00 1235608   15268   0,09  containerd-shim
19:00:01        0      3246     12,00      0,00 1235608   15216   0,09  containerd-shim
19:00:01        0      3261     11,80      0,00 1235608   15472   0,10  containerd-shim
19:00:01     1000      9024      6,40      0,00 4672668  275316   1,70  gnome-shell
19:00:01     1000      9700     33,40      0,00 1461692876  304432   1,88  antigravity
19:00:01     1000      9756      1,00      0,00 34329020  165336   1,02  antigravity
19:00:01     1000      9767      0,60      0,00 33906012   82040   0,51  antigravity
19:00:01     1000      9830     62,20      0,00 1461371884  491828   3,03  antigravity
19:00:01     1000     10109      0,20      0,00 33951332   64948   0,40  antigravity
19:00:01     1000     10121      3,80      0,00 1461391740  125780   0,77  antigravity
19:00:01     1000     10122     15,40      0,00 1461343128  285116   1,76  antigravity
19:00:01     1000     10186      3,00      0,00 1478124976  122820   0,76  antigravity
19:00:01     1000     10187      3,40      0,00 1461358904  159148   0,98  antigravity
19:00:01     1000     37029     18,40      0,00 6095324  231088   1,42  java

18:59:56      UID       PID   kB_rd/s   kB_wr/s kB_ccwr/s iodelay  Command
19:00:01     1000     36998      0,00      0,69      0,00       0  pidstat
19:00:01     1000     37029      0,00      0,17      0,00       0  java

19:00:01      UID       PID    %usr %system  %guest   %wait    %CPU   CPU  Command
19:00:06        0        86    0,00    0,20    0,00    0,00    0,20     0  irq/9-acpi
19:00:06      990       905    0,60    0,00    0,00    0,00    0,60     1  dbus-daemon
19:00:06      986       922    0,20    0,00    0,00    0,00    0,20     2  polkitd
19:00:06      115       926    1,00    0,60    0,00    0,00    1,60     4  prometheus-node
19:00:06      115       927    0,20    0,00    0,00    0,00    0,20     5  prometheus
19:00:06        0      1457    0,20    0,00    0,00    0,00    0,20     5  glances
19:00:06        0      1489    0,40    0,00    0,00    0,00    0,40     4  containerd
19:00:06        0      2351    0,60    0,00    0,00    0,00    0,60     3  dockerd
19:00:06      117      2352    0,40    0,40    0,00    0,00    0,80     3  grafana
19:00:06        0      3170    0,20    0,00    0,00    0,00    0,20     2  mount.ntfs-3g
19:00:06        0      3207    0,00    0,20    0,00    0,00    0,20     6  containerd-shim
19:00:06        0      3246    0,20    0,00    0,00    0,00    0,20     0  containerd-shim
19:00:06        0      3261    0,00    0,20    0,00    0,00    0,20     3  containerd-shim
19:00:06      999      3405    0,20    0,00    0,00    0,00    0,20     4  redis-server
19:00:06     1000      9024    0,20    0,20    0,00    0,00    0,40     4  gnome-shell
19:00:06     1000      9700    0,20    0,20    0,00    0,00    0,40     0  antigravity
19:00:06     1000      9756    0,20    0,20    0,00    0,00    0,40     4  antigravity
19:00:06     1000      9830    0,80    0,00    0,00    0,00    0,80     3  antigravity
19:00:06     1000     10074    1,20    1,40    0,00    0,00    2,60     0  language_server
19:00:06     1000     10121    0,20    0,20    0,00    0,00    0,40     7  antigravity
19:00:06     1000     10122    0,80    0,20    0,00    0,00    1,00     2  antigravity
19:00:06     1000     10187    0,40    0,20    0,00    0,00    0,60     3  antigravity
19:00:06     1000     11152    2,00    0,80    0,00    0,00    2,80     3  language_server
19:00:06        0     33252    0,00    0,20    0,00    0,00    0,20     0  kworker/0:2-events
19:00:06     1000     36998    0,00    0,20    0,00    0,00    0,20     5  pidstat
19:00:06     1000     37029    3,00    0,20    0,00    0,00    3,20     3  java

19:00:01      UID       PID  minflt/s  majflt/s     VSZ     RSS   %MEM  Command
19:00:06      115       926     67,20      0,00 1687812   25612   0,16  prometheus-node
19:00:06        0      3207      7,60      0,00 1235608   15216   0,09  containerd-shim
19:00:06        0      3227     13,00      0,00 1235352   14676   0,09  containerd-shim
19:00:06        0      3240      8,00      0,00 1235608   15396   0,09  containerd-shim
19:00:06        0      3246     11,00      0,00 1235608   15600   0,10  containerd-shim
19:00:06        0      3261     10,60      0,00 1235608   15728   0,10  containerd-shim
19:00:06     1000      9024      0,80      0,00 4672732  275316   1,70  gnome-shell
19:00:06     1000      9700     43,00      0,00 1461692876  304612   1,88  antigravity
19:00:06     1000      9756      5,20      0,00 34324604  165208   1,02  antigravity
19:00:06     1000      9767      1,20      0,00 33906012   82040   0,51  antigravity
19:00:06     1000      9830     70,80      0,00 1461371884  492596   3,03  antigravity
19:00:06     1000     10109      0,40      0,00 33951332   64948   0,40  antigravity
19:00:06     1000     10121     95,00      0,00 1461391740  125780   0,77  antigravity
19:00:06     1000     10122     25,20      0,00 1461343128  285116   1,76  antigravity
19:00:06     1000     10186      3,00      0,00 1478124976  122820   0,76  antigravity
19:00:06     1000     10187      3,00      0,00 1461358904  159276   0,98  antigravity
19:00:06     1000     37029     19,20      0,00 6095324  231472   1,43  java

19:00:01      UID       PID   kB_rd/s   kB_wr/s kB_ccwr/s iodelay  Command
19:00:06     1000     36998      0,00      0,72      0,00       0  pidstat
19:00:06     1000     37029      0,00      3,44      0,00       0  java

19:00:06      UID       PID    %usr %system  %guest   %wait    %CPU   CPU  Command
19:00:11      115       927    0,20    0,00    0,00    0,00    0,20     5  prometheus
19:00:11        0      1457    0,20    0,00    0,00    0,00    0,20     5  glances
19:00:11        0      1468    0,20    0,20    0,00    0,00    0,40     6  tailscaled
19:00:11        0      1489    0,20    0,20    0,00    0,00    0,40     4  containerd
19:00:11        0      2351    0,20    0,40    0,00    0,00    0,60     3  dockerd
19:00:11      117      2352    0,60    0,40    0,00    0,00    1,00     3  grafana
19:00:11        0      3170    0,00    0,20    0,00    0,00    0,20     1  mount.ntfs-3g
19:00:11        0      3207    0,20    0,00    0,00    0,00    0,20     6  containerd-shim
19:00:11        0      3227    0,20    0,20    0,00    0,00    0,40     3  containerd-shim
19:00:11        0      3240    0,00    0,20    0,00    0,00    0,20     1  containerd-shim
19:00:11      999      3405    0,60    0,00    0,00    0,00    0,60     3  redis-server
19:00:11     1000      9024    0,80    0,20    0,00    0,00    1,00     4  gnome-shell
19:00:11     1000      9700    0,00    0,20    0,00    0,00    0,20     5  antigravity
19:00:11     1000      9756    0,20    0,00    0,00    0,00    0,20     4  antigravity
19:00:11     1000      9830    0,80    0,20    0,00    0,00    1,00     0  antigravity
19:00:11     1000     10074    1,60    1,20    0,00    0,00    2,80     4  language_server
19:00:11     1000     10121    0,20    0,20    0,00    0,00    0,40     1  antigravity
19:00:11     1000     10122    0,60    0,40    0,00    0,00    1,00     4  antigravity
19:00:11     1000     10187    0,40    0,20    0,00    0,00    0,60     4  antigravity
19:00:11     1000     11152    1,60    1,40    0,00    0,00    3,00     1  language_server
19:00:11     1000     36998    0,20    0,40    0,00    0,00    0,60     5  pidstat
19:00:11     1000     37029    2,60    0,20    0,00    0,00    2,80     3  java

19:00:06      UID       PID  minflt/s  majflt/s     VSZ     RSS   %MEM  Command
19:00:11        0      3227      9,60      0,00 1235352   14932   0,09  containerd-shim
19:00:11        0      3240      0,20      0,00 1235608   15396   0,09  containerd-shim
19:00:11        0      3246      2,20      0,00 1235608   15600   0,10  containerd-shim
19:00:11        0      3261      8,40      0,00 1235608   15856   0,10  containerd-shim
19:00:11     1000      9024      6,40      0,00 4672668  275316   1,70  gnome-shell
19:00:11     1000      9700     33,80      0,00 1461692876  304488   1,88  antigravity
19:00:11     1000      9756      1,00      0,00 34324604  165208   1,02  antigravity
19:00:11     1000      9767      0,60      0,00 33906012   82040   0,51  antigravity
19:00:11     1000      9830     54,80      0,00 1461371884  493364   3,04  antigravity
19:00:11     1000     10109      0,20      0,00 33951332   64948   0,40  antigravity
19:00:11     1000     10121    119,40      0,00 1461391740  125776   0,77  antigravity
19:00:11     1000     10122     22,00      0,00 1461343128  284988   1,76  antigravity
19:00:11     1000     10186      6,00      0,00 1478124976  122820   0,76  antigravity
19:00:11     1000     10187      5,40      0,00 1461358904  159276   0,98  antigravity
19:00:11     1000     37029     21,00      0,00 6095324  231984   1,43  java

19:00:06      UID       PID   kB_rd/s   kB_wr/s kB_ccwr/s iodelay  Command
19:00:11     1000     36998      0,00      0,80      0,00       0  pidstat
19:00:11     1000     37029      0,00      0,17      0,00       0  java

19:00:11      UID       PID    %usr %system  %guest   %wait    %CPU   CPU  Command
19:00:16        0        18    0,00    0,20    0,00    0,00    0,20     6  rcu_preempt
19:00:16        0      1489    0,40    0,00    0,00    0,00    0,40     4  containerd
19:00:16        0      2351    0,20    0,20    0,00    0,00    0,40     3  dockerd
19:00:16      117      2352    0,20    0,60    0,00    0,00    0,80     3  grafana
19:00:16        0      3170    0,40    0,40    0,00    0,00    0,80     3  mount.ntfs-3g
19:00:16        0      3246    0,20    0,00    0,00    0,00    0,20     0  containerd-shim
19:00:16        0      3261    0,00    0,20    0,00    0,00    0,20     3  containerd-shim
19:00:16      999      3405    0,20    0,20    0,00    0,00    0,40     3  redis-server
19:00:16     1000      9024    0,20    0,40    0,00    0,00    0,60     2  gnome-shell
19:00:16     1000      9700    0,20    0,00    0,00    0,00    0,20     3  antigravity
19:00:16     1000      9756    0,20    0,00    0,00    0,00    0,20     3  antigravity
19:00:16     1000      9830   11,80    0,20    0,00    0,00   12,00     6  antigravity
19:00:16     1000     10074    2,00    1,20    0,00    0,00    3,20     7  language_server
19:00:16     1000     10121    0,40    0,00    0,00    0,00    0,40     2  antigravity
19:00:16     1000     10122    1,00    0,40    0,00    0,00    1,40     7  antigravity
19:00:16     1000     10187    0,60    0,00    0,00    0,00    0,60     4  antigravity
19:00:16     1000     11152    1,20    1,60    0,00    0,20    2,80     0  language_server
19:00:16        0     32262    0,00    0,20    0,00    0,00    0,20     7  kworker/7:3-mm_percpu_wq
19:00:16     1000     36998    0,20    0,20    0,00    0,00    0,40     5  pidstat
19:00:16     1000     37029    2,80    0,20    0,00    0,00    3,00     3  java

19:00:11      UID       PID  minflt/s  majflt/s     VSZ     RSS   %MEM  Command
19:00:16        0      1489      3,60      0,00 2242640   65112   0,40  containerd
19:00:16        0      3207      1,20      0,00 1235608   15216   0,09  containerd-shim
19:00:16        0      3227     12,00      0,00 1235352   15188   0,09  containerd-shim
19:00:16        0      3240      3,00      0,00 1235608   15396   0,09  containerd-shim
19:00:16        0      3246      4,60      0,00 1235608   15600   0,10  containerd-shim
19:00:16        0      3261      6,20      0,00 1235608   15856   0,10  containerd-shim
19:00:16     1000      9024      0,80      0,00 4672732  275316   1,70  gnome-shell
19:00:16     1000      9700     53,80      0,00 1461692876  304888   1,88  antigravity
19:00:16     1000      9756     17,20      0,00 34337020  165336   1,02  antigravity
19:00:16     1000      9767      0,60      0,00 33906012   82040   0,51  antigravity
19:00:16     1000      9830    461,80      0,00 1461371884  488796   3,01  antigravity
19:00:16     1000     10109      0,20      0,00 33951332   64948   0,40  antigravity
19:00:16     1000     10121     10,60      0,00 1461391740  125776   0,77  antigravity
19:00:16     1000     10122    317,00      0,00 1461343128  285280   1,76  antigravity
19:00:16     1000     10186      3,00      0,00 1478124976  122820   0,76  antigravity
19:00:16     1000     10187     35,80      0,00 1461358904  159396   0,98  antigravity
19:00:16     1000     37029     19,80      0,00 6095324  232240   1,43  java

19:00:11      UID       PID   kB_rd/s   kB_wr/s kB_ccwr/s iodelay  Command
19:00:16     1000     10122      0,00      0,80      0,00       0  antigravity
19:00:16     1000     36998      0,00      0,70      0,00       0  pidstat
19:00:16     1000     37029      0,00      1,54      0,00       0  java

19:00:16      UID       PID    %usr %system  %guest   %wait    %CPU   CPU  Command
19:00:21        0         1    0,20    0,00    0,00    0,00    0,20     2  systemd
19:00:21      990       905    0,40    0,00    0,00    0,00    0,40     1  dbus-daemon
19:00:21      115       926    1,20    0,20    0,00    0,00    1,40     4  prometheus-node
19:00:21      115       927    0,20    0,00    0,00    0,00    0,20     3  prometheus
19:00:21        0      1457    0,20    0,00    0,00    0,00    0,20     5  glances
19:00:21        0      1489    0,40    0,20    0,00    0,00    0,60     4  containerd
19:00:21      114      1588    0,00    0,20    0,00    0,00    0,20     3  postgres
19:00:21        0      2351    0,20    0,20    0,00    0,00    0,40     3  dockerd
19:00:21      117      2352    1,00    0,00    0,00    0,00    1,00     3  grafana
19:00:21        0      3170    0,60    0,20    0,00    0,00    0,80     6  mount.ntfs-3g
19:00:21        0      3207    0,20    0,00    0,00    0,00    0,20     6  containerd-shim
19:00:21        0      3227    0,20    0,00    0,00    0,00    0,20     3  containerd-shim
19:00:21        0      3261    0,20    0,00    0,00    0,00    0,20     3  containerd-shim
19:00:21      999      3405    0,40    0,00    0,00    0,00    0,40     3  redis-server
19:00:21     1000      9024    0,80    0,20    0,00    0,00    1,00     2  gnome-shell
19:00:21     1000      9700    0,20    0,20    0,00    0,00    0,40     4  antigravity
19:00:21     1000      9756    0,20    0,20    0,00    0,00    0,40     3  antigravity
19:00:21     1000      9830    1,40    0,20    0,00    0,00    1,60     0  antigravity
19:00:21     1000     10074    1,40    1,40    0,00    0,00    2,80     6  language_server
19:00:21     1000     10121    0,20    0,20    0,00    0,00    0,40     1  antigravity
19:00:21     1000     10122    1,00    0,40    0,00    0,00    1,40     7  antigravity
19:00:21     1000     10187    0,60    0,00    0,00    0,00    0,60     1  antigravity
19:00:21     1000     11152    1,20    1,60    0,00    0,00    2,80     3  language_server
19:00:21     1000     36998    0,00    0,40    0,00    0,00    0,40     5  pidstat
19:00:21     1000     37029    2,40    0,00    0,00    0,00    2,40     3  java

19:00:16      UID       PID  minflt/s  majflt/s     VSZ     RSS   %MEM  Command
19:00:21      115       926     56,80      0,00 1687812   25448   0,16  prometheus-node
19:00:21      114      1588      3,80      0,00  218252   30140   0,19  postgres
19:00:21        0      3207      0,40      0,00 1235608   14724   0,09  containerd-shim
19:00:21        0      3227     12,00      0,00 1235352   14228   0,09  containerd-shim
19:00:21        0      3240      6,60      0,00 1235608   14824   0,09  containerd-shim
19:00:21        0      3246      8,00      0,00 1235608   15060   0,09  containerd-shim
19:00:21        0      3261      1,60      0,00 1235608   15144   0,09  containerd-shim
19:00:21     1000      9024      6,20      0,00 4672668  275316   1,70  gnome-shell
19:00:21     1000      9700     55,40      0,00 1461692876  304908   1,88  antigravity
19:00:21     1000      9756      6,60      0,00 34337148  165192   1,02  antigravity
19:00:21     1000      9767      0,60      0,00 33906012   82040   0,51  antigravity
19:00:21     1000      9830    244,80      0,00 1461371884  488300   3,01  antigravity
19:00:21     1000     10109      0,20      0,00 33951332   64948   0,40  antigravity
19:00:21     1000     10121      2,80      0,00 1461391740  125776   0,77  antigravity
19:00:21     1000     10122    321,80      0,00 1461343128  285428   1,76  antigravity
19:00:21     1000     10186      3,00      0,00 1478124976  122820   0,76  antigravity
19:00:21     1000     10187     31,80      0,00 1461358904  160036   0,99  antigravity
19:00:21     1000     37029     17,40      0,00 6095324  232332   1,43  java

19:00:16      UID       PID   kB_rd/s   kB_wr/s kB_ccwr/s iodelay  Command
19:00:21     1000     36998      0,00      0,72      0,00       0  pidstat
19:00:21     1000     37029      0,00      0,12      0,00       0  java

19:00:21      UID       PID    %usr %system  %guest   %wait    %CPU   CPU  Command
19:00:26        0        86    0,00    0,20    0,00    0,00    0,20     0  irq/9-acpi
19:00:26      115       927    0,20    0,00    0,00    0,00    0,20     3  prometheus
19:00:26        0      1457    0,20    0,00    0,00    0,00    0,20     5  glances
19:00:26        0      1479    0,20    0,00    0,00    0,00    0,20     4  anydesk
19:00:26        0      1489    0,40    0,00    0,00    0,00    0,40     4  containerd
19:00:26        0      1599    0,00    0,20    0,00    0,00    0,20     7  apache2
19:00:26        0      2351    0,40    0,20    0,00    0,00    0,60     3  dockerd
19:00:26      117      2352    2,20    0,20    0,00    0,00    2,40     3  grafana
19:00:26        0      3170    0,40    0,40    0,00    0,00    0,80     6  mount.ntfs-3g
19:00:26        0      3240    0,20    0,20    0,00    0,00    0,40     1  containerd-shim
19:00:26        0      3246    0,00    0,20    0,00    0,00    0,20     0  containerd-shim
19:00:26      999      3405    0,40    0,00    0,00    0,00    0,40     4  redis-server
19:00:26     1000      9024    0,40    0,20    0,00    0,00    0,60     4  gnome-shell
19:00:26     1000      9700    0,20    0,20    0,00    0,00    0,40     3  antigravity
19:00:26     1000      9756    0,40    0,20    0,00    0,00    0,60     5  antigravity
19:00:26     1000      9830    1,60    0,20    0,00    0,00    1,80     1  antigravity
19:00:26     1000     10074    1,80    1,00    0,00    0,00    2,80     3  language_server
19:00:26     1000     10121    0,20    0,00    0,00    0,00    0,20     2  antigravity
19:00:26     1000     10122    1,20    0,40    0,00    0,00    1,60     0  antigravity
19:00:26     1000     10187    0,80    0,00    0,00    0,00    0,80     4  antigravity
19:00:26     1000     11152    1,80    1,00    0,00    0,00    2,80     3  language_server
19:00:26        0     32097    0,00    0,20    0,00    0,00    0,20     4  kworker/4:0-mm_percpu_wq
19:00:26     1000     36998    0,00    0,40    0,00    0,00    0,40     5  pidstat
19:00:26     1000     37029    1,00    0,20    0,00    0,00    1,20     3  java

19:00:21      UID       PID  minflt/s  majflt/s     VSZ     RSS   %MEM  Command
19:00:26      117      2352      3,00      0,00 1830016  333816   2,06  grafana
19:00:26        0      3207     11,00      0,00 1235608   14852   0,09  containerd-shim
19:00:26        0      3227     11,20      0,00 1235352   14356   0,09  containerd-shim
19:00:26        0      3240      9,00      0,00 1235608   14952   0,09  containerd-shim
19:00:26        0      3246     11,20      0,00 1235608   15188   0,09  containerd-shim
19:00:26        0      3261     11,80      0,00 1235608   15144   0,09  containerd-shim
19:00:26     1000      9024      0,80      0,00 4672668  275316   1,70  gnome-shell
19:00:26     1000      9700     59,40      0,00 1461692876  304864   1,88  antigravity
19:00:26     1000      9756     11,80      0,00 34340284  165192   1,02  antigravity
19:00:26     1000      9767      1,20      0,00 33906012   82040   0,51  antigravity
19:00:26     1000      9830    258,40      0,00 1461375020  490396   3,02  antigravity
19:00:26     1000     10109      0,40      0,00 33951332   64948   0,40  antigravity
19:00:26     1000     10121      2,40      0,00 1461391740  125776   0,77  antigravity
19:00:26     1000     10122    311,40      0,00 1461343128  286532   1,77  antigravity
19:00:26     1000     10186      3,00      0,00 1478124976  122820   0,76  antigravity
19:00:26     1000     10187     30,80      0,00 1461358904  160136   0,99  antigravity
19:00:26     1000     37029      7,00      0,00 6095324  231536   1,43  java

19:00:21      UID       PID   kB_rd/s   kB_wr/s kB_ccwr/s iodelay  Command
19:00:26     1000     36998      0,00      0,80      0,00       0  pidstat
19:00:26     1000     37029      0,00      2,05      0,00       0  java

Rata-rata:    UID       PID    %usr %system  %guest   %wait    %CPU   CPU  Command
Rata-rata:      0         1    0,08    0,00    0,00    0,00    0,08     -  systemd
Rata-rata:      0        17    0,00    0,02    0,00    0,00    0,02     -  ksoftirqd/0
Rata-rata:      0        18    0,00    0,03    0,00    0,02    0,03     -  rcu_preempt
Rata-rata:      0        80    0,02    0,00    0,00    0,02    0,02     -  kcompactd0
Rata-rata:      0        82    0,00    0,02    0,00    0,00    0,02     -  khugepaged
Rata-rata:      0        86    0,00    0,06    0,00    0,00    0,06     -  irq/9-acpi
Rata-rata:      0       112    0,00    0,02    0,00    0,00    0,02     -  kworker/0:1H-kblockd
Rata-rata:      0       413    0,02    0,02    0,00    0,03    0,03     -  systemd-udevd
Rata-rata:      0       721    0,00    0,02    0,00    1,40    0,02     -  kworker/u33:2-i915_flip
Rata-rata:    990       905    0,22    0,03    0,00    0,00    0,25     -  dbus-daemon
Rata-rata:    986       922    0,02    0,00    0,00    0,00    0,02     -  polkitd
Rata-rata:    115       926    0,34    0,12    0,00    0,00    0,46     -  prometheus-node
Rata-rata:    115       927    0,15    0,00    0,00    0,02    0,15     -  prometheus
Rata-rata:      0       937    0,00    0,02    0,00    0,00    0,02     -  udisksd
Rata-rata:      0      1052    0,02    0,00    0,00    0,00    0,02     -  NetworkManager
Rata-rata:      0      1457    0,14    0,02    0,00    0,00    0,15     -  glances
Rata-rata:      0      1468    0,09    0,05    0,00    0,00    0,14     -  tailscaled
Rata-rata:      0      1479    0,03    0,00    0,00    0,00    0,03     -  anydesk
Rata-rata:      0      1489    0,37    0,12    0,00    0,00    0,49     -  containerd
Rata-rata:    114      1588    0,00    0,02    0,00    0,00    0,02     -  postgres
Rata-rata:      0      1599    0,00    0,02    0,00    0,00    0,02     -  apache2
Rata-rata:      0      2351    0,37    0,23    0,00    0,00    0,60     -  dockerd
Rata-rata:    117      2352    0,72    0,34    0,00    0,00    1,06     -  grafana
Rata-rata:      0      3170    0,20    0,23    0,00    0,00    0,43     -  mount.ntfs-3g
Rata-rata:      0      3207    0,06    0,05    0,00    0,00    0,11     -  containerd-shim
Rata-rata:      0      3227    0,08    0,05    0,00    0,00    0,12     -  containerd-shim
Rata-rata:      0      3240    0,06    0,06    0,00    0,00    0,12     -  containerd-shim
Rata-rata:      0      3246    0,09    0,03    0,00    0,00    0,12     -  containerd-shim
Rata-rata:      0      3261    0,05    0,06    0,00    0,00    0,11     -  containerd-shim
Rata-rata:    999      3405    0,35    0,08    0,00    0,00    0,43     -  redis-server
Rata-rata:     70      3870    0,02    0,00    0,00    0,00    0,02     -  postgres
Rata-rata:   1000      8864    0,02    0,00    0,00    0,00    0,02     -  systemd
Rata-rata:   1000      9024    0,62    0,25    0,00    0,00    0,86     -  gnome-shell
Rata-rata:   1000      9162    0,02    0,00    0,00    0,00    0,02     -  gsd-sharing
Rata-rata:   1000      9166    0,02    0,00    0,00    0,00    0,02     -  gnome-software
Rata-rata:   1000      9200    0,00    0,02    0,00    0,00    0,02     -  anydesk
Rata-rata:   1000      9493    0,02    0,00    0,00    0,00    0,02     -  xdg-desktop-por
Rata-rata:      0      9672    0,02    0,00    0,00    0,00    0,02     -  fwupd
Rata-rata:   1000      9700    0,22    0,11    0,00    0,00    0,32     -  antigravity
Rata-rata:   1000      9756    0,26    0,08    0,00    0,02    0,34     -  antigravity
Rata-rata:   1000      9830    3,06    0,12    0,00    0,02    3,18     -  antigravity
Rata-rata:   1000     10074    1,51    1,26    0,00    0,02    2,77     -  language_server
Rata-rata:   1000     10121    0,23    0,14    0,00    0,00    0,37     -  antigravity
Rata-rata:   1000     10122    0,77    0,26    0,00    0,02    1,03     -  antigravity
Rata-rata:   1000     10187    0,69    0,09    0,00    0,00    0,78     -  antigravity
Rata-rata:   1000     11152    1,49    1,37    0,00    0,05    2,86     -  language_server
Rata-rata:      0     16329    0,00    0,02    0,00    0,02    0,02     -  kworker/u32:2-kvfree_rcu_reclaim
Rata-rata:      0     31777    0,02    0,00    0,00    0,00    0,02     -  kworker/3:0-mm_percpu_wq
Rata-rata:      0     32097    0,00    0,02    0,00    0,02    0,02     -  kworker/4:0-mm_percpu_wq
Rata-rata:      0     32262    0,00    0,02    0,00    0,02    0,02     -  kworker/7:3-mm_percpu_wq
Rata-rata:      0     33252    0,00    0,03    0,00    0,02    0,03     -  kworker/0:2-events
Rata-rata:      0     33414    0,00    0,02    0,00    0,00    0,02     -  kworker/u32:0-flush-8:0
Rata-rata:      0     36437    0,02    0,00    0,00    0,00    0,02     -  kworker/6:0-events
Rata-rata:   1000     36998    0,11    0,28    0,00    0,00    0,38     -  pidstat
Rata-rata:   1000     37029    9,72    0,62    0,00    0,00   10,34     -  java

Rata-rata:    UID       PID  minflt/s  majflt/s     VSZ     RSS   %MEM  Command
Rata-rata:      0       381      3,54      0,00  136916   82628   0,51  systemd-journal
Rata-rata:      0       413      8,64      0,00   37696   11516   0,07  systemd-udevd
Rata-rata:    115       926     22,35      0,00 1687812   25416   0,16  prometheus-node
Rata-rata:      0      1468      1,31      0,00 1421636  104524   0,64  tailscaled
Rata-rata:      0      1489      1,23      0,00 2242640   65052   0,40  containerd
Rata-rata:    114      1588      0,29      0,00  218252   30140   0,19  postgres
Rata-rata:      0      2351      0,03      0,00 3433248  108444   0,67  dockerd
Rata-rata:    117      2352      0,46      0,00 1830016  333816   2,06  grafana
Rata-rata:      0      3207      7,29      0,00 1235608   15063   0,09  containerd-shim
Rata-rata:      0      3227      9,27      0,00 1235352   14562   0,09  containerd-shim
Rata-rata:      0      3240      7,95      0,00 1235608   15251   0,09  containerd-shim
Rata-rata:      0      3246      7,72      0,00 1235608   15389   0,09  containerd-shim
Rata-rata:      0      3261      8,55      0,00 1235608   15485   0,10  containerd-shim
Rata-rata:     70      3383      0,34      0,00  174540   26160   0,16  postgres
Rata-rata:   1000      9024      3,57      0,00 4672702  275296   1,70  gnome-shell
Rata-rata:   1000      9700     41,23      0,00 1461692876  304574   1,88  antigravity
Rata-rata:   1000      9756      4,74      0,00 34331383  165316   1,02  antigravity
Rata-rata:   1000      9767      0,82      0,00 33906012   82040   0,51  antigravity
Rata-rata:   1000      9830    149,95      0,00 1461372125  489901   3,02  antigravity
Rata-rata:   1000     10109      0,26      0,00 33951332   64948   0,40  antigravity
Rata-rata:   1000     10121     39,73      0,00 1461391740  125813   0,78  antigravity
Rata-rata:   1000     10122     96,25      0,00 1461343128  285330   1,76  antigravity
Rata-rata:   1000     10186      3,72      0,00 1478124976  122820   0,76  antigravity
Rata-rata:   1000     10187     10,57      0,00 1461358904  159332   0,98  antigravity
Rata-rata:   1000     11274      0,02      0,00 1459530528   92980   0,57  antigravity
Rata-rata:   1000     36998      0,74      0,00    6022    4942   0,03  pidstat
Rata-rata:   1000     36999      0,32      0,00    2676    1640   0,01  jmeter
Rata-rata:   1000     37029    529,81      0,00 6095324  227007   1,40  java

Rata-rata:    UID       PID   kB_rd/s   kB_wr/s kB_ccwr/s iodelay  Command
Rata-rata:   1000      9767      0,00      0,12      0,00       0  antigravity
Rata-rata:   1000     10122      0,00      0,06      0,00       0  antigravity
Rata-rata:   1000     36998      0,00      0,74      0,00       0  pidstat
Rata-rata:   1000     37029      0,00      1,20      0,00       0  java
