Linux 6.12.94+deb13-amd64 (debian) 	02/07/26 	_x86_64_	(8 CPU)

00:29:45      UID       PID    %usr %system  %guest   %wait    %CPU   CPU  Command
00:29:50        0         1    0,20    0,00    0,00    0,00    0,20     3  systemd
00:29:50      990       903    0,60    0,20    0,00    0,00    0,80     0  dbus-daemon
00:29:50      115       930    1,20    0,40    0,00    0,00    1,59     7  prometheus-node
00:29:50      115       933    0,20    0,00    0,00    0,00    0,20     1  prometheus
00:29:50        0      1391    0,00    0,20    0,00    0,00    0,20     1  tailscaled
00:29:50        0      1423    0,40    0,20    0,00    0,00    0,60     2  containerd
00:29:50        0      2310    0,20    0,20    0,00    0,00    0,40     0  dockerd
00:29:50      117      2312    0,40    0,20    0,00    0,00    0,60     3  grafana
00:29:50        0      2932    0,20    0,00    0,00    0,00    0,20     7  mount.ntfs-3g
00:29:50        0      2977    0,20    0,20    0,00    0,00    0,40     7  containerd-shim
00:29:50        0      2981    0,00    0,20    0,00    0,00    0,20     0  containerd-shim
00:29:50        0      2982    0,00    0,20    0,00    0,00    0,20     1  containerd-shim
00:29:50      999      3130    0,40    0,00    0,00    0,00    0,40     1  redis-server
00:29:50     1000      4708    2,39    1,00    0,00    0,00    3,39     3  gnome-shell
00:29:50     1000      6317    0,60    0,40    0,00    0,00    1,00     7  antigravity
00:29:50     1000      6339    0,80    0,00    0,00    0,00    0,80     1  gnome-terminal-
00:29:50     1000      6757    2,19    0,80    0,00    0,00    2,99     2  antigravity
00:29:50     1000      6820   12,75    0,60    0,00    0,20   13,35     0  antigravity
00:29:50     1000      7059    1,20    1,59    0,00    0,00    2,79     1  language_server
00:29:50     1000      7229    0,40    0,20    0,00    0,00    0,60     4  antigravity
00:29:50     1000      7244    1,79    0,60    0,00    0,00    2,39     4  antigravity
00:29:50     1000      7260    2,39    0,40    0,00    0,00    2,79     6  antigravity
00:29:50     1000      8267    2,19    0,60    0,00    0,00    2,79     7  language_server
00:29:50     1000      9390    0,00    0,20    0,00   19,92    0,20     7  chrome
00:29:50     1000      9519    0,20    0,20    0,00    0,00    0,40     7  chrome
00:29:50        0     97806    0,00    0,20    0,00    0,20    0,20     6  kworker/6:2-i915-unordered
00:29:50     1000    100646    0,00    0,20    0,00    0,00    0,20     5  pidstat
00:29:50     1000    100678   78,29    3,98    0,00    0,00   82,27     3  java

00:29:45      UID       PID  minflt/s  majflt/s     VSZ     RSS   %MEM  Command
00:29:50      115       930     71,51      0,00 1762312   25780   0,16  prometheus-node
00:29:50        0      1391     26,49      0,00 1421316   90236   0,56  tailscaled
00:29:50        0      1423      1,59      0,00 2463900   70728   0,44  containerd
00:29:50        0      2975      1,20      0,00 1235352   13832   0,09  containerd-shim
00:29:50        0      2976      0,60      0,00 1235608   14772   0,09  containerd-shim
00:29:50        0      2977      0,40      0,00 1235352   15836   0,10  containerd-shim
00:29:50        0      2981      6,57      0,00 1235608   14836   0,09  containerd-shim
00:29:50        0      2982      3,98      0,00 1235608   15276   0,09  containerd-shim
00:29:50     1000      4708      2,39      0,00 5458692  346688   2,14  gnome-shell
00:29:50     1000      6317     37,25      0,00 1461668528  314956   1,94  antigravity
00:29:50     1000      6757     63,55      0,00 34362364  169584   1,04  antigravity
00:29:50     1000      6771      0,60      0,00 33903964   81164   0,50  antigravity
00:29:50     1000      6820    480,88      0,00 1461417264  664376   4,09  antigravity
00:29:50     1000      7161      0,20      0,00 33951332   64332   0,40  antigravity
00:29:50     1000      7229    137,25      0,00 1461383544  129416   0,80  antigravity
00:29:50     1000      7244    399,60      0,00 1461351324  361344   2,23  antigravity
00:29:50     1000      7258      5,98      0,00 1461347760  126024   0,78  antigravity
00:29:50     1000      7260      7,37      0,00 1461367100  163984   1,01  antigravity
00:29:50     1000      8356      5,18      0,00 1459530528  100976   0,62  antigravity
00:29:50     1000      9291      7,57      0,00 55435272  374612   2,31  chrome
00:29:50     1000      9342      4,38      0,00 55467700  213584   1,32  chrome
00:29:50     1000      9345      8,96      0,00 54976356  136144   0,84  chrome
00:29:50     1000      9359      0,60      0,00 55015792   62536   0,39  chrome
00:29:50     1000     76014      0,60      0,00 1518513820  343248   2,11  chrome
00:29:50     1000     76063      0,20      0,00 55006444   86720   0,53  chrome
00:29:50     1000     99008      5,78      0,00    7664    3936   0,02  bash
00:29:50     1000    100646      1,39      0,00    6184    4980   0,03  pidstat
00:29:50     1000    100647      4,18      0,00    2676    1792   0,01  jmeter
00:29:50     1000    100678   4784,86      0,00 4495476  200152   1,23  java
00:29:50     1000    100746     23,90      0,00    5660    1996   0,01  sleep

00:29:45      UID       PID   kB_rd/s   kB_wr/s kB_ccwr/s iodelay  Command
00:29:50     1000      9291      0,00      1,59      0,00       0  chrome
00:29:50     1000    100678      0,00      2,15      0,00       0  java

00:29:50      UID       PID    %usr %system  %guest   %wait    %CPU   CPU  Command
00:29:55        0         1    0,40    0,00    0,00    0,00    0,40     4  systemd
00:29:55        0        17    0,00    0,20    0,00    0,20    0,20     6  rcu_preempt
00:29:55        0        86    0,00    0,20    0,00    0,00    0,20     1  irq/9-acpi
00:29:55        0       224    0,00    0,20    0,00    0,00    0,20     5  kworker/5:1H-kblockd
00:29:55        0       408    0,00    0,20    0,00    0,00    0,20     7  systemd-udevd
00:29:55      990       903    0,40    0,00    0,00    0,00    0,40     2  dbus-daemon
00:29:55      115       933    0,20    0,00    0,00    0,00    0,20     1  prometheus
00:29:55        0      1079    0,20    0,00    0,00    0,00    0,20     3  NetworkManager
00:29:55        0      1383    0,20    0,00    0,00    0,00    0,20     7  glances
00:29:55        0      1391    0,60    0,00    0,00    0,00    0,60     2  tailscaled
00:29:55        0      1423    0,80    0,20    0,00    0,00    1,00     2  containerd
00:29:55        0      2310    1,20    0,60    0,00    0,00    1,80     0  dockerd
00:29:55      117      2312    0,40    0,40    0,00    0,00    0,80     3  grafana
00:29:55        0      2932    0,60    0,20    0,00    0,00    0,80     7  mount.ntfs-3g
00:29:55        0      2975    0,20    0,20    0,00    0,00    0,40     7  containerd-shim
00:29:55        0      2976    0,00    0,20    0,00    0,00    0,20     6  containerd-shim
00:29:55        0      2981    0,20    0,00    0,00    0,00    0,20     0  containerd-shim
00:29:55        0      2982    0,20    0,00    0,00    0,00    0,20     1  containerd-shim
00:29:55      999      3130    0,40    0,00    0,00    0,00    0,40     5  redis-server
00:29:55       70      3567    0,00    0,20    0,00    0,00    0,20     2  postgres
00:29:55     1000      4549    0,40    0,00    0,00    0,20    0,40     2  systemd
00:29:55     1000      4569    0,20    0,00    0,00    0,00    0,20     6  dbus-daemon
00:29:55     1000      4708    1,20    0,40    0,00    0,00    1,60     5  gnome-shell
00:29:55     1000      5021    0,00    0,20    0,00    0,00    0,20     6  gsd-housekeepin
00:29:55     1000      5043    0,20    0,00    0,00    0,00    0,20     5  gnome-software
00:29:55     1000      5055    0,20    0,20    0,00    0,00    0,40     5  gsd-sharing
00:29:55     1000      5331    0,00    0,20    0,00    0,00    0,20     6  goa-daemon
00:29:55        0      5954    0,20    0,00    0,00    0,00    0,20     7  fwupd
00:29:55     1000      6317    0,40    0,00    0,00    0,00    0,40     4  antigravity
00:29:55     1000      6339    0,20    0,00    0,00    0,00    0,20     1  gnome-terminal-
00:29:55     1000      6757    0,40    0,20    0,00    0,00    0,60     2  antigravity
00:29:55     1000      6820    2,00    0,20    0,00    0,00    2,20     6  antigravity
00:29:55     1000      7059    1,20    1,40    0,00    0,00    2,60     4  language_server
00:29:55     1000      7229    0,20    0,40    0,00    0,00    0,60     7  antigravity
00:29:55     1000      7244    1,20    0,60    0,00    0,00    1,80     7  antigravity
00:29:55     1000      7260    0,60    0,00    0,00    0,00    0,60     6  antigravity
00:29:55     1000      8267    1,20    1,60    0,00    0,00    2,80     7  language_server
00:29:55     1000      8356    0,20    0,00    0,00    0,00    0,20     2  antigravity
00:29:55     1000      9291    0,20    0,00    0,00    0,00    0,20     5  chrome
00:29:55        0     97830    0,20    0,00    0,00    0,00    0,20     7  kworker/7:0-events
00:29:55     1000     98039    0,20    0,00    0,00    0,00    0,20     3  antigravity
00:29:55     1000    100646    0,20    0,40    0,00    0,00    0,60     6  pidstat
00:29:55     1000    100678    3,80    0,40    0,00    0,00    4,20     3  java

00:29:50      UID       PID  minflt/s  majflt/s     VSZ     RSS   %MEM  Command
00:29:55        0         1      0,20      0,00   24652   14916   0,09  systemd
00:29:55        0       376     45,80      0,00  188968  108308   0,67  systemd-journal
00:29:55        0       408     96,00      0,00   37544   10908   0,07  systemd-udevd
00:29:55        0      1423      1,00      0,00 2463900   70728   0,44  containerd
00:29:55        0      2310      0,60      0,00 3498856  111652   0,69  dockerd
00:29:55        0      2975      4,60      0,00 1235352   13960   0,09  containerd-shim
00:29:55        0      2976     11,40      0,00 1235608   15028   0,09  containerd-shim
00:29:55        0      2977      4,20      0,00 1235352   15836   0,10  containerd-shim
00:29:55        0      2981      4,20      0,00 1235608   14836   0,09  containerd-shim
00:29:55        0      2982      0,40      0,00 1235608   15276   0,09  containerd-shim
00:29:55     1000      4708      8,00      0,00 5458564  346944   2,14  gnome-shell
00:29:55        0      5954      0,20      0,00  370168   46692   0,29  fwupd
00:29:55     1000      6317     36,00      0,00 1461668528  315116   1,94  antigravity
00:29:55     1000      6757     12,80      0,00 34366836  169568   1,04  antigravity
00:29:55     1000      6771      1,20      0,00 33903964   81164   0,50  antigravity
00:29:55     1000      6820    282,80      0,00 1461417264  667724   4,11  antigravity
00:29:55     1000      7161      0,20      0,00 33951332   64332   0,40  antigravity
00:29:55     1000      7229    100,80      0,00 1461383544  129416   0,80  antigravity
00:29:55     1000      7244    319,80      0,00 1461351324  362720   2,23  antigravity
00:29:55     1000      7258      3,60      0,00 1461347760  126024   0,78  antigravity
00:29:55     1000      7260     16,60      0,00 1461367100  163928   1,01  antigravity
00:29:55     1000      8356      5,40      0,00 1459530528  100976   0,62  antigravity
00:29:55     1000      9291     11,80      0,00 55435272  374612   2,31  chrome
00:29:55     1000      9342      2,20      0,00 55467700  213584   1,32  chrome
00:29:55     1000      9345      4,20      0,00 54976356  136144   0,84  chrome
00:29:55     1000      9359      0,60      0,00 55015792   62536   0,39  chrome
00:29:55     1000     76014      0,40      0,00 1518513820  343248   2,11  chrome
00:29:55     1000     76063      0,20      0,00 55006444   86720   0,53  chrome
00:29:55     1000    100646      0,40      0,00    6184    4980   0,03  pidstat
00:29:55     1000    100678     47,00      0,00 4495476  201304   1,24  java
00:29:55        0    100819     88,00      0,00   37548    7188   0,04  (udev-worker)
00:29:55        0    100834     27,20      0,00   37548    6784   0,04  (udev-worker)
00:29:55        0    100835     27,00      0,00   37548    6784   0,04  (udev-worker)
00:29:55        0    100836     27,40      0,00   37548    6784   0,04  (udev-worker)
00:29:55        0    100837     26,60      0,00   37548    6784   0,04  (udev-worker)
00:29:55        0    100838     27,40      0,00   37548    6784   0,04  (udev-worker)
00:29:55        0    100839     35,80      0,00   37548    6784   0,04  (udev-worker)
00:29:55        0    100840     27,20      0,00   37548    6784   0,04  (udev-worker)
00:29:55        0    100841     27,60      0,00   37548    6784   0,04  (udev-worker)
00:29:55        0    100842     27,00      0,00   37548    6784   0,04  (udev-worker)
00:29:55        0    100843     26,60      0,00   37548    6784   0,04  (udev-worker)
00:29:55        0    100844     27,80      0,00   37548    6784   0,04  (udev-worker)
00:29:55        0    100846     27,00      0,00   37548    6784   0,04  (udev-worker)
00:29:55        0    100847     27,00      0,00   37548    6784   0,04  (udev-worker)
00:29:55        0    100848     26,60      0,00   37548    6784   0,04  (udev-worker)
00:29:55        0    100849     26,80      0,00   37548    6784   0,04  (udev-worker)

00:29:50      UID       PID   kB_rd/s   kB_wr/s kB_ccwr/s iodelay  Command
00:29:55     1000      7244      0,00      0,80      0,00       0  antigravity
00:29:55     1000      9291      0,00      3,20      0,00       0  chrome
00:29:55     1000    100646      0,00      1,04      0,00       0  pidstat
00:29:55     1000    100678      0,00      0,03      0,00       0  java

00:29:55      UID       PID    %usr %system  %guest   %wait    %CPU   CPU  Command
00:30:00        0      1383    0,20    0,00    0,00    0,00    0,20     7  glances
00:30:00        0      1391    0,20    0,00    0,00    0,00    0,20     3  tailscaled
00:30:00        0      1423    0,20    0,20    0,00    0,00    0,40     2  containerd
00:30:00        0      2310    0,20    0,20    0,00    0,00    0,40     0  dockerd
00:30:00      117      2312    0,80    0,20    0,00    0,00    1,00     3  grafana
00:30:00        0      2932    0,40    0,60    0,00    0,00    1,00     5  mount.ntfs-3g
00:30:00        0      2976    0,20    0,00    0,00    0,00    0,20     6  containerd-shim
00:30:00      999      3130    0,20    0,20    0,00    0,00    0,40     5  redis-server
00:30:00     1000      4708    1,00    0,40    0,00    0,20    1,40     2  gnome-shell
00:30:00     1000      6317    0,40    0,00    0,00    0,20    0,40     5  antigravity
00:30:00     1000      6339    1,00    0,20    0,00    0,00    1,20     3  gnome-terminal-
00:30:00     1000      6757    0,20    0,20    0,00    0,20    0,40     5  antigravity
00:30:00     1000      6820   13,60    0,60    0,00    0,00   14,20     5  antigravity
00:30:00     1000      7059    1,80    1,40    0,00    0,20    3,20     2  language_server
00:30:00     1000      7161    0,20    0,00    0,00    0,00    0,20     5  antigravity
00:30:00     1000      7229    0,00    0,20    0,00    0,00    0,20     6  antigravity
00:30:00     1000      7244    1,60    0,60    0,00    0,20    2,20     6  antigravity
00:30:00     1000      7260    0,60    0,20    0,00    0,00    0,80     4  antigravity
00:30:00     1000      8267    2,60    1,40    0,00    0,00    4,00     7  language_server
00:30:00     1000      9291    0,20    0,20    0,00    0,00    0,40     5  chrome
00:30:00     1000      9519    0,20    0,00    0,00    0,00    0,20     6  chrome
00:30:00        0    100094    0,20    0,00    0,00    0,00    0,20     1  kworker/1:2-events
00:30:00     1000    100646    0,60    0,00    0,00    0,00    0,60     0  pidstat
00:30:00     1000    100678    3,60    0,00    0,00    0,00    3,60     3  java

00:29:55      UID       PID  minflt/s  majflt/s     VSZ     RSS   %MEM  Command
00:30:00        0       408      1,60      0,00   37544   10908   0,07  systemd-udevd
00:30:00        0      1391      0,60      0,00 1421316   90236   0,56  tailscaled
00:30:00        0      2975     12,00      0,00 1235352   13356   0,08  containerd-shim
00:30:00        0      2976      5,40      0,00 1235608   14296   0,09  containerd-shim
00:30:00        0      2977      6,00      0,00 1235352   15132   0,09  containerd-shim
00:30:00        0      2981      5,00      0,00 1235608   14208   0,09  containerd-shim
00:30:00        0      2982      0,00      0,00 1235608   14824   0,09  containerd-shim
00:30:00     1000      4708      0,80      0,00 5458564  346944   2,14  gnome-shell
00:30:00     1000      6317     37,80      0,00 1461668528  314920   1,94  antigravity
00:30:00     1000      6757      6,80      0,00 34359564  169568   1,04  antigravity
00:30:00     1000      6771      0,60      0,00 33903964   81164   0,50  antigravity
00:30:00     1000      6820    344,60      0,00 1461417264  654888   4,03  antigravity
00:30:00     1000      7161      0,40      0,00 33951332   64332   0,40  antigravity
00:30:00     1000      7229    108,60      0,00 1461383544  129416   0,80  antigravity
00:30:00     1000      7244    566,80      0,00 1461351324  363816   2,24  antigravity
00:30:00     1000      7258      2,80      0,00 1461347760  126024   0,78  antigravity
00:30:00     1000      7260     20,60      0,00 1461367100  164184   1,01  antigravity
00:30:00     1000      8356      5,40      0,00 1459530528  100976   0,62  antigravity
00:30:00     1000      9291     14,40      0,00 55435272  374472   2,31  chrome
00:30:00     1000      9342      2,20      0,00 55467700  213584   1,32  chrome
00:30:00     1000      9345      4,20      0,00 54976356  136144   0,84  chrome
00:30:00     1000      9359      0,60      0,00 55015792   62536   0,39  chrome
00:30:00     1000      9519      0,00      0,00 1518553976  354672   2,18  chrome
00:30:00     1000     76014      0,80      0,00 1518513820  343248   2,11  chrome
00:30:00     1000     76063      0,40      0,00 55006444   86720   0,53  chrome
00:30:00     1000    100646      6,60      0,00    6316    5108   0,03  pidstat
00:30:00     1000    100678     37,00      0,00 4495476  202072   1,24  java

00:29:55      UID       PID   kB_rd/s   kB_wr/s kB_ccwr/s iodelay  Command
00:30:00     1000      7244      0,00      0,80      0,00       0  antigravity
00:30:00     1000    100646      0,00      1,60      0,00       0  pidstat
00:30:00     1000    100678      0,00      0,07      0,00       0  java

00:30:00      UID       PID    %usr %system  %guest   %wait    %CPU   CPU  Command
00:30:05        0         1    0,00    0,20    0,00    0,00    0,20     5  systemd
00:30:05      990       903    0,60    0,20    0,00    0,00    0,80     2  dbus-daemon
00:30:05      115       930    1,00    0,80    0,00    0,00    1,80     7  prometheus-node
00:30:05      115       933    0,40    0,00    0,00    0,00    0,40     1  prometheus
00:30:05        0      1391    0,00    0,20    0,00    0,00    0,20     4  tailscaled
00:30:05        0      1423    0,20    0,20    0,00    0,00    0,40     2  containerd
00:30:05        0      2310    0,20    0,20    0,00    0,00    0,40     0  dockerd
00:30:05      117      2312    0,80    0,40    0,00    0,00    1,20     3  grafana
00:30:05        0      2932    0,40    0,00    0,00    0,00    0,40     5  mount.ntfs-3g
00:30:05        0      2977    0,00    0,20    0,00    0,00    0,20     7  containerd-shim
00:30:05        0      2982    0,20    0,00    0,00    0,00    0,20     1  containerd-shim
00:30:05      999      3130    0,40    0,00    0,00    0,00    0,40     5  redis-server
00:30:05     1000      4708    1,20    0,20    0,00    0,00    1,40     3  gnome-shell
00:30:05     1000      6317    0,20    0,20    0,00    0,00    0,40     6  antigravity
00:30:05     1000      6339    0,40    0,00    0,00    0,00    0,40     1  gnome-terminal-
00:30:05     1000      6757    0,40    0,20    0,00    0,00    0,60     5  antigravity
00:30:05     1000      6820    1,40    0,40    0,00    0,00    1,80     4  antigravity
00:30:05     1000      7059    1,60    1,40    0,00    0,00    3,00     3  language_server
00:30:05     1000      7229    0,20    0,20    0,00    0,00    0,40     7  antigravity
00:30:05     1000      7244    1,60    0,60    0,00    0,00    2,20     0  antigravity
00:30:05     1000      7260    0,60    0,00    0,00    0,00    0,60     1  antigravity
00:30:05     1000      8267    2,00    1,20    0,00    0,00    3,20     7  language_server
00:30:05     1000      8356    0,00    0,20    0,00    0,00    0,20     3  antigravity
00:30:05     1000      9519    0,20    0,00    0,00    0,00    0,20     6  chrome
00:30:05     1000     76025    0,20    0,00    0,00    0,00    0,20     2  chrome
00:30:05        0     93905    0,00    0,20    0,00    0,00    0,20     4  kworker/u32:7-events_unbound
00:30:05        0     97806    0,00    0,20    0,00    0,00    0,20     6  kworker/6:2-i915-unordered
00:30:05        0     98978    0,20    0,00    0,00    0,00    0,20     0  kworker/0:1-events
00:30:05     1000    100646    0,00    0,40    0,00    0,00    0,40     0  pidstat
00:30:05     1000    100678    3,00    0,20    0,00    0,00    3,20     3  java
00:30:05     1000    100996    0,60    0,00    0,00    0,00    0,60     1  gnome-screensho

00:30:00      UID       PID  minflt/s  majflt/s     VSZ     RSS   %MEM  Command
00:30:05      115       930     84,00      0,00 1762312   25600   0,16  prometheus-node
00:30:05      117      2312      2,40      0,00 1765300  349640   2,15  grafana
00:30:05        0      2975     11,00      0,00 1235352   13484   0,08  containerd-shim
00:30:05        0      2976     10,20      0,00 1235608   14424   0,09  containerd-shim
00:30:05        0      2977     12,20      0,00 1235352   15132   0,09  containerd-shim
00:30:05        0      2981      9,80      0,00 1235608   14464   0,09  containerd-shim
00:30:05        0      2982      5,80      0,00 1235608   14824   0,09  containerd-shim
00:30:05     1000      4708      7,00      0,00 5459204  346800   2,14  gnome-shell
00:30:05     1000      6317     32,80      0,00 1461668528  315128   1,94  antigravity
00:30:05     1000      6757     24,00      0,00 34359564  169952   1,05  antigravity
00:30:05     1000      6771      0,60      0,00 33903964   81164   0,50  antigravity
00:30:05     1000      6820    169,60      0,00 1461417264  657288   4,05  antigravity
00:30:05     1000      7161      0,20      0,00 33951332   64332   0,40  antigravity
00:30:05     1000      7229    131,80      0,00 1461383544  129400   0,80  antigravity
00:30:05     1000      7244    370,40      0,00 1461351324  363460   2,24  antigravity
00:30:05     1000      7258      3,40      0,00 1461347760  126024   0,78  antigravity
00:30:05     1000      7260     19,20      0,00 1461367100  163960   1,01  antigravity
00:30:05     1000      8356      5,20      0,00 1459530528  100976   0,62  antigravity
00:30:05     1000      9291      7,40      0,00 55435272  374472   2,31  chrome
00:30:05     1000      9342      2,20      0,00 55467700  213584   1,32  chrome
00:30:05     1000      9345      4,20      0,00 54976356  136144   0,84  chrome
00:30:05     1000      9359      1,20      0,00 55015792   62536   0,39  chrome
00:30:05     1000     76014      0,20      0,00 1518513820  343248   2,11  chrome
00:30:05     1000     76063      0,20      0,00 55006444   86720   0,53  chrome
00:30:05     1000     99008      5,80      0,00    7664    3936   0,02  bash
00:30:05     1000    100646      0,00      0,00    6228    5108   0,03  pidstat
00:30:05     1000    100678     64,80      0,00 4495476  203224   1,25  java
00:30:05     1000    100996    266,00      0,00  408124   19276   0,12  gnome-screensho

00:30:00      UID       PID   kB_rd/s   kB_wr/s kB_ccwr/s iodelay  Command
00:30:05     1000      7244      0,00      0,80      0,00       0  antigravity
00:30:05     1000      9291      0,00      0,80      0,00       0  chrome
00:30:05     1000    100646      0,00      0,94      0,00       0  pidstat
00:30:05     1000    100678      0,00      1,60      0,00       0  java

00:30:05      UID       PID    %usr %system  %guest   %wait    %CPU   CPU  Command
00:30:10        0       120    0,00    0,20    0,00    0,00    0,20     2  kworker/u33:0-i915_flip
00:30:10        0      1383    0,00    0,20    0,00    0,00    0,20     7  glances
00:30:10        0      1391    0,20    0,00    0,00    0,00    0,20     4  tailscaled
00:30:10        0      1423    0,40    0,00    0,00    0,00    0,40     2  containerd
00:30:10        0      2310    0,20    0,20    0,00    0,00    0,40     0  dockerd
00:30:10      117      2312    0,40    0,40    0,00    0,00    0,80     3  grafana
00:30:10        0      2932    0,80    0,40    0,00    0,00    1,20     6  mount.ntfs-3g
00:30:10        0      2975    0,20    0,00    0,00    0,00    0,20     7  containerd-shim
00:30:10        0      2977    0,20    0,00    0,00    0,00    0,20     7  containerd-shim
00:30:10        0      2981    0,20    0,00    0,00    0,00    0,20     0  containerd-shim
00:30:10      999      3130    0,40    0,00    0,00    0,00    0,40     6  redis-server
00:30:10     1000      4570    0,20    0,00    0,00    0,00    0,20     2  pipewire
00:30:10     1000      4573    0,40    0,00    0,00    0,00    0,40     1  wireplumber
00:30:10     1000      4574    0,20    0,00    0,00    0,00    0,20     4  pipewire-pulse
00:30:10     1000      4708    5,60    1,60    0,00    0,00    7,20     0  gnome-shell
00:30:10     1000      5039    0,20    0,00    0,00    0,00    0,20     7  gsd-media-keys
00:30:10     1000      5504    0,20    0,00    0,00    0,00    0,20     1  xdg-desktop-por
00:30:10     1000      6317    0,40    0,20    0,00    0,00    0,60     3  antigravity
00:30:10     1000      6339    0,60    0,00    0,00    0,00    0,60     1  gnome-terminal-
00:30:10     1000      6757    1,20    0,00    0,00    0,00    1,20     7  antigravity
00:30:10     1000      6820    5,60    0,20    0,00    0,00    5,80     7  antigravity
00:30:10     1000      7059    1,80    1,00    0,00    0,00    2,80     3  language_server
00:30:10     1000      7229    0,40    0,20    0,00    0,20    0,60     5  antigravity
00:30:10     1000      7244    1,60    0,20    0,00    0,00    1,80     4  antigravity
00:30:10     1000      7260    0,80    0,20    0,00    0,00    1,00     1  antigravity
00:30:10     1000      8267    1,80    1,00    0,00    0,00    2,80     7  language_server
00:30:10     1000      8356    0,20    0,00    0,00    0,00    0,20     2  antigravity
00:30:10     1000      9291    0,20    0,00    0,00    0,00    0,20     4  chrome
00:30:10     1000      9345    0,20    0,20    0,00    0,00    0,40     1  chrome
00:30:10     1000     91682    0,20    0,00    0,00    0,00    0,20     5  ssh
00:30:10        0     95637    0,00    0,20    0,00    0,00    0,20     3  kworker/3:0-events
00:30:10     1000    100646    0,20    0,40    0,00    0,00    0,60     0  pidstat
00:30:10     1000    100678    2,40    0,20    0,00    0,00    2,60     3  java

00:30:05      UID       PID  minflt/s  majflt/s     VSZ     RSS   %MEM  Command
00:30:10        0      2975     12,20      0,00 1235352   13740   0,08  containerd-shim
00:30:10        0      2976     17,40      0,00 1235608   14680   0,09  containerd-shim
00:30:10        0      2977     14,20      0,00 1235352   15388   0,09  containerd-shim
00:30:10        0      2981     12,00      0,00 1235608   14720   0,09  containerd-shim
00:30:10        0      2982     12,00      0,00 1235608   14952   0,09  containerd-shim
00:30:10     1000      4570     37,40      0,00  105040   14660   0,09  pipewire
00:30:10     1000      4574     38,00      0,00  110852   15660   0,10  pipewire-pulse
00:30:10     1000      4708      8,20      0,00 5458692  346800   2,14  gnome-shell
00:30:10     1000      5504      0,20      0,00  778332   19920   0,12  xdg-desktop-por
00:30:10     1000      6317     33,40      0,00 1461668528  315168   1,94  antigravity
00:30:10     1000      6757     45,20      0,00 34366988  170140   1,05  antigravity
00:30:10     1000      6771      0,60      0,00 33903964   81164   0,50  antigravity
00:30:10     1000      6820    334,80      0,00 1461417264  661072   4,07  antigravity
00:30:10     1000      7161      0,20      0,00 33951332   64332   0,40  antigravity
00:30:10     1000      7229     91,80      0,00 1461383544  129400   0,80  antigravity
00:30:10     1000      7244    304,00      0,00 1461351324  363572   2,24  antigravity
00:30:10     1000      7258      5,20      0,00 1461347760  126024   0,78  antigravity
00:30:10     1000      7260     18,80      0,00 1461367100  164088   1,01  antigravity
00:30:10     1000      8356      5,40      0,00 1459530528  100976   0,62  antigravity
00:30:10     1000      9291     10,80      0,00 55435272  374472   2,31  chrome
00:30:10     1000      9342      4,40      0,00 55467700  213584   1,32  chrome
00:30:10     1000      9345     10,80      0,00 54976356  136144   0,84  chrome
00:30:10     1000      9359      0,60      0,00 55015792   62536   0,39  chrome
00:30:10     1000     76014      0,40      0,00 1518513820  343248   2,11  chrome
00:30:10     1000     76063      0,20      0,00 55006444   86720   0,53  chrome
00:30:10     1000     99008      0,80      0,00    7664    3936   0,02  bash
00:30:10     1000    100678     16,20      0,00 4495476  203480   1,25  java

00:30:05      UID       PID   kB_rd/s   kB_wr/s kB_ccwr/s iodelay  Command
00:30:10     1000      4573      0,00      0,80      0,00       0  wireplumber
00:30:10     1000      4708      0,00     76,00      0,00       0  gnome-shell
00:30:10     1000      9345      0,00     20,00      0,00       0  chrome
00:30:10     1000     99008      0,00    180,88     76,00       0  bash
00:30:10     1000    100646      0,00      1,10      0,00       0  pidstat

00:30:10      UID       PID    %usr %system  %guest   %wait    %CPU   CPU  Command
00:30:15      115       933    0,20    0,00    0,00    0,00    0,20     1  prometheus
00:30:15        0      1383    0,20    0,00    0,00    0,00    0,20     7  glances
00:30:15        0      1391    0,20    0,00    0,00    0,00    0,20     2  tailscaled
00:30:15        0      1423    0,40    0,00    0,00    0,00    0,40     2  containerd
00:30:15        0      2310    0,40    0,20    0,00    0,00    0,60     0  dockerd
00:30:15      117      2312    2,00    0,00    0,00    0,00    2,00     3  grafana
00:30:15        0      2932    0,20    0,40    0,00    0,00    0,60     3  mount.ntfs-3g
00:30:15        0      2976    0,20    0,20    0,00    0,00    0,40     6  containerd-shim
00:30:15        0      2981    0,00    0,20    0,00    0,00    0,20     0  containerd-shim
00:30:15        0      2982    0,20    0,00    0,00    0,00    0,20     1  containerd-shim
00:30:15      999      3130    0,40    0,20    0,00    0,00    0,60     6  redis-server
00:30:15     1000      4570    0,20    0,20    0,00    0,00    0,40     2  pipewire
00:30:15     1000      4708    1,40    0,40    0,00    0,00    1,80     3  gnome-shell
00:30:15     1000      6317    0,20    0,00    0,00    0,00    0,20     2  antigravity
00:30:15     1000      6339    0,80    0,00    0,00    0,00    0,80     1  gnome-terminal-
00:30:15     1000      6757    0,20    0,00    0,00    0,00    0,20     0  antigravity
00:30:15     1000      6820    1,40    0,00    0,00    0,00    1,40     7  antigravity
00:30:15     1000      7059    1,40    1,80    0,00    0,00    3,20     5  language_server
00:30:15     1000      7229    0,20    0,00    0,00    0,00    0,20     7  antigravity
00:30:15     1000      7244    1,40    0,60    0,00    0,00    2,00     4  antigravity
00:30:15     1000      7260    0,60    0,00    0,00    0,00    0,60     1  antigravity
00:30:15     1000      8267    1,60    1,40    0,00    0,00    3,00     7  language_server
00:30:15     1000      9291    0,20    0,20    0,00    0,00    0,40     4  chrome
00:30:15     1000      9342    0,20    0,00    0,00    0,00    0,20     7  chrome
00:30:15     1000      9519    0,20    0,20    0,00    0,00    0,40     7  chrome
00:30:15     1000     98039    0,20    0,00    0,00    0,00    0,20     0  antigravity
00:30:15        0     98834    0,20    0,00    0,00    0,00    0,20     2  kworker/2:0-mm_percpu_wq
00:30:15     1000    100646    0,20    0,20    0,00    0,00    0,40     0  pidstat
00:30:15     1000    100678    2,40    0,00    0,00    0,00    2,40     3  java

00:30:10      UID       PID  minflt/s  majflt/s     VSZ     RSS   %MEM  Command
00:30:15      114      1526      3,80      0,00  218252   29568   0,18  postgres
00:30:15        0      2975     10,60      0,00 1235352   13740   0,08  containerd-shim
00:30:15        0      2976      7,80      0,00 1235608   14808   0,09  containerd-shim
00:30:15        0      2977      3,20      0,00 1235352   15388   0,09  containerd-shim
00:30:15        0      2981     15,20      0,00 1235608   14976   0,09  containerd-shim
00:30:15        0      2982     11,60      0,00 1235608   15208   0,09  containerd-shim
00:30:15     1000      4570      0,00      0,00  104092   14660   0,09  pipewire
00:30:15     1000      4708      6,40      0,00 5458628  346928   2,14  gnome-shell
00:30:15     1000      6317     45,20      0,00 1461668528  315088   1,94  antigravity
00:30:15     1000      6757      8,80      0,00 34366988  169864   1,05  antigravity
00:30:15     1000      6771      1,20      0,00 33903964   81164   0,50  antigravity
00:30:15     1000      6820    155,20      0,00 1461417264  662080   4,08  antigravity
00:30:15     1000      7161      0,20      0,00 33951332   64332   0,40  antigravity
00:30:15     1000      7229     11,60      0,00 1461383544  129400   0,80  antigravity
00:30:15     1000      7244    254,80      0,00 1461351324  363544   2,24  antigravity
00:30:15     1000      7258      3,00      0,00 1461347760  126024   0,78  antigravity
00:30:15     1000      7260     21,00      0,00 1461367100  163952   1,01  antigravity
00:30:15     1000      8356      5,00      0,00 1459530528  100976   0,62  antigravity
00:30:15     1000      9291      7,20      0,00 55435272  374472   2,31  chrome
00:30:15     1000      9342      2,20      0,00 55467700  213584   1,32  chrome
00:30:15     1000      9345      3,40      0,00 54976356  136144   0,84  chrome
00:30:15     1000      9359      0,60      0,00 55015792   62536   0,39  chrome
00:30:15     1000     76014      0,60      0,00 1518513820  343248   2,11  chrome
00:30:15     1000     76063      0,20      0,00 55006444   86720   0,53  chrome
00:30:15     1000    100646      0,00      0,00    6220    5108   0,03  pidstat
00:30:15     1000    100678     11,20      0,00 4495476  203864   1,26  java

00:30:10      UID       PID   kB_rd/s   kB_wr/s kB_ccwr/s iodelay  Command
00:30:15     1000    100646      0,00      1,13      0,00       0  pidstat
00:30:15     1000    100678      0,00      1,60      0,00       0  java

00:30:15      UID       PID    %usr %system  %guest   %wait    %CPU   CPU  Command
00:30:20        0         1    0,20    0,00    0,00    0,00    0,20     4  systemd
00:30:20        0        86    0,00    0,20    0,00    0,00    0,20     1  irq/9-acpi
00:30:20      990       903    0,60    0,00    0,00    0,00    0,60     3  dbus-daemon
00:30:20      115       930    0,80    0,80    0,00    0,00    1,60     7  prometheus-node
00:30:20      115       933    0,00    0,20    0,00    0,00    0,20     1  prometheus
00:30:20        0      1383    0,20    0,00    0,00    0,00    0,20     7  glances
00:30:20        0      1391    0,00    0,20    0,00    0,00    0,20     3  tailscaled
00:30:20        0      1423    0,20    0,20    0,00    0,00    0,40     2  containerd
00:30:20        0      2310    0,40    0,00    0,00    0,00    0,40     0  dockerd
00:30:20      117      2312    0,60    0,20    0,00    0,00    0,80     3  grafana
00:30:20        0      2932    0,20    0,40    0,00    0,00    0,60     5  mount.ntfs-3g
00:30:20        0      2975    0,20    0,00    0,00    0,00    0,20     7  containerd-shim
00:30:20        0      2977    0,00    0,20    0,00    0,00    0,20     7  containerd-shim
00:30:20        0      2981    0,20    0,00    0,00    0,00    0,20     0  containerd-shim
00:30:20        0      2982    0,00    0,20    0,00    0,00    0,20     1  containerd-shim
00:30:20      999      3130    0,40    0,00    0,00    0,00    0,40     6  redis-server
00:30:20     1000      4708    0,60    0,20    0,00    0,00    0,80     3  gnome-shell
00:30:20     1000      6317    0,40    0,00    0,00    0,00    0,40     1  antigravity
00:30:20     1000      6339    0,40    0,00    0,00    0,00    0,40     2  gnome-terminal-
00:30:20     1000      6757    0,20    0,20    0,00    0,00    0,40     2  antigravity
00:30:20     1000      6820    1,00    0,20    0,00    0,00    1,20     4  antigravity
00:30:20     1000      7059    2,00    1,60    0,00    0,00    3,60     2  language_server
00:30:20     1000      7229    0,20    0,00    0,00    0,00    0,20     5  antigravity
00:30:20     1000      7244    1,40    0,40    0,00    0,00    1,80     1  antigravity
00:30:20     1000      7260    0,40    0,00    0,00    0,00    0,40     1  antigravity
00:30:20     1000      8267    1,80    1,60    0,00    0,00    3,40     7  language_server
00:30:20     1000      9519    0,20    0,00    0,00    0,00    0,20     6  chrome
00:30:20     1000     76014    0,20    0,00    0,00    0,00    0,20     7  chrome
00:30:20     1000     76063    0,00    0,20    0,00    0,00    0,20     0  chrome
00:30:20        0     97806    0,00    0,20    0,00    0,00    0,20     6  kworker/6:2-mm_percpu_wq
00:30:20        0     99318    0,20    0,00    0,00    0,00    0,20     5  kworker/5:0-mm_percpu_wq
00:30:20     1000    100646    0,20    0,20    0,00    0,00    0,40     0  pidstat
00:30:20     1000    100678    2,00    0,20    0,00    0,00    2,20     3  java

00:30:15      UID       PID  minflt/s  majflt/s     VSZ     RSS   %MEM  Command
00:30:20      115       930    102,00      0,00 1762312   25360   0,16  prometheus-node
00:30:20        0      1423      5,00      0,00 2463900   70728   0,44  containerd
00:30:20        0      2975      4,40      0,00 1235352   13996   0,09  containerd-shim
00:30:20        0      2976      1,40      0,00 1235608   14808   0,09  containerd-shim
00:30:20        0      2977      0,80      0,00 1235352   15388   0,09  containerd-shim
00:30:20        0      2981      2,20      0,00 1235608   14976   0,09  containerd-shim
00:30:20        0      2982      1,00      0,00 1235608   15208   0,09  containerd-shim
00:30:20     1000      4708      0,60      0,00 5458628  346928   2,14  gnome-shell
00:30:20     1000      6317     36,80      0,00 1461668528  314904   1,94  antigravity
00:30:20     1000      6757      5,80      0,00 34359820  169864   1,05  antigravity
00:30:20     1000      6771      0,60      0,00 33903964   81164   0,50  antigravity
00:30:20     1000      6820    175,80      0,00 1461417264  663992   4,09  antigravity
00:30:20     1000      7161      0,40      0,00 33951332   64332   0,40  antigravity
00:30:20     1000      7229      3,80      0,00 1461383544  129400   0,80  antigravity
00:30:20     1000      7244    265,80      0,00 1461351324  363736   2,24  antigravity
00:30:20     1000      7258      3,00      0,00 1461347760  126024   0,78  antigravity
00:30:20     1000      7260     20,00      0,00 1461367100  164208   1,01  antigravity
00:30:20     1000      8356      5,40      0,00 1459530528  100976   0,62  antigravity
00:30:20     1000      9291     14,40      0,00 55435272  374472   2,31  chrome
00:30:20     1000      9342      2,20      0,00 55467700  213584   1,32  chrome
00:30:20     1000      9345      4,00      0,00 54976356  136144   0,84  chrome
00:30:20     1000      9359      0,60      0,00 55015792   62536   0,39  chrome
00:30:20     1000      9519      0,20      0,00 1518553976  353048   2,17  chrome
00:30:20     1000     76014      0,20      0,00 1518513820  343248   2,11  chrome
00:30:20     1000     76063      0,40      0,00 55006444   86720   0,53  chrome
00:30:20     1000    100678     15,60      0,00 4495476  204248   1,26  java

00:30:15      UID       PID   kB_rd/s   kB_wr/s kB_ccwr/s iodelay  Command
00:30:20     1000      7244      0,00      0,80      0,00       0  antigravity
00:30:20     1000    100646      0,00      1,00      0,00       0  pidstat

00:30:20      UID       PID    %usr %system  %guest   %wait    %CPU   CPU  Command
00:30:25        0        17    0,00    0,20    0,00    0,00    0,20     3  rcu_preempt
00:30:25      115       933    0,20    0,00    0,00    0,00    0,20     1  prometheus
00:30:25        0      1423    0,60    0,00    0,00    0,00    0,60     2  containerd
00:30:25        0      2310    0,40    0,20    0,00    0,00    0,60     0  dockerd
00:30:25      117      2312    0,80    0,20    0,00    0,00    1,00     3  grafana
00:30:25        0      2932    0,40    0,20    0,00    0,00    0,60     1  mount.ntfs-3g
00:30:25        0      2975    0,00    0,20    0,00    0,00    0,20     7  containerd-shim
00:30:25      999      3130    0,20    0,00    0,00    0,00    0,20     7  redis-server
00:30:25     1000      4708    1,00    0,40    0,00    0,00    1,40     3  gnome-shell
00:30:25     1000      6317    0,20    0,20    0,00    0,00    0,40     3  antigravity
00:30:25     1000      6339    0,60    0,00    0,00    0,00    0,60     0  gnome-terminal-
00:30:25     1000      6820    1,20    0,20    0,00    0,00    1,40     6  antigravity
00:30:25     1000      7059    1,60    1,40    0,00    0,00    3,00     0  language_server
00:30:25     1000      7229    0,20    0,00    0,00    0,00    0,20     5  antigravity
00:30:25     1000      7244    1,60    0,40    0,00    0,00    2,00     4  antigravity
00:30:25     1000      7260    0,40    0,20    0,00    0,00    0,60     1  antigravity
00:30:25     1000      8267    1,60    1,60    0,00    0,00    3,20     7  language_server
00:30:25     1000      8356    0,20    0,00    0,00    0,00    0,20     2  antigravity
00:30:25     1000      9291    0,40    0,00    0,00    0,00    0,40     2  chrome
00:30:25     1000      9359    0,00    0,20    0,00    0,00    0,20     1  chrome
00:30:25     1000    100646    0,00    0,40    0,00    0,00    0,40     0  pidstat
00:30:25     1000    100678    1,00    0,20    0,00    0,00    1,20     3  java

00:30:20      UID       PID  minflt/s  majflt/s     VSZ     RSS   %MEM  Command
00:30:25        0      1423      7,60      0,00 2463900   70424   0,43  containerd
00:30:25        0      2975      5,40      0,00 1235352   14124   0,09  containerd-shim
00:30:25        0      2976      1,00      0,00 1235608   14808   0,09  containerd-shim
00:30:25        0      2977     11,80      0,00 1235352   15516   0,10  containerd-shim
00:30:25        0      2982      8,80      0,00 1235608   15336   0,09  containerd-shim
00:30:25       70      3117      4,40      0,00  174540   25424   0,16  postgres
00:30:25        0      3144      0,20      0,00  743676   80044   0,49  node
00:30:25     1000      4708      6,60      0,00 5458628  346792   2,14  gnome-shell
00:30:25     1000      6317     32,40      0,00 1461668528  314944   1,94  antigravity
00:30:25     1000      6757     24,00      0,00 34359820  170120   1,05  antigravity
00:30:25     1000      6771      0,60      0,00 33903964   81164   0,50  antigravity
00:30:25     1000      6820    149,60      0,00 1461417264  666552   4,11  antigravity
00:30:25     1000      7161      0,20      0,00 33951332   64332   0,40  antigravity
00:30:25     1000      7229      2,80      0,00 1461383544  129400   0,80  antigravity
00:30:25     1000      7244    266,80      0,00 1461351324  363480   2,24  antigravity
00:30:25     1000      7258      3,00      0,00 1461347760  126024   0,78  antigravity
00:30:25     1000      7260     19,40      0,00 1461367100  163984   1,01  antigravity
00:30:25     1000      8356      5,20      0,00 1459530528  100976   0,62  antigravity
00:30:25     1000      9291     20,40      0,00 55435272  374472   2,31  chrome
00:30:25     1000      9342      2,20      0,00 55467700  213584   1,32  chrome
00:30:25     1000      9345      4,00      0,00 54976356  136144   0,84  chrome
00:30:25     1000      9359      1,20      0,00 55015792   62536   0,39  chrome
00:30:25     1000     76014      0,60      0,00 1518513820  343376   2,12  chrome
00:30:25     1000     76063      0,40      0,00 55006444   86720   0,53  chrome
00:30:25     1000    100678      5,20      0,00 4495476  204248   1,26  java

00:30:20      UID       PID   kB_rd/s   kB_wr/s kB_ccwr/s iodelay  Command
00:30:25     1000      4708      0,00      0,80      0,00       0  gnome-shell
00:30:25     1000      7244      0,00      0,80      0,00       0  antigravity
00:30:25     1000      9291      0,00     16,80      0,00       0  chrome
00:30:25     1000    100646      0,00      1,07      0,00       0  pidstat
00:30:25     1000    100678      0,00      1,60      0,00       0  java

00:30:25      UID       PID    %usr %system  %guest   %wait    %CPU   CPU  Command
00:30:30        0        16    0,00    0,20    0,00    0,00    0,20     0  ksoftirqd/0
00:30:30        0        57    0,00    0,20    0,00    0,00    0,20     6  ksoftirqd/6
00:30:30        0      1383    0,20    0,00    0,00    0,00    0,20     7  glances
00:30:30        0      1411    0,00    0,20    0,00    0,00    0,20     0  anydesk
00:30:30        0      1423    0,20    0,20    0,00    0,00    0,40     2  containerd
00:30:30        0      2310    0,40    0,20    0,00    0,00    0,60     0  dockerd
00:30:30      117      2312    0,80    0,20    0,00    0,00    1,00     3  grafana
00:30:30        0      2932    0,40    0,40    0,00    0,00    0,80     3  mount.ntfs-3g
00:30:30        0      2975    0,20    0,00    0,00    0,00    0,20     7  containerd-shim
00:30:30        0      2976    0,20    0,00    0,00    0,00    0,20     6  containerd-shim
00:30:30        0      2977    0,00    0,20    0,00    0,00    0,20     7  containerd-shim
00:30:30        0      2981    0,20    0,00    0,00    0,00    0,20     0  containerd-shim
00:30:30        0      2982    0,20    0,00    0,00    0,00    0,20     1  containerd-shim
00:30:30      999      3130    0,40    0,20    0,00    0,00    0,60     6  redis-server
00:30:30     1000      4708    0,80    0,60    0,00    0,00    1,40     5  gnome-shell
00:30:30     1000      6317    0,20    0,20    0,00    0,00    0,40     0  antigravity
00:30:30     1000      6339    0,60    0,00    0,00    0,00    0,60     0  gnome-terminal-
00:30:30     1000      6757    0,40    0,20    0,00    0,00    0,60     3  antigravity
00:30:30     1000      6820   13,60    0,20    0,00    0,00   13,80     3  antigravity
00:30:30     1000      7059    1,20    1,80    0,00    0,20    3,00     4  language_server
00:30:30     1000      7229    0,00    0,20    0,00    0,00    0,20     5  antigravity
00:30:30     1000      7244    8,60    0,80    0,00    0,00    9,40     6  antigravity
00:30:30     1000      7260    0,40    0,00    0,00    0,00    0,40     1  antigravity
00:30:30     1000      8267    1,60    1,40    0,00    0,00    3,00     7  language_server
00:30:30     1000      9291    0,20    0,00    0,00    0,00    0,20     2  chrome
00:30:30     1000      9390    0,20    0,00    0,00    0,00    0,20     5  chrome
00:30:30     1000      9519    0,20    0,00    0,00    0,00    0,20     1  chrome
00:30:30        0     99361    0,00    0,20    0,00    0,00    0,20     7  kworker/u32:3-kvfree_rcu_reclaim
00:30:30     1000    100646    0,20    0,20    0,00    0,00    0,40     0  pidstat
00:30:30     1000    100678    2,60    0,20    0,00    0,00    2,80     3  java

00:30:25      UID       PID  minflt/s  majflt/s     VSZ     RSS   %MEM  Command
00:30:30        0      1423      2,00      0,00 2463900   70424   0,43  containerd
00:30:30        0      2975      5,00      0,00 1235352   13444   0,08  containerd-shim
00:30:30        0      2976      2,20      0,00 1235608   14276   0,09  containerd-shim
00:30:30        0      2977      6,80      0,00 1235352   15016   0,09  containerd-shim
00:30:30        0      2981      6,80      0,00 1235608   14456   0,09  containerd-shim
00:30:30        0      2982      3,60      0,00 1235608   14848   0,09  containerd-shim
00:30:30     1000      4708      1,20      0,00 5458692  346792   2,14  gnome-shell
00:30:30     1000      6317     32,60      0,00 1461668528  315040   1,94  antigravity
00:30:30     1000      6757      8,20      0,00 34359564  170376   1,05  antigravity
00:30:30     1000      6771      0,60      0,00 33903964   81164   0,50  antigravity
00:30:30     1000      6820    387,60      0,00 1461417264  655136   4,04  antigravity
00:30:30     1000      7161      0,20      0,00 33951332   64332   0,40  antigravity
00:30:30     1000      7229      6,20      0,00 1461383544  129400   0,80  antigravity
00:30:30     1000      7244   1327,00      0,00 1461351324  288048   1,77  antigravity
00:30:30     1000      7258      5,60      0,00 1461347760  126024   0,78  antigravity
00:30:30     1000      7260     19,60      0,00 1461367100  163872   1,01  antigravity
00:30:30     1000      8356      5,40      0,00 1459530528  100976   0,62  antigravity
00:30:30     1000      9291      7,00      0,00 55435272  374472   2,31  chrome
00:30:30     1000      9342      4,40      0,00 55467700  213584   1,32  chrome
00:30:30     1000      9345      8,60      0,00 54976356  136144   0,84  chrome
00:30:30     1000      9359      0,60      0,00 55015792   62536   0,39  chrome
00:30:30     1000     76014      0,60      0,00 1518513820  343504   2,12  chrome
00:30:30     1000     76063      0,20      0,00 55006444   86720   0,53  chrome
00:30:30     1000    100678     17,60      0,00 4495476  204632   1,26  java

00:30:25      UID       PID   kB_rd/s   kB_wr/s kB_ccwr/s iodelay  Command
00:30:30     1000    100646      0,00      0,90      0,00       0  pidstat
00:30:30     1000    100678      0,00      0,06      0,00       0  java

00:30:30      UID       PID    %usr %system  %guest   %wait    %CPU   CPU  Command
00:30:35        0         1    0,20    0,00    0,00    0,00    0,20     4  systemd
00:30:35        0        86    0,00    0,20    0,00    0,00    0,20     1  irq/9-acpi
00:30:35        0       120    0,00    0,20    0,00    0,00    0,20     6  kworker/u33:0-i915_flip
00:30:35      990       903    1,00    0,20    0,00    0,00    1,20     0  dbus-daemon
00:30:35      115       930    1,20    0,40    0,00    0,00    1,60     7  prometheus-node
00:30:35      115       933    0,20    0,00    0,00    0,00    0,20     1  prometheus
00:30:35        0      1383    0,20    0,00    0,00    0,00    0,20     7  glances
00:30:35        0      1391    0,00    0,20    0,00    0,00    0,20     4  tailscaled
00:30:35        0      1423    0,40    0,20    0,00    0,00    0,60     2  containerd
00:30:35        0      2310    0,40    0,20    0,00    0,00    0,60     0  dockerd
00:30:35      117      2312    0,60    0,40    0,00    0,00    1,00     3  grafana
00:30:35        0      2932    0,60    0,00    0,00    0,00    0,60     0  mount.ntfs-3g
00:30:35        0      2976    0,00    0,20    0,00    0,00    0,20     6  containerd-shim
00:30:35        0      2977    0,20    0,00    0,00    0,00    0,20     7  containerd-shim
00:30:35        0      2982    0,00    0,20    0,00    0,00    0,20     1  containerd-shim
00:30:35      999      3130    0,40    0,00    0,00    0,00    0,40     6  redis-server
00:30:35     1000      4708    1,00    0,40    0,00    0,00    1,40     3  gnome-shell
00:30:35     1000      6339    0,80    0,00    0,00    0,00    0,80     0  gnome-terminal-
00:30:35     1000      6757    0,00    0,20    0,00    0,00    0,20     0  antigravity
00:30:35     1000      6820    1,80    0,20    0,00    0,00    2,00     4  antigravity
00:30:35     1000      7059    1,20    1,80    0,00    0,00    2,99     5  language_server
00:30:35     1000      7229    0,20    0,20    0,00    0,00    0,40     5  antigravity
00:30:35     1000      7244    1,80    0,60    0,00    0,00    2,40     1  antigravity
00:30:35     1000      7260    0,40    0,20    0,00    0,00    0,60     1  antigravity
00:30:35     1000      8267    1,60    1,40    0,00    0,00    2,99     7  language_server
00:30:35     1000      8356    0,20    0,00    0,00    0,00    0,20     5  antigravity
00:30:35     1000      9291    0,20    0,20    0,00    0,00    0,40     0  chrome
00:30:35     1000      9519    0,20    0,00    0,00    0,00    0,20     6  chrome
00:30:35     1000     91682    0,00    0,20    0,00    0,00    0,20     4  ssh
00:30:35     1000     98039    0,20    0,00    0,00    0,00    0,20     6  antigravity
00:30:35        0     99362    0,00    0,20    0,00    0,00    0,20     2  kworker/u32:5-kvfree_rcu_reclaim
00:30:35     1000    100646    0,20    0,20    0,00    0,00    0,40     7  pidstat
00:30:35     1000    100678    2,40    0,00    0,00    0,00    2,40     3  java

00:30:30      UID       PID  minflt/s  majflt/s     VSZ     RSS   %MEM  Command
00:30:35      115       930     68,06      0,00 1762312   25456   0,16  prometheus-node
00:30:35        0      1423      4,39      0,00 2463900   70424   0,43  containerd
00:30:35        0      2975     12,18      0,00 1235352   13700   0,08  containerd-shim
00:30:35        0      2976     13,17      0,00 1235608   14404   0,09  containerd-shim
00:30:35        0      2977      8,98      0,00 1235352   15016   0,09  containerd-shim
00:30:35        0      2981     10,98      0,00 1235608   14584   0,09  containerd-shim
00:30:35        0      2982     12,77      0,00 1235608   14976   0,09  containerd-shim
00:30:35     1000      4708      6,59      0,00 5458628  346792   2,14  gnome-shell
00:30:35     1000      6317     35,53      0,00 1461668528  315104   1,94  antigravity
00:30:35     1000      6757      5,59      0,00 34359308  169916   1,05  antigravity
00:30:35     1000      6771      1,20      0,00 33903964   81164   0,50  antigravity
00:30:35     1000      6820    156,29      0,00 1461417264  657428   4,05  antigravity
00:30:35     1000      7161      0,20      0,00 33951332   64332   0,40  antigravity
00:30:35     1000      7229    117,76      0,00 1461383544  129528   0,80  antigravity
00:30:35     1000      7244    520,76      0,00 1461351324  287100   1,77  antigravity
00:30:35     1000      7258      2,99      0,00 1461347760  126024   0,78  antigravity
00:30:35     1000      7260     18,36      0,00 1461367100  164128   1,01  antigravity
00:30:35     1000      8356      5,39      0,00 1459530528  100976   0,62  antigravity
00:30:35     1000      9291      6,99      0,00 55435272  374472   2,31  chrome
00:30:35     1000      9342      2,20      0,00 55467700  213584   1,32  chrome
00:30:35     1000      9345      3,99      0,00 54976356  136144   0,84  chrome
00:30:35     1000      9359      0,60      0,00 55015792   62536   0,39  chrome
00:30:35     1000     76014      0,40      0,00 1518513820  343504   2,12  chrome
00:30:35     1000     76063      0,20      0,00 55006444   86720   0,53  chrome
00:30:35     1000    100678     10,18      0,00 4495476  204888   1,26  java

00:30:30      UID       PID   kB_rd/s   kB_wr/s kB_ccwr/s iodelay  Command
00:30:35     1000      7244      0,00      0,80      0,00       0  antigravity
00:30:35     1000    100646      0,00      0,98      0,00       0  pidstat

00:30:35      UID       PID    %usr %system  %guest   %wait    %CPU   CPU  Command
00:30:40      115       933    0,20    0,00    0,00    0,00    0,20     1  prometheus
00:30:40        0      1391    0,20    0,00    0,00    0,00    0,20     4  tailscaled
00:30:40        0      1423    0,40    0,00    0,00    0,00    0,40     2  containerd
00:30:40      111      1503    0,20    0,00    0,00    0,00    0,20     7  mariadbd
00:30:40        0      2310    0,20    0,20    0,00    0,00    0,40     0  dockerd
00:30:40      117      2312    0,60    0,20    0,00    0,00    0,80     3  grafana
00:30:40        0      2932    0,40    0,40    0,00    0,00    0,80     6  mount.ntfs-3g
00:30:40      999      3130    0,20    0,20    0,00    0,20    0,40     5  redis-server
00:30:40     1000      4708    0,60    0,20    0,00    0,00    0,80     3  gnome-shell
00:30:40     1000      5107    0,00    0,20    0,00    0,00    0,20     3  anydesk
00:30:40     1000      6317    0,40    0,20    0,00    0,00    0,60     2  antigravity
00:30:40     1000      6339    0,40    0,00    0,00    0,00    0,40     2  gnome-terminal-
00:30:40     1000      6757    0,20    0,00    0,00    0,00    0,20     0  antigravity
00:30:40     1000      6820    1,20    0,20    0,00    0,00    1,40     5  antigravity
00:30:40     1000      7059    2,20    1,40    0,00    0,00    3,60     7  language_server
00:30:40     1000      7229    0,20    0,20    0,00    0,00    0,40     5  antigravity
00:30:40     1000      7244    1,60    0,40    0,00    0,00    2,00     4  antigravity
00:30:40     1000      7260    0,60    0,00    0,00    0,00    0,60     1  antigravity
00:30:40     1000      8267    1,20    1,80    0,00    0,00    3,00     7  language_server
00:30:40     1000      8356    0,00    0,20    0,00    0,00    0,20     5  antigravity
00:30:40     1000      9291    0,20    0,00    0,00    0,00    0,20     5  chrome
00:30:40     1000      9345    0,20    0,00    0,00    0,00    0,20     3  chrome
00:30:40     1000      9500    0,20    0,00    0,00    0,00    0,20     0  chrome
00:30:40     1000      9519    0,40    0,20    0,00    0,00    0,60     6  chrome
00:30:40        0     93905    0,00    0,20    0,00    0,00    0,20     1  kworker/u32:7-flush-8:0
00:30:40        0     97806    0,00    0,20    0,00    0,00    0,20     6  kworker/6:2-mm_percpu_wq
00:30:40     1000    100646    0,40    0,20    0,00    0,00    0,60     2  pidstat
00:30:40     1000    100678    1,40    0,20    0,00    0,00    1,60     3  java

00:30:35      UID       PID  minflt/s  majflt/s     VSZ     RSS   %MEM  Command
00:30:40        0      1391      1,00      0,00 1421316   90236   0,56  tailscaled
00:30:40        0      1423      7,40      0,00 2463900   70552   0,43  containerd
00:30:40        0      2975     12,20      0,00 1235352   13956   0,09  containerd-shim
00:30:40        0      2976     12,20      0,00 1235608   14788   0,09  containerd-shim
00:30:40        0      2977     15,60      0,00 1235352   15144   0,09  containerd-shim
00:30:40        0      2981     12,80      0,00 1235608   14712   0,09  containerd-shim
00:30:40        0      2982     13,00      0,00 1235608   15488   0,10  containerd-shim
00:30:40     1000      4708      0,20      0,00 5458564  346792   2,14  gnome-shell
00:30:40     1000      6317     37,40      0,00 1461668528  315040   1,94  antigravity
00:30:40     1000      6757      5,80      0,00 34359308  169916   1,05  antigravity
00:30:40     1000      6771      0,60      0,00 33903964   81164   0,50  antigravity
00:30:40     1000      6820    135,20      0,00 1461417264  659716   4,06  antigravity
00:30:40     1000      7161      0,40      0,00 33951332   64332   0,40  antigravity
00:30:40     1000      7229     96,80      0,00 1461383544  129528   0,80  antigravity
00:30:40     1000      7244    361,60      0,00 1461351324  287048   1,77  antigravity
00:30:40     1000      7258      3,00      0,00 1461347760  126024   0,78  antigravity
00:30:40     1000      7260     18,80      0,00 1461367100  164112   1,01  antigravity
00:30:40     1000      8356      5,40      0,00 1459530528  100976   0,62  antigravity
00:30:40     1000      9291     20,20      0,00 55435272  374328   2,31  chrome
00:30:40     1000      9342      2,20      0,00 55467700  213584   1,32  chrome
00:30:40     1000      9345      9,20      0,00 54976356  136144   0,84  chrome
00:30:40     1000      9359      0,60      0,00 55015792   62536   0,39  chrome
00:30:40     1000      9519    356,80      0,00 1518553976  364144   2,24  chrome
00:30:40     1000     76014      0,40      0,00 1518513820  343504   2,12  chrome
00:30:40     1000     76063      0,40      0,00 55006444   86720   0,53  chrome
00:30:40     1000    100678      4,00      0,00 4495476  204888   1,26  java

00:30:35      UID       PID   kB_rd/s   kB_wr/s kB_ccwr/s iodelay  Command
00:30:40     1000      9291      0,00      8,00      0,00       0  chrome
00:30:40     1000    100646      0,00      1,05      0,00       0  pidstat
00:30:40     1000    100678      0,00      1,60      0,00       0  java

00:30:40      UID       PID    %usr %system  %guest   %wait    %CPU   CPU  Command
00:30:45        0      1383    0,20    0,00    0,00    0,00    0,20     7  glances
00:30:45        0      1423    0,40    0,00    0,00    0,00    0,40     2  containerd
00:30:45        0      2310    0,40    0,20    0,00    0,00    0,60     0  dockerd
00:30:45      117      2312    0,60    0,20    0,00    0,00    0,80     3  grafana
00:30:45        0      2932    0,40    0,40    0,00    0,00    0,80     0  mount.ntfs-3g
00:30:45        0      2975    0,20    0,00    0,00    0,00    0,20     7  containerd-shim
00:30:45        0      2976    0,20    0,00    0,00    0,00    0,20     6  containerd-shim
00:30:45        0      2981    0,00    0,20    0,00    0,00    0,20     0  containerd-shim
00:30:45        0      2982    0,20    0,00    0,00    0,00    0,20     1  containerd-shim
00:30:45      999      3130    0,60    0,00    0,00    0,00    0,60     5  redis-server
00:30:45     1000      4708    1,20    0,40    0,00    0,00    1,60     5  gnome-shell
00:30:45     1000      6317    0,00    0,20    0,00    0,00    0,20     7  antigravity
00:30:45     1000      6339    0,60    0,00    0,00    0,00    0,60     2  gnome-terminal-
00:30:45     1000      6820    0,80    0,40    0,00    0,00    1,20     6  antigravity
00:30:45     1000      7059    1,80    1,20    0,00    0,00    3,00     0  language_server
00:30:45     1000      7229    0,20    0,20    0,00    0,00    0,40     5  antigravity
00:30:45     1000      7244   12,40    0,80    0,00    0,00   13,20     1  antigravity
00:30:45     1000      7260    0,60    0,00    0,00    0,00    0,60     4  antigravity
00:30:45     1000      8267    2,20    0,80    0,00    0,00    3,00     7  language_server
00:30:45     1000      8356    0,20    0,00    0,00    0,00    0,20     5  antigravity
00:30:45     1000      9291    0,20    0,00    0,00    0,00    0,20     5  chrome
00:30:45     1000      9519    0,20    0,00    0,00    0,00    0,20     6  chrome
00:30:45     1000    100646    0,20    0,40    0,00    0,00    0,60     2  pidstat
00:30:45     1000    100678    2,20    0,00    0,00    0,00    2,20     3  java

00:30:40      UID       PID  minflt/s  majflt/s     VSZ     RSS   %MEM  Command
00:30:45      115       933      3,40      0,00 2711492  111704   0,69  prometheus
00:30:45        0      1391      0,40      0,00 1421316   90236   0,56  tailscaled
00:30:45        0      1423      5,00      0,00 2463900   70552   0,43  containerd
00:30:45        0      2975     10,00      0,00 1235352   14212   0,09  containerd-shim
00:30:45        0      2976      5,00      0,00 1235608   14916   0,09  containerd-shim
00:30:45        0      2977      8,20      0,00 1235352   15400   0,09  containerd-shim
00:30:45        0      2981      3,40      0,00 1235608   14712   0,09  containerd-shim
00:30:45        0      2982      2,60      0,00 1235608   15488   0,10  containerd-shim
00:30:45     1000      4708      6,80      0,00 5458564  346792   2,14  gnome-shell
00:30:45     1000      6317     33,40      0,00 1461668528  315112   1,94  antigravity
00:30:45     1000      6757     24,60      0,00 34359308  170044   1,05  antigravity
00:30:45     1000      6771      0,60      0,00 33903964   81164   0,50  antigravity
00:30:45     1000      6820    155,60      0,00 1461417264  661436   4,07  antigravity
00:30:45     1000      7161      0,20      0,00 33951332   64332   0,40  antigravity
00:30:45     1000      7229     12,80      0,00 1461383544  129528   0,80  antigravity
00:30:45     1000      7244   4131,20      0,00 1461351324  344268   2,12  antigravity
00:30:45     1000      7258      2,60      0,00 1461347760  126024   0,78  antigravity
00:30:45     1000      7260     19,40      0,00 1461367100  163924   1,01  antigravity
00:30:45     1000      8356      5,20      0,00 1459530528  100844   0,62  antigravity
00:30:45     1000      9291      7,80      0,00 55435272  374328   2,31  chrome
00:30:45     1000      9342      2,20      0,00 55467700  213584   1,32  chrome
00:30:45     1000      9345      3,40      0,00 54976356  136144   0,84  chrome
00:30:45     1000      9359      1,20      0,00 55015792   62536   0,39  chrome
00:30:45     1000     76014      0,40      0,00 1518513820  343504   2,12  chrome
00:30:45     1000     76063      0,20      0,00 55006444   86720   0,53  chrome
00:30:45     1000    100678     59,20      0,00 4495476  206040   1,27  java

00:30:40      UID       PID   kB_rd/s   kB_wr/s kB_ccwr/s iodelay  Command
00:30:45     1000      7244      0,00      1,60      0,00       0  antigravity
00:30:45     1000      9291      0,00      3,20      0,00       0  chrome
00:30:45     1000    100646      0,00      0,99      0,00       0  pidstat

00:30:45      UID       PID    %usr %system  %guest   %wait    %CPU   CPU  Command
00:30:50        0         1    0,00    0,20    0,00    0,00    0,20     4  systemd
00:30:50        0        80    0,00    0,20    0,00    0,00    0,20     2  kcompactd0
00:30:50        0        86    0,00    0,20    0,00    0,00    0,20     1  irq/9-acpi
00:30:50      990       903    0,80    0,00    0,00    0,00    0,80     3  dbus-daemon
00:30:50      986       924    0,20    0,00    0,00    0,00    0,20     6  polkitd
00:30:50      115       930    1,00    0,60    0,00    0,00    1,60     7  prometheus-node
00:30:50      115       933    0,20    0,00    0,00    0,00    0,20     1  prometheus
00:30:50        0      1383    0,00    0,20    0,00    0,00    0,20     7  glances
00:30:50        0      1391    0,20    0,00    0,00    0,00    0,20     4  tailscaled
00:30:50        0      1423    0,20    0,00    0,00    0,00    0,20     2  containerd
00:30:50        0      2310    0,60    0,20    0,00    0,00    0,80     0  dockerd
00:30:50      117      2312    0,20    0,60    0,00    0,00    0,80     3  grafana
00:30:50        0      2932    0,20    0,20    0,00    0,00    0,40     6  mount.ntfs-3g
00:30:50        0      2977    0,20    0,20    0,00    0,00    0,40     7  containerd-shim
00:30:50      999      3130    0,40    0,00    0,00    0,00    0,40     6  redis-server
00:30:50     1000      4708    0,60    0,20    0,00    0,00    0,80     3  gnome-shell
00:30:50     1000      6317    0,40    0,00    0,00    0,00    0,40     2  antigravity
00:30:50     1000      6339    0,60    0,20    0,00    0,00    0,80     2  gnome-terminal-
00:30:50     1000      6757    0,20    0,00    0,00    0,00    0,20     1  antigravity
00:30:50     1000      6820    1,20    0,20    0,00    0,00    1,40     5  antigravity
00:30:50     1000      7059    3,00    1,20    0,00    0,00    4,20     5  language_server
00:30:50     1000      7229    0,20    0,00    0,00    0,00    0,20     5  antigravity
00:30:50     1000      7244    1,60    0,60    0,00    0,00    2,20     1  antigravity
00:30:50     1000      7260    0,20    0,20    0,00    0,00    0,40     1  antigravity
00:30:50     1000      8267    2,20    0,80    0,00    0,00    3,00     7  language_server
00:30:50     1000      9291    0,20    0,00    0,00    0,00    0,20     0  chrome
00:30:50     1000      9519    0,20    0,00    0,00    0,00    0,20     7  chrome
00:30:50        0     98978    0,20    0,00    0,00    0,00    0,20     0  kworker/0:1-mm_percpu_wq
00:30:50     1000    100646    0,00    0,20    0,00    0,00    0,20     2  pidstat
00:30:50     1000    100678    2,00    0,20    0,00    0,00    2,20     3  java

00:30:45      UID       PID  minflt/s  majflt/s     VSZ     RSS   %MEM  Command
00:30:50      115       930     78,00      0,00 1762312   25772   0,16  prometheus-node
00:30:50      115       933     13,20      0,00 2711492  111960   0,69  prometheus
00:30:50        0      1423      0,40      0,00 2463900   70552   0,43  containerd
00:30:50        0      2975      8,60      0,00 1235352   14468   0,09  containerd-shim
00:30:50        0      2976      1,60      0,00 1235608   15044   0,09  containerd-shim
00:30:50        0      2977      9,20      0,00 1235352   15656   0,10  containerd-shim
00:30:50        0      2982      1,20      0,00 1235608   15488   0,10  containerd-shim
00:30:50     1000      4708      0,80      0,00 5458628  346792   2,14  gnome-shell
00:30:50     1000      6317     32,80      0,00 1461668528  315124   1,94  antigravity
00:30:50     1000      6757      8,00      0,00 34359308  170032   1,05  antigravity
00:30:50     1000      6771      0,60      0,00 33903964   81164   0,50  antigravity
00:30:50     1000      6820    137,60      0,00 1461417264  663868   4,09  antigravity
00:30:50     1000      7059      0,00      0,00 4910056  363928   2,24  language_server
00:30:50     1000      7161      0,20      0,00 33951332   64332   0,40  antigravity
00:30:50     1000      7229      2,60      0,00 1461383544  129528   0,80  antigravity
00:30:50     1000      7244    278,80      0,00 1461351324  344500   2,12  antigravity
00:30:50     1000      7258      6,00      0,00 1461347760  125896   0,78  antigravity
00:30:50     1000      7260     21,00      0,00 1461367100  164052   1,01  antigravity
00:30:50     1000      8356      5,00      0,00 1459530528  100844   0,62  antigravity
00:30:50     1000      9291      7,00      0,00 55435272  374328   2,31  chrome
00:30:50     1000      9342      4,40      0,00 55467700  213584   1,32  chrome
00:30:50     1000      9345      8,60      0,00 54976356  136144   0,84  chrome
00:30:50     1000      9359      0,60      0,00 55015792   62536   0,39  chrome
00:30:50     1000     76014      0,40      0,00 1518513820  343504   2,12  chrome
00:30:50     1000     76063      0,20      0,00 55006444   86720   0,53  chrome
00:30:50     1000    100678      5,40      0,00 4495476  206168   1,27  java

00:30:45      UID       PID   kB_rd/s   kB_wr/s kB_ccwr/s iodelay  Command
00:30:50     1000    100646      0,00      0,93      0,00       0  pidstat
00:30:50     1000    100678      0,00      1,62      0,00       0  java

Rata-rata:    UID       PID    %usr %system  %guest   %wait    %CPU   CPU  Command
Rata-rata:      0         1    0,08    0,03    0,00    0,00    0,11     -  systemd
Rata-rata:      0        16    0,00    0,02    0,00    0,00    0,02     -  ksoftirqd/0
Rata-rata:      0        17    0,00    0,03    0,00    0,05    0,03     -  rcu_preempt
Rata-rata:      0        57    0,00    0,02    0,00    0,00    0,02     -  ksoftirqd/6
Rata-rata:      0        80    0,00    0,02    0,00    0,00    0,02     -  kcompactd0
Rata-rata:      0        86    0,00    0,06    0,00    0,00    0,06     -  irq/9-acpi
Rata-rata:      0       120    0,00    0,03    0,00    0,00    0,03     -  kworker/u33:0-i915_flip
Rata-rata:      0       224    0,00    0,02    0,00    0,00    0,02     -  kworker/5:1H-kblockd
Rata-rata:      0       408    0,00    0,02    0,00    0,00    0,02     -  systemd-udevd
Rata-rata:    990       903    0,31    0,05    0,00    0,00    0,35     -  dbus-daemon
Rata-rata:    986       924    0,02    0,00    0,00    0,00    0,02     -  polkitd
Rata-rata:    115       930    0,40    0,23    0,00    0,00    0,63     -  prometheus-node
Rata-rata:    115       933    0,14    0,02    0,00    0,00    0,15     -  prometheus
Rata-rata:      0      1079    0,02    0,00    0,00    0,00    0,02     -  NetworkManager
Rata-rata:      0      1383    0,11    0,03    0,00    0,00    0,14     -  glances
Rata-rata:      0      1391    0,12    0,06    0,00    0,00    0,18     -  tailscaled
Rata-rata:      0      1411    0,00    0,02    0,00    0,00    0,02     -  anydesk
Rata-rata:      0      1423    0,37    0,11    0,00    0,00    0,48     -  containerd
Rata-rata:    111      1503    0,02    0,00    0,00    0,00    0,02     -  mariadbd
Rata-rata:      0      2310    0,40    0,22    0,00    0,00    0,62     -  dockerd
Rata-rata:    117      2312    0,69    0,28    0,00    0,00    0,97     -  grafana
Rata-rata:      0      2932    0,40    0,28    0,00    0,00    0,68     -  mount.ntfs-3g
Rata-rata:      0      2975    0,08    0,03    0,00    0,00    0,11     -  containerd-shim
Rata-rata:      0      2976    0,06    0,05    0,00    0,00    0,11     -  containerd-shim
Rata-rata:      0      2977    0,06    0,08    0,00    0,00    0,14     -  containerd-shim
Rata-rata:      0      2981    0,06    0,05    0,00    0,00    0,11     -  containerd-shim
Rata-rata:      0      2982    0,08    0,05    0,00    0,00    0,12     -  containerd-shim
Rata-rata:    999      3130    0,37    0,06    0,00    0,02    0,43     -  redis-server
Rata-rata:     70      3567    0,00    0,02    0,00    0,00    0,02     -  postgres
Rata-rata:   1000      4549    0,03    0,00    0,00    0,02    0,03     -  systemd
Rata-rata:   1000      4569    0,02    0,00    0,00    0,00    0,02     -  dbus-daemon
Rata-rata:   1000      4570    0,03    0,02    0,00    0,00    0,05     -  pipewire
Rata-rata:   1000      4573    0,03    0,00    0,00    0,00    0,03     -  wireplumber
Rata-rata:   1000      4574    0,02    0,00    0,00    0,00    0,02     -  pipewire-pulse
Rata-rata:   1000      4708    1,43    0,49    0,00    0,02    1,92     -  gnome-shell
Rata-rata:   1000      5021    0,00    0,02    0,00    0,00    0,02     -  gsd-housekeepin
Rata-rata:   1000      5039    0,02    0,00    0,00    0,00    0,02     -  gsd-media-keys
Rata-rata:   1000      5043    0,02    0,00    0,00    0,00    0,02     -  gnome-software
Rata-rata:   1000      5055    0,02    0,02    0,00    0,00    0,03     -  gsd-sharing
Rata-rata:   1000      5107    0,00    0,02    0,00    0,00    0,02     -  anydesk
Rata-rata:   1000      5331    0,00    0,02    0,00    0,00    0,02     -  goa-daemon
Rata-rata:   1000      5504    0,02    0,00    0,00    0,00    0,02     -  xdg-desktop-por
Rata-rata:      0      5954    0,02    0,00    0,00    0,00    0,02     -  fwupd
Rata-rata:   1000      6317    0,29    0,12    0,00    0,02    0,42     -  antigravity
Rata-rata:   1000      6339    0,60    0,03    0,00    0,00    0,63     -  gnome-terminal-
Rata-rata:   1000      6757    0,43    0,15    0,00    0,02    0,58     -  antigravity
Rata-rata:   1000      6820    4,43    0,28    0,00    0,02    4,71     -  antigravity
Rata-rata:   1000      7059    1,69    1,46    0,00    0,03    3,15     -  language_server
Rata-rata:   1000      7161    0,02    0,00    0,00    0,00    0,02     -  antigravity
Rata-rata:   1000      7229    0,20    0,15    0,00    0,02    0,35     -  antigravity
Rata-rata:   1000      7244    2,94    0,55    0,00    0,02    3,49     -  antigravity
Rata-rata:   1000      7260    0,66    0,11    0,00    0,00    0,77     -  antigravity
Rata-rata:   1000      8267    1,81    1,28    0,00    0,00    3,09     -  language_server
Rata-rata:   1000      8356    0,08    0,03    0,00    0,00    0,11     -  antigravity
Rata-rata:   1000      9291    0,17    0,05    0,00    0,00    0,22     -  chrome
Rata-rata:   1000      9342    0,02    0,00    0,00    0,00    0,02     -  chrome
Rata-rata:   1000      9345    0,03    0,02    0,00    1,54    0,05     -  chrome
Rata-rata:   1000      9359    0,00    0,02    0,00    0,00    0,02     -  chrome
Rata-rata:   1000      9390    0,02    0,02    0,00    1,54    0,03     -  chrome
Rata-rata:   1000      9500    0,02    0,00    0,00    0,00    0,02     -  chrome
Rata-rata:   1000      9519    0,17    0,05    0,00    0,00    0,22     -  chrome
Rata-rata:   1000     76014    0,02    0,00    0,00    0,00    0,02     -  chrome
Rata-rata:   1000     76025    0,02    0,00    0,00    0,00    0,02     -  chrome
Rata-rata:   1000     76063    0,00    0,02    0,00    1,54    0,02     -  chrome
Rata-rata:   1000     91682    0,02    0,02    0,00    0,00    0,03     -  ssh
Rata-rata:      0     93905    0,00    0,03    0,00    0,00    0,03     -  kworker/u32:7-events_unbound
Rata-rata:      0     95637    0,00    0,02    0,00    0,02    0,02     -  kworker/3:0-events
Rata-rata:      0     97806    0,00    0,06    0,00    0,08    0,06     -  kworker/6:2-i915-unordered
Rata-rata:      0     97830    0,02    0,00    0,00    0,00    0,02     -  kworker/7:0-mm_percpu_wq
Rata-rata:   1000     98039    0,05    0,00    0,00    0,00    0,05     -  antigravity
Rata-rata:      0     98834    0,02    0,00    0,00    0,02    0,02     -  kworker/2:0-events
Rata-rata:      0     98978    0,03    0,00    0,00    0,02    0,03     -  kworker/0:1-mm_percpu_wq
Rata-rata:      0     99318    0,02    0,00    0,00    0,02    0,02     -  kworker/5:0-mm_percpu_wq
Rata-rata:      0     99361    0,00    0,02    0,00    0,00    0,02     -  kworker/u32:3-kvfree_rcu_reclaim
Rata-rata:      0     99362    0,00    0,02    0,00    0,00    0,02     -  kworker/u32:5-kvfree_rcu_reclaim
Rata-rata:      0    100094    0,02    0,00    0,00    0,00    0,02     -  kworker/1:2-events
Rata-rata:   1000    100646    0,18    0,26    0,00    0,00    0,45     -  pidstat
Rata-rata:   1000    100678    8,26    0,45    0,00    0,00    8,70     -  java

Rata-rata:    UID       PID  minflt/s  majflt/s     VSZ     RSS   %MEM  Command
Rata-rata:      0         1      0,02      0,00   24652   14916   0,09  systemd
Rata-rata:      0       376      3,52      0,00  188968  108308   0,67  systemd-journal
Rata-rata:      0       408      7,50      0,00   37544   10908   0,07  systemd-udevd
Rata-rata:    115       930     31,06      0,00 1762312   25566   0,16  prometheus-node
Rata-rata:    115       933      1,28      0,00 2711492  111724   0,69  prometheus
Rata-rata:      0      1391      2,20      0,00 1421316   90236   0,56  tailscaled
Rata-rata:      0      1423      2,64      0,00 2463900   70617   0,44  containerd
Rata-rata:    114      1526      0,29      0,00  218252   29568   0,18  postgres
Rata-rata:      0      2310      0,05      0,00 3498856  111652   0,69  dockerd
Rata-rata:    117      2312      0,18      0,00 1765300  349640   2,15  grafana
Rata-rata:      0      2975      8,41      0,00 1235352   13847   0,09  containerd-shim
Rata-rata:      0      2976      6,87      0,00 1235608   14696   0,09  containerd-shim
Rata-rata:      0      2977      7,81      0,00 1235352   15373   0,09  containerd-shim
Rata-rata:      0      2981      6,84      0,00 1235608   14705   0,09  containerd-shim
Rata-rata:      0      2982      5,90      0,00 1235608   15169   0,09  containerd-shim
Rata-rata:     70      3117      0,34      0,00  174540   25424   0,16  postgres
Rata-rata:      0      3144      0,02      0,00  743676   80044   0,49  node
Rata-rata:   1000      4570      2,88      0,00  104165   14699   0,09  pipewire
Rata-rata:   1000      4574      2,92      0,00  110852   15677   0,10  pipewire-pulse
Rata-rata:   1000      4708      4,27      0,00 5458667  346830   2,14  gnome-shell
Rata-rata:   1000      5504      0,02      0,00  778332   19920   0,12  xdg-desktop-por
Rata-rata:      0      5954      0,02      0,00  370168   46692   0,29  fwupd
Rata-rata:   1000      6317     35,65      0,00 1461668528  315050   1,94  antigravity
Rata-rata:   1000      6757     18,71      0,00 34361442  169919   1,05  antigravity
Rata-rata:   1000      6771      0,74      0,00 33903964   81164   0,50  antigravity
Rata-rata:   1000      6820    235,88      0,00 1461417264  661197   4,07  antigravity
Rata-rata:   1000      7059      0,00      0,00 4910056  364570   2,25  language_server
Rata-rata:   1000      7161      0,25      0,00 33951332   64332   0,40  antigravity
Rata-rata:   1000      7229     63,46      0,00 1461383544  129443   0,80  antigravity
Rata-rata:   1000      7244    720,44      0,00 1461351324  342818   2,11  antigravity
Rata-rata:   1000      7258      3,86      0,00 1461347760  126014   0,78  antigravity
Rata-rata:   1000      7260     18,47      0,00 1461367100  164029   1,01  antigravity
Rata-rata:   1000      8356      5,27      0,00 1459530528  100956   0,62  antigravity
Rata-rata:   1000      9291     10,99      0,00 55435272  374460   2,31  chrome
Rata-rata:   1000      9342      2,88      0,00 55467700  213584   1,32  chrome
Rata-rata:   1000      9345      5,97      0,00 54976356  136144   0,84  chrome
Rata-rata:   1000      9359      0,74      0,00 55015792   62536   0,39  chrome
Rata-rata:   1000      9519     27,45      0,00 1518553976  357833   2,20  chrome
Rata-rata:   1000     76014      0,46      0,00 1518513820  343356   2,12  chrome
Rata-rata:   1000     76063      0,26      0,00 55006444   86720   0,53  chrome
Rata-rata:   1000     99008      0,95      0,00    7664    3936   0,02  bash
Rata-rata:   1000    100646      0,65      0,00    6223    5088   0,03  pidstat
Rata-rata:   1000    100647      0,32      0,00    2676    1792   0,01  jmeter
Rata-rata:   1000    100678    391,93      0,00 4495476  203785   1,26  java

Rata-rata:    UID       PID   kB_rd/s   kB_wr/s kB_ccwr/s iodelay  Command
Rata-rata:   1000      4573      0,00      0,06      0,00       0  wireplumber
Rata-rata:   1000      4708      0,00      5,90      0,00       0  gnome-shell
Rata-rata:   1000      7244      0,00      0,49      0,00       0  antigravity
Rata-rata:   1000      9291      0,00      2,58      0,00       0  chrome
Rata-rata:   1000      9345      0,00      1,54      0,00       0  chrome
Rata-rata:   1000     99008      0,00     13,91      5,84       0  bash
Rata-rata:   1000    100646      0,00      0,98      0,00       0  pidstat
Rata-rata:   1000    100678      0,00      0,80      0,00       0  java
