Linux 6.12.94+deb13-amd64 (debian) 	24/06/26 	_x86_64_	(8 CPU)

19:09:25      UID       PID    %usr %system  %guest   %wait    %CPU   CPU  Command
19:09:31        0      1457    0,20    0,00    0,00    0,00    0,20     5  glances
19:09:31        0      1468    0,40    0,00    0,00    0,00    0,40     6  tailscaled
19:09:31        0      1489    0,20    0,40    0,00    0,00    0,60     4  containerd
19:09:31        0      2351    0,20    0,20    0,00    0,00    0,40     3  dockerd
19:09:31      117      2352    0,60    0,40    0,00    0,00    0,99     4  grafana
19:09:31        0      3170    0,20    0,20    0,00    0,00    0,40     4  mount.ntfs-3g
19:09:31        0      3207    0,20    0,00    0,00    0,00    0,20     6  containerd-shim
19:09:31        0      3240    0,20    0,00    0,00    0,00    0,20     1  containerd-shim
19:09:31        0      3246    0,00    0,20    0,00    0,00    0,20     0  containerd-shim
19:09:31      999      3405    0,40    0,00    0,00    0,20    0,40     2  redis-server
19:09:31     1000      9024    1,59    0,00    0,00    0,00    1,59     1  gnome-shell
19:09:31     1000      9700    0,80    0,40    0,00    0,00    1,19     4  antigravity
19:09:31     1000      9756    1,19    0,20    0,00    0,00    1,39     4  antigravity
19:09:31     1000      9830    7,75    0,20    0,00    0,00    7,95     0  antigravity
19:09:31     1000     10074    1,19    1,19    0,00    0,20    2,39     5  language_server
19:09:31     1000     10121    0,40    0,40    0,00    0,20    0,80     2  antigravity
19:09:31     1000     10122    0,80    0,20    0,00    0,00    0,99     6  antigravity
19:09:31     1000     10187    2,58    0,20    0,00    0,00    2,78     6  antigravity
19:09:31     1000     11152    1,39    0,99    0,00    0,00    2,39     4  language_server
19:09:31     1000     41144    0,20    0,20    0,00    0,00    0,40     4  pidstat
19:09:31     1000     41175  107,55    6,56    0,00    0,00  114,12     2  java

19:09:25      UID       PID  minflt/s  majflt/s     VSZ     RSS   %MEM  Command
19:09:31        0      1489      2,39      0,00 2242640   65580   0,40  containerd
19:09:31        0      3207     15,11      0,00 1235608   15172   0,09  containerd-shim
19:09:31        0      3227     11,13      0,00 1235352   14240   0,09  containerd-shim
19:09:31        0      3240     11,93      0,00 1235608   15328   0,09  containerd-shim
19:09:31        0      3246     12,33      0,00 1235608   15292   0,09  containerd-shim
19:09:31        0      3261     10,54      0,00 1235608   15460   0,10  containerd-shim
19:09:31       70      3383      4,37      0,00  174540   26160   0,16  postgres
19:09:31     1000      9024      0,20      0,00 4672668  275372   1,70  gnome-shell
19:09:31     1000      9700     46,32      0,00 1461692876  303808   1,87  antigravity
19:09:31     1000      9756      7,95      0,00 34341052  165264   1,02  antigravity
19:09:31     1000      9767      1,19      0,00 33906012   82040   0,51  antigravity
19:09:31     1000      9830    344,33      0,00 1461371884  489860   3,02  antigravity
19:09:31     1000     10109      0,40      0,00 33951332   64948   0,40  antigravity
19:09:31     1000     10121    151,89      0,00 1461391740  127988   0,79  antigravity
19:09:31     1000     10122     59,64      0,00 1461343128  276188   1,70  antigravity
19:09:31     1000     10186      2,98      0,00 1478124976  122768   0,76  antigravity
19:09:31     1000     10187     30,62      0,00 1461358904  159040   0,98  antigravity
19:09:31     1000     29312      0,20      0,00 1459530528   88440   0,54  antigravity
19:09:31     1000     41144      0,80      0,00    5920    4844   0,03  pidstat
19:09:31     1000     41145      4,17      0,00    2676    1764   0,01  jmeter
19:09:31     1000     41175   8834,99      0,00 6506524  267068   1,65  java

19:09:25      UID       PID   kB_rd/s   kB_wr/s kB_ccwr/s iodelay  Command
19:09:31     1000     41175      0,00      2,15      0,00       0  java

19:09:31      UID       PID    %usr %system  %guest   %wait    %CPU   CPU  Command
19:09:36        0         1    0,00    0,20    0,00    0,00    0,20     3  systemd
19:09:36        0        86    0,00    0,20    0,00    0,00    0,20     0  irq/9-acpi
19:09:36      990       905    0,60    0,00    0,00    0,00    0,60     0  dbus-daemon
19:09:36      115       926    1,00    0,60    0,00    0,00    1,60     2  prometheus-node
19:09:36      115       927    0,40    0,00    0,00    0,00    0,40     3  prometheus
19:09:36        0      1457    0,20    0,00    0,00    0,00    0,20     5  glances
19:09:36        0      1489    0,40    0,00    0,00    0,00    0,40     4  containerd
19:09:36        0      2351    0,60    0,00    0,00    0,00    0,60     3  dockerd
19:09:36      117      2352    0,20    0,60    0,00    0,00    0,80     7  grafana
19:09:36        0      3170    0,20    0,20    0,00    0,00    0,40     6  mount.ntfs-3g
19:09:36        0      3227    0,20    0,00    0,00    0,00    0,20     3  containerd-shim
19:09:36        0      3246    0,00    0,20    0,00    0,00    0,20     0  containerd-shim
19:09:36      999      3405    0,40    0,20    0,00    0,00    0,60     2  redis-server
19:09:36     1000      9024    1,00    0,20    0,00    0,00    1,20     1  gnome-shell
19:09:36     1000      9700    0,20    0,00    0,00    0,00    0,20     5  antigravity
19:09:36     1000      9756    0,20    0,00    0,00    0,00    0,20     4  antigravity
19:09:36     1000      9830    0,60    0,20    0,00    0,00    0,80     3  antigravity
19:09:36     1000     10074    1,40    1,20    0,00    0,00    2,60     5  language_server
19:09:36     1000     10121    0,20    0,20    0,00    0,00    0,40     0  antigravity
19:09:36     1000     10122    0,80    0,40    0,00    0,00    1,20     7  antigravity
19:09:36     1000     10187    0,40    0,20    0,00    0,00    0,60     0  antigravity
19:09:36     1000     11152    1,40    1,80    0,00    0,00    3,20     4  language_server
19:09:36        0     40851    0,20    0,00    0,00    0,00    0,20     7  kworker/7:1-events
19:09:36     1000     41144    0,00    0,20    0,00    0,00    0,20     4  pidstat
19:09:36     1000     41175    2,80    0,60    0,00    0,00    3,40     2  java

19:09:31      UID       PID  minflt/s  majflt/s     VSZ     RSS   %MEM  Command
19:09:36        0         1      2,60      0,00   24596   15460   0,10  systemd
19:09:36      115       926     93,00      0,00 1687812   25276   0,16  prometheus-node
19:09:36        0      1489      3,60      0,00 2242640   65580   0,40  containerd
19:09:36        0      3207     12,40      0,00 1235608   15300   0,09  containerd-shim
19:09:36        0      3227     14,00      0,00 1235352   14496   0,09  containerd-shim
19:09:36        0      3240     12,20      0,00 1235608   15456   0,10  containerd-shim
19:09:36        0      3246     13,00      0,00 1235608   15548   0,10  containerd-shim
19:09:36        0      3261     10,40      0,00 1235608   15716   0,10  containerd-shim
19:09:36     1000      9024      6,80      0,00 4672668  275372   1,70  gnome-shell
19:09:36     1000      9700     34,20      0,00 1461692876  303804   1,87  antigravity
19:09:36     1000      9756      3,80      0,00 34328508  165136   1,02  antigravity
19:09:36     1000      9767      0,60      0,00 33906012   82040   0,51  antigravity
19:09:36     1000      9830     75,20      0,00 1461371884  489564   3,02  antigravity
19:09:36     1000     10109      0,20      0,00 33951332   64948   0,40  antigravity
19:09:36     1000     10121     95,60      0,00 1461391740  127988   0,79  antigravity
19:09:36     1000     10122     43,00      0,00 1461343128  275584   1,70  antigravity
19:09:36     1000     10186      6,00      0,00 1478124976  122768   0,76  antigravity
19:09:36     1000     10187      9,00      0,00 1461358904  159028   0,98  antigravity
19:09:36     1000     41175     16,00      0,00 6506524  267324   1,65  java

19:09:31      UID       PID   kB_rd/s   kB_wr/s kB_ccwr/s iodelay  Command
19:09:36     1000     41144      0,00      0,77      0,00       0  pidstat
19:09:36     1000     41175      0,00      0,21      0,00       0  java

19:09:36      UID       PID    %usr %system  %guest   %wait    %CPU   CPU  Command
19:09:41        0      1457    0,20    0,00    0,00    0,00    0,20     5  glances
19:09:41        0      1468    0,00    0,20    0,00    0,00    0,20     6  tailscaled
19:09:41        0      1489    0,20    0,20    0,00    0,00    0,40     4  containerd
19:09:41      111      1556    0,20    0,00    0,00    0,00    0,20     5  mariadbd
19:09:41        0      2351    0,40    0,00    0,00    0,00    0,40     3  dockerd
19:09:41      117      2352    0,60    0,40    0,00    0,00    1,00     7  grafana
19:09:41        0      3170    0,00    0,20    0,00    0,00    0,20     0  mount.ntfs-3g
19:09:41        0      3207    0,20    0,00    0,00    0,00    0,20     6  containerd-shim
19:09:41        0      3240    0,00    0,20    0,00    0,00    0,20     1  containerd-shim
19:09:41        0      3261    0,20    0,20    0,00    0,00    0,40     3  containerd-shim
19:09:41      999      3405    0,40    0,00    0,00    0,00    0,40     3  redis-server
19:09:41     1000      9024    0,40    0,00    0,00    0,00    0,40     1  gnome-shell
19:09:41     1000      9700    0,00    0,20    0,00    0,00    0,20     6  antigravity
19:09:41     1000      9756    0,20    0,00    0,00    0,00    0,20     4  antigravity
19:09:41     1000      9830    0,60    0,20    0,00    0,00    0,80     3  antigravity
19:09:41     1000     10074    1,60    1,20    0,00    0,00    2,80     2  language_server
19:09:41     1000     10121    0,60    0,00    0,00    0,00    0,60     1  antigravity
19:09:41     1000     10122    0,60    0,20    0,00    0,00    0,80     0  antigravity
19:09:41     1000     10187    0,40    0,00    0,00    0,00    0,40     6  antigravity
19:09:41     1000     11152    1,80    1,20    0,00    0,00    3,00     4  language_server
19:09:41     1000     41144    0,00    0,40    0,00    0,00    0,40     4  pidstat
19:09:41     1000     41175    2,80    0,80    0,00    0,00    3,60     2  java

19:09:36      UID       PID  minflt/s  majflt/s     VSZ     RSS   %MEM  Command
19:09:41        0       381      0,20      0,00  136916   83032   0,51  systemd-journal
19:09:41        0      3207      2,00      0,00 1235608   15300   0,09  containerd-shim
19:09:41        0      3240      4,20      0,00 1235608   15584   0,10  containerd-shim
19:09:41        0      3246     10,60      0,00 1235608   15804   0,10  containerd-shim
19:09:41        0      3261      1,00      0,00 1235608   15716   0,10  containerd-shim
19:09:41     1000      9024      0,20      0,00 4672668  275372   1,70  gnome-shell
19:09:41     1000      9700     36,40      0,00 1461692876  303700   1,87  antigravity
19:09:41     1000      9756      1,00      0,00 34328508  165136   1,02  antigravity
19:09:41     1000      9767      0,60      0,00 33906012   82040   0,51  antigravity
19:09:41     1000      9830     55,40      0,00 1461371884  490076   3,02  antigravity
19:09:41     1000     10109      0,20      0,00 33951332   64948   0,40  antigravity
19:09:41     1000     10121     12,60      0,00 1461391740  127988   0,79  antigravity
19:09:41     1000     10122     18,20      0,00 1461343128  275580   1,70  antigravity
19:09:41     1000     10186      3,00      0,00 1478124976  122768   0,76  antigravity
19:09:41     1000     10187      2,80      0,00 1461358904  159028   0,98  antigravity
19:09:41     1000     41175     19,80      0,00 6506524  267580   1,65  java

19:09:36      UID       PID   kB_rd/s   kB_wr/s kB_ccwr/s iodelay  Command
19:09:41     1000     41144      0,00      0,82      0,00       0  pidstat
19:09:41     1000     41175      0,00      0,17      0,00       0  java

19:09:41      UID       PID    %usr %system  %guest   %wait    %CPU   CPU  Command
19:09:46        0         1    0,40    0,00    0,00    0,00    0,40     3  systemd
19:09:46        0       381    0,20    0,00    0,00    0,00    0,20     6  systemd-journal
19:09:46        0       413    0,20    0,20    0,00    0,00    0,40     3  systemd-udevd
19:09:46      990       905    0,60    0,00    0,00    0,00    0,60     2  dbus-daemon
19:09:46      986       922    0,20    0,00    0,00    0,00    0,20     2  polkitd
19:09:46        0       936    0,00    0,20    0,00    0,00    0,20     6  systemd-logind
19:09:46        0      1052    0,20    0,00    0,00    0,00    0,20     3  NetworkManager
19:09:46        0      1468    0,40    0,00    0,00    0,00    0,40     6  tailscaled
19:09:46        0      1489    0,80    0,20    0,00    0,00    1,00     4  containerd
19:09:46        0      2351    0,60    0,80    0,00    0,00    1,40     3  dockerd
19:09:46      117      2352    1,00    0,00    0,00    0,00    1,00     2  grafana
19:09:46        0      3170    0,20    0,20    0,00    0,00    0,40     6  mount.ntfs-3g
19:09:46        0      3227    0,20    0,00    0,00    0,00    0,20     3  containerd-shim
19:09:46        0      3240    0,20    0,00    0,00    0,00    0,20     1  containerd-shim
19:09:46        0      3246    0,00    0,20    0,00    0,00    0,20     0  containerd-shim
19:09:46      999      3405    0,60    0,00    0,00    0,00    0,60     1  redis-server
19:09:46     1000      8864    0,40    0,00    0,00    0,00    0,40     5  systemd
19:09:46     1000      8888    0,20    0,00    0,00    0,80    0,20     3  dbus-daemon
19:09:46     1000      9024    1,20    0,00    0,00    0,20    1,20     3  gnome-shell
19:09:46     1000      9162    0,20    0,00    0,00    0,00    0,20     3  gsd-sharing
19:09:46     1000      9166    0,20    0,00    0,00    0,00    0,20     1  gnome-software
19:09:46     1000      9366    0,20    0,00    0,00    0,00    0,20     3  goa-daemon
19:09:46     1000      9454    0,20    0,00    0,00    0,00    0,20     2  gvfsd-trash
19:09:46     1000      9493    0,20    0,00    0,00    0,00    0,20     7  xdg-desktop-por
19:09:46     1000      9700    0,20    0,00    0,00    0,00    0,20     0  antigravity
19:09:46     1000      9830    0,80    0,00    0,00    0,00    0,80     6  antigravity
19:09:46     1000     10074    1,40    1,20    0,00    0,00    2,60     5  language_server
19:09:46     1000     10121    0,20    0,00    0,00    0,00    0,20     1  antigravity
19:09:46     1000     10122    0,80    0,00    0,00    0,00    0,80     5  antigravity
19:09:46     1000     10187    0,60    0,20    0,00    0,00    0,80     4  antigravity
19:09:46     1000     11152    2,00    0,80    0,00    0,00    2,80     4  language_server
19:09:46        0     16329    0,00    0,20    0,00    0,00    0,20     0  kworker/u32:2-events_unbound
19:09:46        0     38623    0,00    0,20    0,00    0,20    0,20     0  kworker/0:3-i915-unordered
19:09:46        0     39703    0,00    0,20    0,00    0,00    0,20     1  kworker/1:0-events
19:09:46     1000     41144    0,00    0,40    0,00    0,00    0,40     4  pidstat
19:09:46     1000     41175    5,60    0,80    0,00    0,00    6,40     2  java

19:09:41      UID       PID  minflt/s  majflt/s     VSZ     RSS   %MEM  Command
19:09:46        0         1     29,20      0,00   24596   15460   0,10  systemd
19:09:46        0       381     47,40      0,00  136916   83032   0,51  systemd-journal
19:09:46        0       413    112,00      0,00   37696   11516   0,07  systemd-udevd
19:09:46        0      1489      0,40      0,00 2242640   65580   0,40  containerd
19:09:46        0      3207      7,20      0,00 1235608   15556   0,10  containerd-shim
19:09:46        0      3227      0,40      0,00 1235352   14496   0,09  containerd-shim
19:09:46        0      3240      0,40      0,00 1235608   15584   0,10  containerd-shim
19:09:46        0      3246     13,00      0,00 1235608   15760   0,10  containerd-shim
19:09:46        0      3261      0,40      0,00 1235608   15716   0,10  containerd-shim
19:09:46     1000      9024      8,60      0,00 4672668  275372   1,70  gnome-shell
19:09:46     1000      9700     34,00      0,00 1461692876  303640   1,87  antigravity
19:09:46     1000      9756      1,00      0,00 34328508  165136   1,02  antigravity
19:09:46     1000      9767      0,60      0,00 33906012   82040   0,51  antigravity
19:09:46     1000      9830     50,20      0,00 1461371884  490716   3,02  antigravity
19:09:46     1000     10109      0,20      0,00 33951332   64948   0,40  antigravity
19:09:46     1000     10121      9,00      0,00 1461391740  128116   0,79  antigravity
19:09:46     1000     10122     41,00      0,00 1461343128  275704   1,70  antigravity
19:09:46     1000     10186      3,40      0,00 1478124976  122768   0,76  antigravity
19:09:46     1000     10187      2,60      0,00 1461358904  159028   0,98  antigravity
19:09:46     1000     41175     48,20      0,00 6506524  268860   1,66  java

19:09:41      UID       PID   kB_rd/s   kB_wr/s kB_ccwr/s iodelay  Command
19:09:46     1000     41144      0,00      0,72      0,00       0  pidstat
19:09:46     1000     41175      0,00      0,17      0,00       0  java

19:09:46      UID       PID    %usr %system  %guest   %wait    %CPU   CPU  Command
19:09:51        0         1    0,20    0,00    0,00    0,00    0,20     6  systemd
19:09:51        0        18    0,00    0,20    0,00    0,00    0,20     7  rcu_preempt
19:09:51      990       905    0,40    0,20    0,00    0,00    0,60     1  dbus-daemon
19:09:51      115       926    1,00    0,60    0,00    0,00    1,60     2  prometheus-node
19:09:51      115       927    0,40    0,00    0,00    0,00    0,40     3  prometheus
19:09:51        0      1457    0,20    0,20    0,00    0,00    0,40     5  glances
19:09:51        0      1479    0,00    0,20    0,00    0,00    0,20     4  anydesk
19:09:51        0      1489    0,40    0,20    0,00    0,00    0,60     4  containerd
19:09:51        0      2351    0,40    0,40    0,00    0,00    0,80     3  dockerd
19:09:51      117      2352    0,40    0,40    0,00    0,00    0,80     2  grafana
19:09:51        0      3170    0,40    0,00    0,00    0,00    0,40     3  mount.ntfs-3g
19:09:51        0      3207    0,00    0,20    0,00    0,00    0,20     6  containerd-shim
19:09:51        0      3227    0,00    0,20    0,00    0,00    0,20     3  containerd-shim
19:09:51        0      3240    0,00    0,20    0,00    0,00    0,20     1  containerd-shim
19:09:51        0      3246    0,20    0,00    0,00    0,00    0,20     0  containerd-shim
19:09:51        0      3261    0,00    0,20    0,00    0,00    0,20     3  containerd-shim
19:09:51      999      3405    0,40    0,00    0,00    0,00    0,40     3  redis-server
19:09:51     1000      9024    0,00    0,40    0,00    0,00    0,40     2  gnome-shell
19:09:51     1000      9700    0,20    0,00    0,00    0,00    0,20     2  antigravity
19:09:51     1000      9756    0,00    0,20    0,00    0,00    0,20     4  antigravity
19:09:51     1000      9830    0,40    0,20    0,00    0,00    0,60     7  antigravity
19:09:51     1000     10074    1,80    1,20    0,00    0,00    3,00     3  language_server
19:09:51     1000     10121    0,20    0,20    0,00    0,00    0,40     5  antigravity
19:09:51     1000     10122    0,60    0,20    0,00    0,00    0,80     5  antigravity
19:09:51     1000     10187    0,80    0,00    0,00    0,00    0,80     5  antigravity
19:09:51     1000     11152    1,60    1,20    0,00    0,00    2,80     4  language_server
19:09:51     1000     41144    0,20    0,20    0,00    0,00    0,40     4  pidstat
19:09:51     1000     41175    4,20    0,80    0,00    0,00    5,00     2  java

19:09:46      UID       PID  minflt/s  majflt/s     VSZ     RSS   %MEM  Command
19:09:51      115       926     88,80      0,00 1687812   25088   0,15  prometheus-node
19:09:51      115       927      0,80      0,00 2702228  118376   0,73  prometheus
19:09:51        0      3207      6,40      0,00 1235608   14800   0,09  containerd-shim
19:09:51        0      3227      0,80      0,00 1235352   13988   0,09  containerd-shim
19:09:51        0      3240      0,60      0,00 1235608   15044   0,09  containerd-shim
19:09:51        0      3246      0,60      0,00 1235608   15472   0,10  containerd-shim
19:09:51        0      3261      1,00      0,00 1235608   15044   0,09  containerd-shim
19:09:51     1000      9024      0,20      0,00 4672668  275372   1,70  gnome-shell
19:09:51     1000      9700     40,40      0,00 1461692876  303816   1,87  antigravity
19:09:51     1000      9756      2,00      0,00 34328508  165136   1,02  antigravity
19:09:51     1000      9767      1,20      0,00 33906012   82040   0,51  antigravity
19:09:51     1000      9830     51,60      0,00 1461371884  491228   3,03  antigravity
19:09:51     1000     10109      0,40      0,00 33951332   64948   0,40  antigravity
19:09:51     1000     10121      4,60      0,00 1461391740  128116   0,79  antigravity
19:09:51     1000     10122     19,60      0,00 1461343128  275564   1,70  antigravity
19:09:51     1000     10186      3,00      0,00 1478124976  122768   0,76  antigravity
19:09:51     1000     10187      3,20      0,00 1461358904  159028   0,98  antigravity
19:09:51     1000     41175     23,20      0,00 6506524  269116   1,66  java

19:09:46      UID       PID   kB_rd/s   kB_wr/s kB_ccwr/s iodelay  Command
19:09:51     1000     41144      0,00      1,03      0,00       0  pidstat
19:09:51     1000     41175      0,00      1,77      0,00       0  java

19:09:51      UID       PID    %usr %system  %guest   %wait    %CPU   CPU  Command
19:09:56        0      1489    0,40    0,00    0,00    0,00    0,40     4  containerd
19:09:56        0      2351    0,20    0,20    0,00    0,00    0,40     3  dockerd
19:09:56      117      2352    0,80    0,40    0,00    0,00    1,20     7  grafana
19:09:56        0      3170    0,00    0,20    0,00    0,00    0,20     6  mount.ntfs-3g
19:09:56        0      3227    0,20    0,00    0,00    0,00    0,20     3  containerd-shim
19:09:56      999      3405    0,20    0,00    0,00    0,00    0,20     5  redis-server
19:09:56     1000      9024    0,60    0,40    0,00    0,00    1,00     3  gnome-shell
19:09:56     1000      9700    0,20    0,20    0,00    0,00    0,40     0  antigravity
19:09:56     1000      9756    0,20    0,00    0,00    0,00    0,20     4  antigravity
19:09:56     1000      9830    0,80    0,20    0,00    0,00    1,00     7  antigravity
19:09:56     1000      9890    0,20    0,00    0,00    0,00    0,20     1  antigravity
19:09:56     1000     10074    1,60    1,20    0,00    0,00    2,80     1  language_server
19:09:56     1000     10121    0,20    0,00    0,00    0,00    0,20     4  antigravity
19:09:56     1000     10122    0,60    0,20    0,00    0,00    0,80     2  antigravity
19:09:56     1000     10187    0,40    0,00    0,00    0,00    0,40     3  antigravity
19:09:56     1000     11152    2,00    1,00    0,00    0,00    3,00     4  language_server
19:09:56     1000     41144    0,20    0,20    0,00    0,00    0,40     4  pidstat
19:09:56     1000     41175    3,00    0,60    0,00    0,00    3,60     2  java

19:09:51      UID       PID  minflt/s  majflt/s     VSZ     RSS   %MEM  Command
19:09:56        0      3207      9,00      0,00 1235608   14928   0,09  containerd-shim
19:09:56        0      3227     10,20      0,00 1235352   13988   0,09  containerd-shim
19:09:56        0      3240      8,80      0,00 1235608   15044   0,09  containerd-shim
19:09:56        0      3246      9,00      0,00 1235608   15472   0,10  containerd-shim
19:09:56        0      3261      9,20      0,00 1235608   15172   0,09  containerd-shim
19:09:56     1000      9024      6,80      0,00 4672668  275372   1,70  gnome-shell
19:09:56     1000      9700     34,20      0,00 1461692876  303820   1,87  antigravity
19:09:56     1000      9756      1,00      0,00 34328508  165136   1,02  antigravity
19:09:56     1000      9767      0,60      0,00 33906012   82040   0,51  antigravity
19:09:56     1000      9830     59,40      0,00 1461371884  491996   3,03  antigravity
19:09:56     1000      9890      0,80      0,00 1459609232  173888   1,07  antigravity
19:09:56     1000     10109      0,20      0,00 33951332   64948   0,40  antigravity
19:09:56     1000     10121      2,20      0,00 1461391740  128116   0,79  antigravity
19:09:56     1000     10122     29,80      0,00 1461343128  275692   1,70  antigravity
19:09:56     1000     10186      6,00      0,00 1478124976  122768   0,76  antigravity
19:09:56     1000     10187      5,20      0,00 1461358904  159156   0,98  antigravity
19:09:56     1000     41175     13,40      0,00 6506524  269628   1,66  java

19:09:51      UID       PID   kB_rd/s   kB_wr/s kB_ccwr/s iodelay  Command
19:09:56     1000     41144      0,00      0,85      0,00       0  pidstat
19:09:56     1000     41175      0,00      0,17      0,00       0  java

19:09:56      UID       PID    %usr %system  %guest   %wait    %CPU   CPU  Command
19:10:01        0        86    0,00    0,20    0,00    0,00    0,20     0  irq/9-acpi
19:10:01      115       927    0,20    0,00    0,00    0,00    0,20     3  prometheus
19:10:01        0      1457    0,20    0,00    0,00    0,00    0,20     5  glances
19:10:01        0      1479    0,20    0,00    0,00    0,00    0,20     4  anydesk
19:10:01        0      1489    0,40    0,20    0,00    0,00    0,60     4  containerd
19:10:01        0      2351    0,20    0,20    0,00    0,00    0,40     3  dockerd
19:10:01      117      2352    0,60    0,40    0,00    0,00    1,00     4  grafana
19:10:01        0      2381    0,00    0,20    0,00    0,00    0,20     1  upowerd
19:10:01        0      3170    0,20    0,20    0,00    0,00    0,40     2  mount.ntfs-3g
19:10:01        0      3207    0,00    0,20    0,00    0,00    0,20     6  containerd-shim
19:10:01        0      3246    0,00    0,20    0,00    0,00    0,20     0  containerd-shim
19:10:01        0      3261    0,00    0,20    0,00    0,00    0,20     3  containerd-shim
19:10:01      999      3405    0,40    0,00    0,00    0,00    0,40     4  redis-server
19:10:01     1000      9024    0,40    0,20    0,00    0,00    0,60     2  gnome-shell
19:10:01     1000      9700    0,20    0,00    0,00    0,00    0,20     2  antigravity
19:10:01     1000      9756    0,20    0,00    0,00    0,00    0,20     4  antigravity
19:10:01     1000      9830    0,80    0,00    0,00    0,00    0,80     7  antigravity
19:10:01     1000     10074    1,40    1,40    0,00    0,00    2,80     3  language_server
19:10:01     1000     10121    0,20    0,00    0,00    0,00    0,20     1  antigravity
19:10:01     1000     10122    0,60    0,20    0,00    0,00    0,80     5  antigravity
19:10:01     1000     10186    0,00    0,20    0,00    0,00    0,20     1  antigravity
19:10:01     1000     10187    0,40    0,20    0,00    0,00    0,60     3  antigravity
19:10:01     1000     11152    2,20    0,80    0,00    0,00    3,00     4  language_server
19:10:01     1000     41144    0,20    0,20    0,00    0,00    0,40     4  pidstat
19:10:01     1000     41175    3,00    0,40    0,00    0,00    3,40     2  java

19:09:56      UID       PID  minflt/s  majflt/s     VSZ     RSS   %MEM  Command
19:10:01        0      1489     14,20      0,00 2242640   65836   0,41  containerd
19:10:01        0      3207     15,00      0,00 1235608   15184   0,09  containerd-shim
19:10:01        0      3227     10,20      0,00 1235352   14372   0,09  containerd-shim
19:10:01        0      3240     12,00      0,00 1235608   15172   0,09  containerd-shim
19:10:01        0      3246     11,20      0,00 1235608   15600   0,10  containerd-shim
19:10:01        0      3261     11,60      0,00 1235608   15300   0,09  containerd-shim
19:10:01     1000      9024      0,20      0,00 4672668  275372   1,70  gnome-shell
19:10:01     1000      9700     37,20      0,00 1461692876  303836   1,87  antigravity
19:10:01     1000      9756      1,00      0,00 34328508  165136   1,02  antigravity
19:10:01     1000      9767      0,60      0,00 33906012   82040   0,51  antigravity
19:10:01     1000      9830     66,00      0,00 1461371884  492764   3,04  antigravity
19:10:01     1000     10109      0,20      0,00 33951332   64948   0,40  antigravity
19:10:01     1000     10121      6,40      0,00 1461391740  128116   0,79  antigravity
19:10:01     1000     10122     19,00      0,00 1461343128  275552   1,70  antigravity
19:10:01     1000     10186      3,00      0,00 1478124976  122768   0,76  antigravity
19:10:01     1000     10187      3,00      0,00 1461358904  159156   0,98  antigravity
19:10:01     1000     41175     19,00      0,00 6506524  269756   1,66  java

19:09:56      UID       PID   kB_rd/s   kB_wr/s kB_ccwr/s iodelay  Command
19:10:01     1000     41144      0,00      0,67      0,00       0  pidstat
19:10:01     1000     41175      0,00      0,17      0,00       0  java

19:10:01      UID       PID    %usr %system  %guest   %wait    %CPU   CPU  Command
19:10:06        0         1    0,20    0,00    0,00    0,00    0,20     1  systemd
19:10:06      990       905    1,00    0,00    0,00    0,00    1,00     3  dbus-daemon
19:10:06      115       926    1,00    0,40    0,00    0,00    1,40     5  prometheus-node
19:10:06      115       927    0,00    0,20    0,00    0,00    0,20     3  prometheus
19:10:06        0      1457    0,20    0,00    0,00    0,00    0,20     5  glances
19:10:06        0      1468    0,20    0,00    0,00    0,00    0,20     6  tailscaled
19:10:06        0      1489    0,20    0,00    0,00    0,00    0,20     4  containerd
19:10:06        0      2351    0,40    0,20    0,00    0,00    0,60     3  dockerd
19:10:06      117      2352    0,60    0,20    0,00    0,00    0,80     0  grafana
19:10:06        0      3170    0,20    0,20    0,00    0,00    0,40     7  mount.ntfs-3g
19:10:06        0      3207    0,20    0,00    0,00    0,00    0,20     6  containerd-shim
19:10:06        0      3227    0,20    0,00    0,00    0,00    0,20     3  containerd-shim
19:10:06        0      3240    0,00    0,20    0,00    0,00    0,20     1  containerd-shim
19:10:06        0      3246    0,20    0,00    0,00    0,00    0,20     0  containerd-shim
19:10:06      999      3405    0,40    0,20    0,00    0,00    0,60     5  redis-server
19:10:06     1000      9024    0,60    0,40    0,00    0,00    1,00     4  gnome-shell
19:10:06     1000      9619    0,20    0,00    0,00    0,00    0,20     4  xdg-desktop-por
19:10:06     1000      9830    0,80    0,00    0,00    0,00    0,80     7  antigravity
19:10:06     1000     10074    1,20    1,60    0,00    0,00    2,80     1  language_server
19:10:06     1000     10121    0,20    0,20    0,00    0,00    0,40     3  antigravity
19:10:06     1000     10122    0,80    0,40    0,00    0,00    1,20     2  antigravity
19:10:06     1000     10187    0,60    0,20    0,00    0,00    0,80     5  antigravity
19:10:06     1000     11152    1,80    1,20    0,00    0,00    3,00     4  language_server
19:10:06     1000     41144    0,20    0,40    0,00    0,00    0,60     1  pidstat
19:10:06     1000     41175    7,00    1,80    0,00    0,00    8,80     2  java

19:10:01      UID       PID  minflt/s  majflt/s     VSZ     RSS   %MEM  Command
19:10:06        0       903      0,40      0,00    6792    2852   0,02  cron
19:10:06      115       926     71,80      0,00 1687812   25104   0,15  prometheus-node
19:10:06        0      1489      4,60      0,00 2242640   65964   0,41  containerd
19:10:06        0      3207      9,20      0,00 1235608   15312   0,09  containerd-shim
19:10:06        0      3227     10,40      0,00 1235352   14372   0,09  containerd-shim
19:10:06        0      3240     15,80      0,00 1235608   15428   0,10  containerd-shim
19:10:06        0      3246     13,80      0,00 1235608   15856   0,10  containerd-shim
19:10:06        0      3261     12,20      0,00 1235608   15556   0,10  containerd-shim
19:10:06     1000      9024      7,00      0,00 4672668  275372   1,70  gnome-shell
19:10:06     1000      9700     33,40      0,00 1461692876  303832   1,87  antigravity
19:10:06     1000      9756      4,00      0,00 34324540  165136   1,02  antigravity
19:10:06     1000      9767      0,60      0,00 33906012   82040   0,51  antigravity
19:10:06     1000      9830     72,00      0,00 1461371884  493656   3,04  antigravity
19:10:06     1000     10109      0,20      0,00 33951332   64948   0,40  antigravity
19:10:06     1000     10121     95,60      0,00 1461391740  128244   0,79  antigravity
19:10:06     1000     10122     21,80      0,00 1461343128  275552   1,70  antigravity
19:10:06     1000     10186      3,00      0,00 1478124976  122768   0,76  antigravity
19:10:06     1000     10187      2,60      0,00 1461358904  159156   0,98  antigravity
19:10:06     1000     41175     48,40      0,00 6506524  283008   1,74  java

19:10:01      UID       PID   kB_rd/s   kB_wr/s kB_ccwr/s iodelay  Command
19:10:06     1000     41144      0,00      0,78      0,00       0  pidstat
19:10:06     1000     41175      0,00      1,84      0,00       0  java

19:10:06      UID       PID    %usr %system  %guest   %wait    %CPU   CPU  Command
19:10:11        0        80    0,20    0,00    0,00    0,00    0,20     7  kcompactd0
19:10:11        0       721    0,00    0,20    0,00    0,00    0,20     0  kworker/u33:2-i915_flip
19:10:11      115       927    0,20    0,00    0,00    0,00    0,20     3  prometheus
19:10:11        0      1468    0,00    0,20    0,00    0,00    0,20     6  tailscaled
19:10:11        0      1489    0,40    0,20    0,00    0,00    0,60     4  containerd
19:10:11        0      2351    0,40    0,00    0,00    0,00    0,40     3  dockerd
19:10:11      117      2352    0,60    0,20    0,00    0,00    0,80     0  grafana
19:10:11        0      3170    0,20    0,00    0,00    0,00    0,20     5  mount.ntfs-3g
19:10:11        0      3240    0,20    0,00    0,00    0,00    0,20     1  containerd-shim
19:10:11        0      3261    0,00    0,20    0,00    0,00    0,20     3  containerd-shim
19:10:11      999      3405    0,40    0,00    0,00    0,00    0,40     6  redis-server
19:10:11     1000      9024    0,20    0,20    0,00    0,00    0,40     2  gnome-shell
19:10:11     1000      9700    0,20    0,20    0,00    0,00    0,40     1  antigravity
19:10:11     1000      9756    0,20    0,00    0,00    0,00    0,20     4  antigravity
19:10:11     1000      9830    0,80    0,20    0,00    0,00    1,00     0  antigravity
19:10:11     1000     10074    1,60    1,20    0,00    0,00    2,80     4  language_server
19:10:11     1000     10121    0,40    0,00    0,00    0,00    0,40     3  antigravity
19:10:11     1000     10122    0,80    0,00    0,00    0,00    0,80     5  antigravity
19:10:11     1000     10187    0,20    0,40    0,00    0,00    0,60     7  antigravity
19:10:11     1000     11152    1,40    1,60    0,00    0,00    3,00     4  language_server
19:10:11        0     25979    0,00    0,20    0,00    0,00    0,20     2  kworker/u32:4-events_unbound
19:10:11     1000     41144    0,00    0,20    0,00    0,00    0,20     1  pidstat
19:10:11     1000     41175    6,00    1,00    0,00    0,00    7,00     2  java

19:10:06      UID       PID  minflt/s  majflt/s     VSZ     RSS   %MEM  Command
19:10:11        0      1489      5,40      0,00 2242640   66092   0,41  containerd
19:10:11        0      3207      0,60      0,00 1235608   15312   0,09  containerd-shim
19:10:11        0      3227      3,00      0,00 1235352   14500   0,09  containerd-shim
19:10:11        0      3240     10,00      0,00 1235608   15428   0,10  containerd-shim
19:10:11        0      3246      2,00      0,00 1235608   15856   0,10  containerd-shim
19:10:11     1000      9024      0,40      0,00 4672676  275372   1,70  gnome-shell
19:10:11     1000      9700     40,00      0,00 1461692876  303832   1,87  antigravity
19:10:11     1000      9756      2,00      0,00 34324540  165136   1,02  antigravity
19:10:11     1000      9767      1,20      0,00 33906012   82040   0,51  antigravity
19:10:11     1000      9830     61,00      0,00 1461371884  494552   3,05  antigravity
19:10:11     1000     10109      0,40      0,00 33951332   64948   0,40  antigravity
19:10:11     1000     10121    121,00      0,00 1461391740  128232   0,79  antigravity
19:10:11     1000     10122     32,40      0,00 1461343128  275808   1,70  antigravity
19:10:11     1000     10186      3,00      0,00 1478124976  122768   0,76  antigravity
19:10:11     1000     10187      3,00      0,00 1461358904  159156   0,98  antigravity
19:10:11     1000     41175     46,20      0,00 6506524  283904   1,75  java

19:10:06      UID       PID   kB_rd/s   kB_wr/s kB_ccwr/s iodelay  Command
19:10:11     1000     41144      0,00      0,82      0,00       0  pidstat
19:10:11     1000     41175      0,00      3,37      0,00       0  java

19:10:11      UID       PID    %usr %system  %guest   %wait    %CPU   CPU  Command
19:10:16        0        26    0,00    0,20    0,00    0,00    0,20     1  migration/1
19:10:16        0      1457    0,20    0,00    0,00    0,00    0,20     5  glances
19:10:16        0      1489    0,00    0,20    0,00    0,00    0,20     4  containerd
19:10:16        0      2351    0,20    0,40    0,00    0,00    0,60     3  dockerd
19:10:16      117      2352    0,80    0,20    0,00    0,00    1,00     7  grafana
19:10:16        0      3170    0,40    0,00    0,00    0,00    0,40     5  mount.ntfs-3g
19:10:16        0      3207    0,00    0,20    0,00    0,00    0,20     6  containerd-shim
19:10:16        0      3227    0,20    0,00    0,00    0,00    0,20     3  containerd-shim
19:10:16        0      3246    0,00    0,20    0,00    0,00    0,20     0  containerd-shim
19:10:16        0      3261    0,20    0,00    0,00    0,00    0,20     3  containerd-shim
19:10:16      999      3405    0,40    0,00    0,00    0,00    0,40     3  redis-server
19:10:16     1000      9024    0,80    0,20    0,00    0,00    1,00     4  gnome-shell
19:10:16     1000      9756    0,00    0,20    0,00    0,00    0,20     4  antigravity
19:10:16     1000      9830    0,80    0,00    0,00    0,00    0,80     0  antigravity
19:10:16     1000     10074    1,80    1,40    0,00    0,00    3,20     5  language_server
19:10:16     1000     10121    0,00    0,20    0,00    0,00    0,20     2  antigravity
19:10:16     1000     10122    0,60    0,00    0,00    0,00    0,60     7  antigravity
19:10:16     1000     10187    0,40    0,20    0,00    0,00    0,60     3  antigravity
19:10:16     1000     11152    1,60    1,20    0,00    0,00    2,80     4  language_server
19:10:16        0     35578    0,20    0,00    0,00    0,00    0,20     5  kworker/5:0-mm_percpu_wq
19:10:16     1000     41144    0,20    0,20    0,00    0,00    0,40     1  pidstat
19:10:16     1000     41175    3,60    0,20    0,00    0,00    3,80     2  java

19:10:11      UID       PID  minflt/s  majflt/s     VSZ     RSS   %MEM  Command
19:10:16        0      1489      7,60      0,00 2242640   66220   0,41  containerd
19:10:16        0      3207     10,20      0,00 1235608   15568   0,10  containerd-shim
19:10:16        0      3227      2,80      0,00 1235352   14628   0,09  containerd-shim
19:10:16        0      3240     11,80      0,00 1235608   15684   0,10  containerd-shim
19:10:16        0      3246      2,20      0,00 1235608   15984   0,10  containerd-shim
19:10:16        0      3261      1,60      0,00 1235608   15684   0,10  containerd-shim
19:10:16     1000      9024      6,20      0,00 4672676  275372   1,70  gnome-shell
19:10:16     1000      9700     33,80      0,00 1461692876  303832   1,87  antigravity
19:10:16     1000      9756      1,00      0,00 34324540  165136   1,02  antigravity
19:10:16     1000      9767      0,60      0,00 33906012   82040   0,51  antigravity
19:10:16     1000      9830     55,00      0,00 1461371884  495320   3,05  antigravity
19:10:16     1000     10109      0,20      0,00 33951332   64948   0,40  antigravity
19:10:16     1000     10121      8,80      0,00 1461391740  128232   0,79  antigravity
19:10:16     1000     10122     28,00      0,00 1461343128  275668   1,70  antigravity
19:10:16     1000     10186      6,00      0,00 1478124976  122768   0,76  antigravity
19:10:16     1000     10187      5,40      0,00 1461358904  159156   0,98  antigravity
19:10:16     1000     41175     17,20      0,00 6506524  284160   1,75  java

19:10:11      UID       PID   kB_rd/s   kB_wr/s kB_ccwr/s iodelay  Command
19:10:16     1000     41144      0,00      0,74      0,00       0  pidstat
19:10:16     1000     41175      0,00      0,17      0,00       0  java

19:10:16      UID       PID    %usr %system  %guest   %wait    %CPU   CPU  Command
19:10:21        0         1    0,20    0,00    0,00    0,00    0,20     2  systemd
19:10:21        0        86    0,00    0,20    0,00    0,00    0,20     0  irq/9-acpi
19:10:21      990       905    0,60    0,00    0,00    0,00    0,60     1  dbus-daemon
19:10:21      115       926    0,80    0,80    0,00    0,00    1,60     5  prometheus-node
19:10:21      115       927    0,20    0,00    0,00    0,00    0,20     3  prometheus
19:10:21        0      1457    0,20    0,00    0,00    0,00    0,20     5  glances
19:10:21        0      1468    0,20    0,00    0,00    0,00    0,20     6  tailscaled
19:10:21        0      1489    0,40    0,20    0,00    0,00    0,60     4  containerd
19:10:21        0      2351    0,20    0,20    0,00    0,00    0,40     3  dockerd
19:10:21      117      2352    0,80    0,20    0,00    0,00    1,00     7  grafana
19:10:21        0      3170    0,00    0,20    0,00    0,00    0,20     5  mount.ntfs-3g
19:10:21        0      3207    0,00    0,20    0,00    0,00    0,20     6  containerd-shim
19:10:21        0      3227    0,00    0,20    0,00    0,00    0,20     3  containerd-shim
19:10:21        0      3240    0,00    0,20    0,00    0,00    0,20     1  containerd-shim
19:10:21        0      3246    0,20    0,00    0,00    0,00    0,20     0  containerd-shim
19:10:21      999      3405    0,20    0,20    0,00    0,00    0,40     3  redis-server
19:10:21     1000      9024    0,20    0,20    0,00    0,00    0,40     4  gnome-shell
19:10:21     1000      9700    0,00    0,20    0,00    0,00    0,20     1  antigravity
19:10:21     1000      9756    0,20    0,00    0,00    0,00    0,20     4  antigravity
19:10:21     1000      9830    0,60    0,00    0,00    0,00    0,60     7  antigravity
19:10:21     1000     10074    1,40    1,00    0,00    0,00    2,40     4  language_server
19:10:21     1000     10121    0,20    0,20    0,00    0,00    0,40     3  antigravity
19:10:21     1000     10122    0,80    0,00    0,00    0,00    0,80     6  antigravity
19:10:21     1000     10187    0,40    0,00    0,00    0,00    0,40     4  antigravity
19:10:21     1000     11152    1,60    1,40    0,00    0,00    3,00     4  language_server
19:10:21        0     34004    0,00    0,20    0,00    0,00    0,20     2  kworker/2:1-events
19:10:21     1000     41144    0,40    0,20    0,00    0,00    0,60     1  pidstat
19:10:21     1000     41175    3,40    0,20    0,00    0,00    3,60     2  java

19:10:16      UID       PID  minflt/s  majflt/s     VSZ     RSS   %MEM  Command
19:10:21      115       926     90,40      0,00 1687812   25256   0,16  prometheus-node
19:10:21        0      1489      7,20      0,00 2242640   66220   0,41  containerd
19:10:21      114      1588      3,80      0,00  218252   30140   0,19  postgres
19:10:21        0      3207     10,40      0,00 1235608   14868   0,09  containerd-shim
19:10:21        0      3227      0,40      0,00 1235352   14040   0,09  containerd-shim
19:10:21        0      3240      8,60      0,00 1235608   14952   0,09  containerd-shim
19:10:21        0      3246      1,00      0,00 1235608   15244   0,09  containerd-shim
19:10:21        0      3261      0,00      0,00 1235608   15260   0,09  containerd-shim
19:10:21     1000      9024      0,40      0,00 4672676  275372   1,70  gnome-shell
19:10:21     1000      9700     33,80      0,00 1461692876  303828   1,87  antigravity
19:10:21     1000      9756      1,00      0,00 34324540  165136   1,02  antigravity
19:10:21     1000      9767      0,60      0,00 33906012   82040   0,51  antigravity
19:10:21     1000      9830     55,40      0,00 1461371884  496088   3,06  antigravity
19:10:21     1000     10109      0,20      0,00 33951332   64948   0,40  antigravity
19:10:21     1000     10121      2,40      0,00 1461391740  128096   0,79  antigravity
19:10:21     1000     10122     17,60      0,00 1461343128  275796   1,70  antigravity
19:10:21     1000     10186      3,00      0,00 1478124976  122768   0,76  antigravity
19:10:21     1000     10187      2,80      0,00 1461358904  159156   0,98  antigravity
19:10:21     1000     41175     21,40      0,00 6506524  284544   1,75  java

19:10:16      UID       PID   kB_rd/s   kB_wr/s kB_ccwr/s iodelay  Command
19:10:21     1000     41144      0,00      0,74      0,00       0  pidstat
19:10:21     1000     41175      0,00      0,18      0,00       0  java

19:10:21      UID       PID    %usr %system  %guest   %wait    %CPU   CPU  Command
19:10:26      115       927    0,00    0,20    0,00    0,00    0,20     3  prometheus
19:10:26        0      1457    0,00    0,20    0,00    0,00    0,20     5  glances
19:10:26        0      1489    0,20    0,20    0,00    0,00    0,40     4  containerd
19:10:26        0      2351    0,40    0,00    0,00    0,00    0,40     3  dockerd
19:10:26      117      2352    2,20    0,20    0,00    0,00    2,40     1  grafana
19:10:26        0      3170    0,40    0,00    0,00    0,00    0,40     2  mount.ntfs-3g
19:10:26        0      3227    0,20    0,00    0,00    0,00    0,20     3  containerd-shim
19:10:26        0      3240    0,20    0,00    0,00    0,00    0,20     1  containerd-shim
19:10:26        0      3261    0,00    0,20    0,00    0,00    0,20     3  containerd-shim
19:10:26      999      3405    0,40    0,00    0,00    0,00    0,40     6  redis-server
19:10:26     1000      9024    0,80    0,20    0,00    0,00    1,00     4  gnome-shell
19:10:26     1000      9700    0,20    0,00    0,00    0,00    0,20     6  antigravity
19:10:26     1000      9830   11,00    0,60    0,00    0,00   11,60     1  antigravity
19:10:26     1000     10074    1,80    1,20    0,00    0,20    3,00     5  language_server
19:10:26     1000     10121    0,20    0,00    0,00    0,00    0,20     2  antigravity
19:10:26     1000     10122    0,60    0,40    0,00    0,00    1,00     7  antigravity
19:10:26     1000     10187    0,60    0,20    0,00    0,00    0,80     5  antigravity
19:10:26     1000     11152    1,20    1,60    0,00    0,00    2,80     4  language_server
19:10:26        0     38623    0,00    0,20    0,00    0,00    0,20     0  kworker/0:3-i915-unordered
19:10:26     1000     41144    0,20    0,00    0,00    0,00    0,20     2  pidstat
19:10:26     1000     41175    1,00    1,40    0,00    0,00    2,40     2  java

19:10:21      UID       PID  minflt/s  majflt/s     VSZ     RSS   %MEM  Command
19:10:26        0      1489      6,80      0,00 2242640   66220   0,41  containerd
19:10:26      117      2352      2,40      0,00 1830520  334204   2,06  grafana
19:10:26        0      3207     12,20      0,00 1235608   14996   0,09  containerd-shim
19:10:26        0      3227      9,40      0,00 1235352   14040   0,09  containerd-shim
19:10:26        0      3240      7,20      0,00 1235608   15080   0,09  containerd-shim
19:10:26        0      3246      8,00      0,00 1235608   15244   0,09  containerd-shim
19:10:26        0      3261      9,60      0,00 1235608   15388   0,09  containerd-shim
19:10:26     1000      9024      7,00      0,00 4672676  275500   1,70  gnome-shell
19:10:26     1000      9700     33,60      0,00 1461692876  303848   1,87  antigravity
19:10:26     1000      9756      1,20      0,00 34324604  165136   1,02  antigravity
19:10:26     1000      9767      0,60      0,00 33906012   82040   0,51  antigravity
19:10:26     1000      9830    156,80      0,00 1461371948  488852   3,01  antigravity
19:10:26     1000     10109      0,20      0,00 33951332   64948   0,40  antigravity
19:10:26     1000     10121      2,20      0,00 1461391740  128096   0,79  antigravity
19:10:26     1000     10122     25,60      0,00 1461343128  275796   1,70  antigravity
19:10:26     1000     10186      3,00      0,00 1478124976  122768   0,76  antigravity
19:10:26     1000     10187      2,80      0,00 1461358904  159156   0,98  antigravity
19:10:26     1000     41175     15,60      0,00 6506524  284928   1,76  java

19:10:21      UID       PID   kB_rd/s   kB_wr/s kB_ccwr/s iodelay  Command
19:10:26     1000     41144      0,00      0,87      0,00       0  pidstat
19:10:26     1000     41175      0,00      0,21      0,00       0  java

19:10:26      UID       PID    %usr %system  %guest   %wait    %CPU   CPU  Command
19:10:31        0      1457    0,20    0,00    0,00    0,00    0,20     5  glances
19:10:31        0      1468    0,00    0,20    0,00    0,00    0,20     6  tailscaled
19:10:31        0      1489    0,20    0,20    0,00    0,00    0,40     4  containerd
19:10:31        0      2351    0,40    0,20    0,00    0,00    0,60     3  dockerd
19:10:31      117      2352    0,60    0,20    0,00    0,00    0,80     1  grafana
19:10:31        0      3170    0,20    0,40    0,00    0,00    0,60     2  mount.ntfs-3g
19:10:31        0      3207    0,00    0,20    0,00    0,00    0,20     6  containerd-shim
19:10:31        0      3261    0,20    0,00    0,00    0,00    0,20     3  containerd-shim
19:10:31      999      3405    0,40    0,00    0,00    0,00    0,40     1  redis-server
19:10:31     1000      9024    0,40    0,20    0,00    0,00    0,60     5  gnome-shell
19:10:31     1000      9700    0,20    0,20    0,00    0,00    0,40     6  antigravity
19:10:31     1000      9756    0,20    0,00    0,00    0,00    0,20     6  antigravity
19:10:31     1000      9767    0,20    0,00    0,00    0,00    0,20     2  antigravity
19:10:31     1000      9830    0,80    0,20    0,00    0,00    1,00     7  antigravity
19:10:31     1000     10074    1,80    1,20    0,00    0,00    3,00     0  language_server
19:10:31     1000     10121    0,20    0,00    0,00    0,00    0,20     5  antigravity
19:10:31     1000     10122    0,80    0,20    0,00    0,00    1,00     1  antigravity
19:10:31     1000     10187    0,80    0,20    0,00    0,00    1,00     6  antigravity
19:10:31     1000     11152    1,80    1,20    0,00    0,00    3,00     4  language_server
19:10:31     1000     41144    0,40    0,20    0,00    0,00    0,60     2  pidstat
19:10:31     1000     41175    5,00    0,40    0,00    0,00    5,40     2  java

19:10:26      UID       PID  minflt/s  majflt/s     VSZ     RSS   %MEM  Command
19:10:31        0      1489      6,20      0,00 2242640   66220   0,41  containerd
19:10:31        0      3207     12,20      0,00 1235608   15252   0,09  containerd-shim
19:10:31        0      3227     11,40      0,00 1235352   14168   0,09  containerd-shim
19:10:31        0      3240     12,80      0,00 1235608   15464   0,10  containerd-shim
19:10:31        0      3246     11,20      0,00 1235608   15372   0,09  containerd-shim
19:10:31        0      3261     11,40      0,00 1235608   15388   0,09  containerd-shim
19:10:31       70      3383      5,40      0,00  174540   26160   0,16  postgres
19:10:31     1000      9024      0,20      0,00 4672676  275500   1,70  gnome-shell
19:10:31     1000      9700     42,40      0,00 1461692876  303788   1,87  antigravity
19:10:31     1000      9756      5,60      0,00 34324604  165136   1,02  antigravity
19:10:31     1000      9767      1,20      0,00 33906012   82040   0,51  antigravity
19:10:31     1000      9830     81,60      0,00 1461371948  487596   3,00  antigravity
19:10:31     1000     10109      0,40      0,00 33951332   64948   0,40  antigravity
19:10:31     1000     10121      6,40      0,00 1461391740  128096   0,79  antigravity
19:10:31     1000     10122     20,40      0,00 1461343128  275520   1,70  antigravity
19:10:31     1000     10186      3,00      0,00 1478124976  122768   0,76  antigravity
19:10:31     1000     10187      3,00      0,00 1461358904  159156   0,98  antigravity
19:10:31     1000     41175     35,60      0,00 6494188  282712   1,74  java

19:10:26      UID       PID   kB_rd/s   kB_wr/s kB_ccwr/s iodelay  Command
19:10:31     1000     41144      0,00      0,74      0,00       0  pidstat
19:10:31     1000     41175      0,00      3,73      0,00       0  java

Rata-rata:    UID       PID    %usr %system  %guest   %wait    %CPU   CPU  Command
Rata-rata:      0         1    0,08    0,02    0,00    0,00    0,09     -  systemd
Rata-rata:      0        18    0,00    0,02    0,00    0,02    0,02     -  rcu_preempt
Rata-rata:      0        26    0,00    0,02    0,00    0,00    0,02     -  migration/1
Rata-rata:      0        80    0,02    0,00    0,00    0,00    0,02     -  kcompactd0
Rata-rata:      0        86    0,00    0,05    0,00    0,00    0,05     -  irq/9-acpi
Rata-rata:      0       381    0,02    0,00    0,00    0,00    0,02     -  systemd-journal
Rata-rata:      0       413    0,02    0,02    0,00    0,00    0,03     -  systemd-udevd
Rata-rata:      0       721    0,00    0,02    0,00    1,26    0,02     -  kworker/u33:2-i915_flip
Rata-rata:    990       905    0,25    0,02    0,00    0,00    0,26     -  dbus-daemon
Rata-rata:    986       922    0,02    0,00    0,00    0,00    0,02     -  polkitd
Rata-rata:    115       926    0,29    0,18    0,00    0,00    0,48     -  prometheus-node
Rata-rata:    115       927    0,11    0,03    0,00    0,00    0,14     -  prometheus
Rata-rata:      0       936    0,00    0,02    0,00    0,00    0,02     -  systemd-logind
Rata-rata:      0      1052    0,02    0,00    0,00    0,00    0,02     -  NetworkManager
Rata-rata:      0      1457    0,14    0,03    0,00    0,00    0,17     -  glances
Rata-rata:      0      1468    0,09    0,05    0,00    0,00    0,14     -  tailscaled
Rata-rata:      0      1479    0,02    0,02    0,00    0,00    0,03     -  anydesk
Rata-rata:      0      1489    0,32    0,17    0,00    0,00    0,49     -  containerd
Rata-rata:    111      1556    0,02    0,00    0,00    0,00    0,02     -  mariadbd
Rata-rata:      0      2351    0,35    0,22    0,00    0,00    0,57     -  dockerd
Rata-rata:    117      2352    0,75    0,29    0,00    0,00    1,05     -  grafana
Rata-rata:      0      2381    0,00    0,02    0,00    0,00    0,02     -  upowerd
Rata-rata:      0      3170    0,20    0,15    0,00    0,00    0,35     -  mount.ntfs-3g
Rata-rata:      0      3207    0,05    0,08    0,00    0,00    0,12     -  containerd-shim
Rata-rata:      0      3227    0,09    0,03    0,00    0,00    0,12     -  containerd-shim
Rata-rata:      0      3240    0,06    0,06    0,00    0,00    0,12     -  containerd-shim
Rata-rata:      0      3246    0,05    0,08    0,00    0,00    0,12     -  containerd-shim
Rata-rata:      0      3261    0,05    0,08    0,00    0,00    0,12     -  containerd-shim
Rata-rata:    999      3405    0,38    0,05    0,00    0,02    0,43     -  redis-server
Rata-rata:   1000      8864    0,03    0,00    0,00    0,00    0,03     -  systemd
Rata-rata:   1000      8888    0,02    0,00    0,00    0,06    0,02     -  dbus-daemon
Rata-rata:   1000      9024    0,63    0,20    0,00    0,02    0,83     -  gnome-shell
Rata-rata:   1000      9162    0,02    0,00    0,00    0,00    0,02     -  gsd-sharing
Rata-rata:   1000      9166    0,02    0,00    0,00    0,00    0,02     -  gnome-software
Rata-rata:   1000      9366    0,02    0,00    0,00    0,00    0,02     -  goa-daemon
Rata-rata:   1000      9454    0,02    0,00    0,00    0,00    0,02     -  gvfsd-trash
Rata-rata:   1000      9493    0,02    0,00    0,00    0,00    0,02     -  xdg-desktop-por
Rata-rata:   1000      9619    0,02    0,00    0,00    0,00    0,02     -  xdg-desktop-por
Rata-rata:   1000      9700    0,18    0,11    0,00    0,00    0,29     -  antigravity
Rata-rata:   1000      9756    0,20    0,05    0,00    0,02    0,25     -  antigravity
Rata-rata:   1000      9767    0,02    0,00    0,00    0,00    0,02     -  antigravity
Rata-rata:   1000      9830    2,05    0,15    0,00    0,00    2,20     -  antigravity
Rata-rata:   1000      9890    0,02    0,00    0,00    0,00    0,02     -  antigravity
Rata-rata:   1000     10074    1,54    1,25    0,00    0,03    2,78     -  language_server
Rata-rata:   1000     10121    0,25    0,11    0,00    0,02    0,35     -  antigravity
Rata-rata:   1000     10122    0,71    0,18    0,00    0,00    0,89     -  antigravity
Rata-rata:   1000     10186    0,00    0,02    0,00    0,00    0,02     -  antigravity
Rata-rata:   1000     10187    0,66    0,15    0,00    0,00    0,82     -  antigravity
Rata-rata:   1000     11152    1,68    1,23    0,00    0,00    2,91     -  language_server
Rata-rata:      0     16329    0,00    0,02    0,00    0,00    0,02     -  kworker/u32:2-kvfree_rcu_reclaim
Rata-rata:      0     25979    0,00    0,02    0,00    0,00    0,02     -  kworker/u32:4-kvfree_rcu_reclaim
Rata-rata:      0     34004    0,00    0,02    0,00    0,02    0,02     -  kworker/2:1-mm_percpu_wq
Rata-rata:      0     35578    0,02    0,00    0,00    0,00    0,02     -  kworker/5:0-mm_percpu_wq
Rata-rata:      0     38623    0,00    0,03    0,00    0,03    0,03     -  kworker/0:3-i915-unordered
Rata-rata:      0     39703    0,00    0,02    0,00    0,00    0,02     -  kworker/1:0-events
Rata-rata:      0     40851    0,02    0,00    0,00    0,00    0,02     -  kworker/7:1-events
Rata-rata:   1000     41144    0,17    0,23    0,00    0,00    0,40     -  pidstat
Rata-rata:   1000     41175   11,96    1,20    0,00    0,00   13,16     -  java

Rata-rata:    UID       PID  minflt/s  majflt/s     VSZ     RSS   %MEM  Command
Rata-rata:      0         1      2,45      0,00   24596   15460   0,10  systemd
Rata-rata:      0       381      3,66      0,00  136916   83032   0,51  systemd-journal
Rata-rata:      0       413      8,61      0,00   37696   11516   0,07  systemd-udevd
Rata-rata:      0       903      0,03      0,00    6792    2852   0,02  cron
Rata-rata:    115       926     26,45      0,00 1687812   25207   0,16  prometheus-node
Rata-rata:    115       927      0,06      0,00 2702228  118376   0,73  prometheus
Rata-rata:      0      1489      4,49      0,00 2242640   65866   0,41  containerd
Rata-rata:    114      1588      0,29      0,00  218252   30140   0,19  postgres
Rata-rata:    117      2352      0,18      0,00 1830571  334204   2,06  grafana
Rata-rata:      0      3207      9,38      0,00 1235608   15196   0,09  containerd-shim
Rata-rata:      0      3227      6,47      0,00 1235352   14294   0,09  containerd-shim
Rata-rata:      0      3240      8,95      0,00 1235608   15327   0,09  containerd-shim
Rata-rata:      0      3246      8,30      0,00 1235608   15577   0,10  containerd-shim
Rata-rata:      0      3261      6,07      0,00 1235608   15458   0,10  containerd-shim
Rata-rata:     70      3383      0,75      0,00  174540   26160   0,16  postgres
Rata-rata:   1000      9024      3,40      0,00 4672671  275392   1,70  gnome-shell
Rata-rata:   1000      9700     36,91      0,00 1461692876  303799   1,87  antigravity
Rata-rata:   1000      9756      2,51      0,00 34327651  165146   1,02  antigravity
Rata-rata:   1000      9767      0,78      0,00 33906012   82040   0,51  antigravity
Rata-rata:   1000      9830     91,19      0,00 1461371894  491713   3,03  antigravity
Rata-rata:   1000      9890      0,06      0,00 1459609232  173839   1,07  antigravity
Rata-rata:   1000     10109      0,26      0,00 33951332   64948   0,40  antigravity
Rata-rata:   1000     10121     39,95      0,00 1461391740  128110   0,79  antigravity
Rata-rata:   1000     10122     28,94      0,00 1461343128  275693   1,70  antigravity
Rata-rata:   1000     10186      3,72      0,00 1478124976  122768   0,76  antigravity
Rata-rata:   1000     10187      5,86      0,00 1461358904  159108   0,98  antigravity
Rata-rata:   1000     29312      0,02      0,00 1459530528   88440   0,54  antigravity
Rata-rata:   1000     41144      0,06      0,00    5920    4844   0,03  pidstat
Rata-rata:   1000     41145      0,32      0,00    2676    1764   0,01  jmeter
Rata-rata:   1000     41175    708,29      0,00 6505575  275584   1,70  java

Rata-rata:    UID       PID   kB_rd/s   kB_wr/s kB_ccwr/s iodelay  Command
Rata-rata:   1000     41144      0,00      0,73      0,00       0  pidstat
Rata-rata:   1000     41175      0,00      1,10      0,00       0  java
