Linux 6.12.94+deb13-amd64 (debian) 	24/06/26 	_x86_64_	(8 CPU)

19:00:34      UID       PID    %usr %system  %guest   %wait    %CPU   CPU  Command
19:00:39        0         1    0,20    0,20    0,00    0,00    0,40     2  systemd
19:00:39        0        18    0,00    0,20    0,00    0,20    0,20     1  rcu_preempt
19:00:39        0       226    0,00    0,20    0,00    0,00    0,20     3  kworker/3:1H-events_highpri
19:00:39        0       381    0,20    0,00    0,00    0,00    0,20     1  systemd-journal
19:00:39        0       413    0,00    0,20    0,00    0,00    0,20     4  systemd-udevd
19:00:39      102       896    0,20    0,00    0,00    0,00    0,20     6  avahi-daemon
19:00:39      990       905    0,60    0,00    0,00    0,00    0,60     5  dbus-daemon
19:00:39      115       927    0,20    0,00    0,00    0,00    0,20     3  prometheus
19:00:39        0      1052    0,20    0,20    0,00    0,00    0,40     1  NetworkManager
19:00:39        0      1457    0,20    0,00    0,00    0,00    0,20     5  glances
19:00:39        0      1468    0,20    0,40    0,00    0,00    0,60     6  tailscaled
19:00:39        0      1489    1,20    0,00    0,00    0,00    1,20     4  containerd
19:00:39       33      1618    0,20    0,00    0,00    0,00    0,20     1  apache2
19:00:39        0      2351    0,80    1,00    0,00    0,00    1,79     3  dockerd
19:00:39      117      2352    0,40    0,20    0,00    0,00    0,60     3  grafana
19:00:39        0      3170    0,60    0,40    0,00    0,20    1,00     7  mount.ntfs-3g
19:00:39        0      3246    0,20    0,20    0,00    0,00    0,40     0  containerd-shim
19:00:39      999      3405    0,40    0,20    0,00    0,00    0,60     6  redis-server
19:00:39     1000      8864    0,40    0,00    0,00    0,20    0,40     4  systemd
19:00:39     1000      9024    1,59    0,60    0,00    0,20    2,19     4  gnome-shell
19:00:39     1000      9138    0,20    0,20    0,00    0,00    0,40     0  gsd-housekeepin
19:00:39     1000      9162    0,20    0,00    0,00    0,00    0,20     2  gsd-sharing
19:00:39     1000      9166    0,20    0,00    0,00    0,00    0,20     7  gnome-software
19:00:39     1000      9349    0,00    0,20    0,00    0,00    0,20     1  gvfs-udisks2-vo
19:00:39     1000      9454    0,20    0,20    0,00    0,00    0,40     3  gvfsd-trash
19:00:39     1000      9700    0,80    0,20    0,00    0,20    1,00     6  antigravity
19:00:39     1000      9756    1,00    0,60    0,00    0,00    1,59     4  antigravity
19:00:39     1000      9830   18,92    0,40    0,00    0,20   19,32     2  antigravity
19:00:39     1000     10074    1,20    1,39    0,00    0,40    2,59     1  language_server
19:00:39     1000     10121    0,40    0,40    0,00    0,20    0,80     5  antigravity
19:00:39     1000     10122    1,99    0,40    0,00    0,20    2,39     7  antigravity
19:00:39     1000     10186    0,20    0,00    0,00    0,00    0,20     7  antigravity
19:00:39     1000     10187    2,99    0,20    0,00    0,20    3,19     6  antigravity
19:00:39     1000     11152    1,39    1,39    0,00    0,00    2,79     6  language_server
19:00:39        0     25979    0,00    0,20    0,00    0,20    0,20     7  kworker/u32:4-events_unbound
19:00:39        0     35706    0,00    0,20    0,00    0,00    0,20     4  kworker/u32:6-events_unbound
19:00:39     1000     37469    0,20    0,20    0,00    0,00    0,40     5  pidstat
19:00:39     1000     37500   92,43    3,98    0,00    0,00   96,41     0  java

19:00:34      UID       PID  minflt/s  majflt/s     VSZ     RSS   %MEM  Command
19:00:39        0       381     49,00      0,00  136916   82648   0,51  systemd-journal
19:00:39        0       413    111,95      0,00   37696   11516   0,07  systemd-udevd
19:00:39        0      1489     35,46      0,00 2242640   65752   0,41  containerd
19:00:39        0      2351      0,60      0,00 3433248  108444   0,67  dockerd
19:00:39        0      3207      0,80      0,00 1235608   15108   0,09  containerd-shim
19:00:39        0      3227      8,76      0,00 1235352   14740   0,09  containerd-shim
19:00:39        0      3240      5,98      0,00 1235608   15720   0,10  containerd-shim
19:00:39        0      3246      7,17      0,00 1235608   15572   0,10  containerd-shim
19:00:39        0      3261      7,77      0,00 1235608   15656   0,10  containerd-shim
19:00:39     1000      9024      2,19      0,00 4672732  275444   1,70  gnome-shell
19:00:39     1000      9700     63,75      0,00 1461692876  303896   1,87  antigravity
19:00:39     1000      9756      3,59      0,00 34341180  165192   1,02  antigravity
19:00:39     1000      9767      0,60      0,00 33906012   82040   0,51  antigravity
19:00:39     1000      9830    551,00      0,00 1461371884  489232   3,01  antigravity
19:00:39     1000     10109      0,20      0,00 33951332   64948   0,40  antigravity
19:00:39     1000     10121    146,81      0,00 1461391740  126072   0,78  antigravity
19:00:39     1000     10122    419,52      0,00 1461343128  285560   1,76  antigravity
19:00:39     1000     10186      6,37      0,00 1478124976  122820   0,76  antigravity
19:00:39     1000     10187     42,23      0,00 1461358904  157348   0,97  antigravity
19:00:39     1000     37469      1,00      0,00    5920    4968   0,03  pidstat
19:00:39     1000     37470      3,98      0,00    2676    1700   0,01  jmeter
19:00:39     1000     37500   5860,96      0,00 6095324  217788   1,34  java
19:00:39        0     37572     60,16      0,00   37700    7324   0,05  (udev-worker)
19:00:39        0     37586     63,15      0,00   37700    7260   0,04  (udev-worker)
19:00:39        0     37587     28,69      0,00   37700    7004   0,04  (udev-worker)
19:00:39        0     37588     28,29      0,00   37700    7004   0,04  (udev-worker)
19:00:39        0     37589     28,09      0,00   37700    7004   0,04  (udev-worker)
19:00:39        0     37590     28,09      0,00   37700    7004   0,04  (udev-worker)
19:00:39        0     37591     27,69      0,00   37700    7004   0,04  (udev-worker)
19:00:39        0     37592     36,85      0,00   37700    7004   0,04  (udev-worker)
19:00:39        0     37593     28,69      0,00   37700    7004   0,04  (udev-worker)
19:00:39        0     37594     28,09      0,00   37700    6880   0,04  (udev-worker)
19:00:39        0     37595     27,69      0,00   37700    7004   0,04  (udev-worker)
19:00:39        0     37596     27,29      0,00   37700    7004   0,04  (udev-worker)
19:00:39        0     37597     27,69      0,00   37700    7004   0,04  (udev-worker)
19:00:39        0     37598     27,89      0,00   37700    7004   0,04  (udev-worker)
19:00:39        0     37599     28,09      0,00   37700    7004   0,04  (udev-worker)
19:00:39        0     37600     27,69      0,00   37700    7004   0,04  (udev-worker)

19:00:34      UID       PID   kB_rd/s   kB_wr/s kB_ccwr/s iodelay  Command
19:00:39     1000     37500      0,00      2,16      0,00       0  java

19:00:39      UID       PID    %usr %system  %guest   %wait    %CPU   CPU  Command
19:00:44        0        17    0,00    0,20    0,00    0,20    0,20     0  ksoftirqd/0
19:00:44      115       927    0,20    0,00    0,00    0,00    0,20     6  prometheus
19:00:44        0      1468    0,00    0,20    0,00    0,00    0,20     6  tailscaled
19:00:44        0      1489    0,20    0,40    0,00    0,00    0,60     4  containerd
19:00:44        0      2351    0,40    0,20    0,00    0,00    0,60     3  dockerd
19:00:44      117      2352    0,80    0,20    0,00    0,00    1,00     3  grafana
19:00:44        0      3170    0,00    0,20    0,00    0,00    0,20     6  mount.ntfs-3g
19:00:44        0      3227    0,20    0,00    0,00    0,00    0,20     3  containerd-shim
19:00:44        0      3240    0,20    0,00    0,00    0,00    0,20     1  containerd-shim
19:00:44        0      3261    0,20    0,20    0,00    0,00    0,40     3  containerd-shim
19:00:44      999      3405    0,20    0,20    0,00    0,00    0,40     6  redis-server
19:00:44     1000      9024    0,60    0,20    0,00    0,00    0,80     2  gnome-shell
19:00:44     1000      9756    0,20    0,00    0,00    0,00    0,20     4  antigravity
19:00:44     1000      9830    0,80    0,20    0,00    0,00    1,00     2  antigravity
19:00:44     1000     10074    1,20    1,60    0,00    0,00    2,80     4  language_server
19:00:44     1000     10121    0,20    0,20    0,00    0,00    0,40     7  antigravity
19:00:44     1000     10122    0,60    0,20    0,00    0,00    0,80     4  antigravity
19:00:44     1000     10187    0,60    0,20    0,00    0,00    0,80     3  antigravity
19:00:44     1000     11152    2,20    1,00    0,00    0,00    3,20     1  language_server
19:00:44        0     31798    0,00    0,20    0,00    0,00    0,20     1  kworker/1:2-mm_percpu_wq
19:00:44        0     33252    0,00    0,20    0,00    0,00    0,20     0  kworker/0:2-mm_percpu_wq
19:00:44     1000     37469    0,20    0,20    0,00    0,00    0,40     5  pidstat
19:00:44     1000     37500    5,40    0,60    0,00    0,00    6,00     0  java

19:00:39      UID       PID  minflt/s  majflt/s     VSZ     RSS   %MEM  Command
19:00:44        0       413      1,00      0,00   37696   11516   0,07  systemd-udevd
19:00:44        0      1489      7,20      0,00 2242640   65880   0,41  containerd
19:00:44        0      3207      5,00      0,00 1235608   15236   0,09  containerd-shim
19:00:44        0      3227     10,00      0,00 1235352   14996   0,09  containerd-shim
19:00:44        0      3240      0,80      0,00 1235608   15720   0,10  containerd-shim
19:00:44        0      3246      6,60      0,00 1235608   15828   0,10  containerd-shim
19:00:44        0      3261      2,20      0,00 1235608   15656   0,10  containerd-shim
19:00:44     1000      9024      6,60      0,00 4672668  275316   1,70  gnome-shell
19:00:44     1000      9700     33,60      0,00 1461692876  304000   1,87  antigravity
19:00:44     1000      9756      1,40      0,00 34332668  165192   1,02  antigravity
19:00:44     1000      9767      0,60      0,00 33906012   82040   0,51  antigravity
19:00:44     1000      9830     59,60      0,00 1461371884  489464   3,02  antigravity
19:00:44     1000     10109      0,20      0,00 33951332   64948   0,40  antigravity
19:00:44     1000     10121     95,20      0,00 1461391740  126200   0,78  antigravity
19:00:44     1000     10122     19,60      0,00 1461343128  284992   1,76  antigravity
19:00:44     1000     10186      3,00      0,00 1478124976  122820   0,76  antigravity
19:00:44     1000     10187      2,80      0,00 1461358904  157348   0,97  antigravity
19:00:44     1000     37469      7,00      0,00    6052    5096   0,03  pidstat
19:00:44     1000     37500    318,80      0,00 6095324  224188   1,38  java

19:00:39      UID       PID   kB_rd/s   kB_wr/s kB_ccwr/s iodelay  Command
19:00:44     1000     37469      0,00      1,35      0,00       0  pidstat
19:00:44     1000     37500      0,00      0,17      0,00       0  java

19:00:44      UID       PID    %usr %system  %guest   %wait    %CPU   CPU  Command
19:00:49        0         1    0,20    0,00    0,00    0,00    0,20     7  systemd
19:00:49        0        86    0,00    0,20    0,00    0,00    0,20     0  irq/9-acpi
19:00:49        0       320    0,00    0,20    0,00    0,00    0,20     2  jbd2/sda6-8
19:00:49      990       905    0,80    0,00    0,00    0,00    0,80     5  dbus-daemon
19:00:49      115       926    1,20    0,40    0,00    0,00    1,60     2  prometheus-node
19:00:49        0      1457    0,20    0,00    0,00    0,00    0,20     5  glances
19:00:49        0      1468    0,00    0,20    0,00    0,00    0,20     6  tailscaled
19:00:49        0      1489    0,20    0,00    0,00    0,00    0,20     4  containerd
19:00:49        0      2351    0,40    0,00    0,00    0,00    0,40     3  dockerd
19:00:49      117      2352    0,60    0,40    0,00    0,00    1,00     3  grafana
19:00:49        0      3170    0,40    0,20    0,00    0,00    0,60     0  mount.ntfs-3g
19:00:49        0      3207    0,20    0,20    0,00    0,00    0,40     6  containerd-shim
19:00:49        0      3246    0,20    0,00    0,00    0,00    0,20     0  containerd-shim
19:00:49        0      3261    0,20    0,00    0,00    0,00    0,20     3  containerd-shim
19:00:49      999      3405    0,40    0,00    0,00    0,00    0,40     6  redis-server
19:00:49     1000      9024    0,20    0,60    0,00    0,00    0,80     2  gnome-shell
19:00:49     1000      9700    0,20    0,20    0,00    0,00    0,40     7  antigravity
19:00:49     1000      9830    0,80    0,00    0,00    0,00    0,80     2  antigravity
19:00:49     1000     10074    1,60    1,20    0,00    0,00    2,80     4  language_server
19:00:49     1000     10121    0,00    0,20    0,00    0,00    0,20     5  antigravity
19:00:49     1000     10122    0,60    0,20    0,00    0,00    0,80     4  antigravity
19:00:49     1000     10187    0,40    0,20    0,00    0,00    0,60     0  antigravity
19:00:49     1000     11152    0,80    2,00    0,00    0,00    2,80     1  language_server
19:00:49     1000     37469    0,00    0,40    0,00    0,00    0,40     5  pidstat
19:00:49     1000     37500    3,20    0,40    0,00    0,00    3,60     0  java

19:00:44      UID       PID  minflt/s  majflt/s     VSZ     RSS   %MEM  Command
19:00:49      115       926     64,80      0,00 1687812   25484   0,16  prometheus-node
19:00:49        0      1489      4,80      0,00 2242640   66008   0,41  containerd
19:00:49        0      3207      0,60      0,00 1235608   15236   0,09  containerd-shim
19:00:49        0      3227      0,40      0,00 1235352   14856   0,09  containerd-shim
19:00:49        0      3240      5,00      0,00 1235608   15720   0,10  containerd-shim
19:00:49        0      3246      6,40      0,00 1235608   15828   0,10  containerd-shim
19:00:49        0      3261      8,40      0,00 1235608   15912   0,10  containerd-shim
19:00:49     1000      9024      0,40      0,00 4672732  275316   1,70  gnome-shell
19:00:49     1000      9700     33,60      0,00 1461692876  304384   1,88  antigravity
19:00:49     1000      9756      1,40      0,00 34332668  165192   1,02  antigravity
19:00:49     1000      9767      0,60      0,00 33906012   82040   0,51  antigravity
19:00:49     1000      9830     55,80      0,00 1461371884  489844   3,02  antigravity
19:00:49     1000     10109      0,20      0,00 33951332   64948   0,40  antigravity
19:00:49     1000     10121     11,00      0,00 1461391740  126200   0,78  antigravity
19:00:49     1000     10122     18,40      0,00 1461343128  284992   1,76  antigravity
19:00:49     1000     10186      3,00      0,00 1478124976  122820   0,76  antigravity
19:00:49     1000     10187      2,60      0,00 1461358904  157348   0,97  antigravity
19:00:49     1000     11152      1,80      0,00 4969748  458204   2,82  language_server
19:00:49     1000     37469      0,00      0,00    6028    5096   0,03  pidstat
19:00:49     1000     37500     29,80      0,00 6095324  217704   1,34  java

19:00:44      UID       PID   kB_rd/s   kB_wr/s kB_ccwr/s iodelay  Command
19:00:49     1000     37469      0,00      0,79      0,00       0  pidstat
19:00:49     1000     37500      0,00      0,17      0,00       0  java

19:00:49      UID       PID    %usr %system  %guest   %wait    %CPU   CPU  Command
19:00:54      115       927    0,20    0,00    0,00    0,00    0,20     6  prometheus
19:00:54        0      1457    0,20    0,00    0,00    0,00    0,20     5  glances
19:00:54        0      1468    0,20    0,00    0,00    0,00    0,20     6  tailscaled
19:00:54        0      1489    0,20    0,20    0,00    0,00    0,40     4  containerd
19:00:54      111      1556    0,20    0,00    0,00    0,00    0,20     5  mariadbd
19:00:54        0      2351    0,60    0,00    0,00    0,00    0,60     3  dockerd
19:00:54      117      2352    0,60    0,60    0,00    0,00    1,20     3  grafana
19:00:54        0      3170    0,20    0,00    0,00    0,00    0,20     0  mount.ntfs-3g
19:00:54        0      3227    0,00    0,20    0,00    0,00    0,20     3  containerd-shim
19:00:54        0      3240    0,20    0,00    0,00    0,00    0,20     1  containerd-shim
19:00:54        0      3246    0,00    0,20    0,00    0,00    0,20     0  containerd-shim
19:00:54      999      3405    0,40    0,00    0,00    0,00    0,40     1  redis-server
19:00:54     1000      9024    0,60    0,20    0,00    0,00    0,80     5  gnome-shell
19:00:54     1000      9700    0,00    0,20    0,00    0,00    0,20     1  antigravity
19:00:54     1000      9756    0,20    0,00    0,00    0,00    0,20     4  antigravity
19:00:54     1000      9830    0,60    0,20    0,00    0,00    0,80     4  antigravity
19:00:54     1000     10074    1,00    1,60    0,00    0,00    2,60     7  language_server
19:00:54     1000     10121    0,20    0,00    0,00    0,00    0,20     7  antigravity
19:00:54     1000     10122    0,60    0,00    0,00    0,00    0,60     4  antigravity
19:00:54     1000     10187    0,60    0,20    0,00    0,00    0,80     2  antigravity
19:00:54     1000     11152    1,40    1,60    0,00    0,00    3,00     5  language_server
19:00:54     1000     37469    0,20    0,20    0,00    0,00    0,40     5  pidstat
19:00:54     1000     37500    6,20    0,20    0,00    0,00    6,40     0  java

19:00:49      UID       PID  minflt/s  majflt/s     VSZ     RSS   %MEM  Command
19:00:54        0      1489      6,00      0,00 2242640   66008   0,41  containerd
19:00:54        0      3207     13,00      0,00 1235608   15144   0,09  containerd-shim
19:00:54        0      3227     11,60      0,00 1235352   14144   0,09  containerd-shim
19:00:54        0      3240      7,00      0,00 1235608   15032   0,09  containerd-shim
19:00:54        0      3246      6,40      0,00 1235608   15376   0,09  containerd-shim
19:00:54        0      3261     12,40      0,00 1235608   15188   0,09  containerd-shim
19:00:54     1000      9024      6,60      0,00 4672732  275316   1,70  gnome-shell
19:00:54     1000      9700     39,40      0,00 1461692876  303972   1,87  antigravity
19:00:54     1000      9756      2,80      0,00 34332668  165192   1,02  antigravity
19:00:54     1000      9767      1,20      0,00 33906012   82040   0,51  antigravity
19:00:54     1000      9830     74,00      0,00 1461371884  490736   3,02  antigravity
19:00:54     1000     10109      0,40      0,00 33951332   64948   0,40  antigravity
19:00:54     1000     10121      2,60      0,00 1461391740  126200   0,78  antigravity
19:00:54     1000     10122     13,40      0,00 1461343128  285248   1,76  antigravity
19:00:54     1000     10186      3,00      0,00 1478124976  122820   0,76  antigravity
19:00:54     1000     10187      3,20      0,00 1461358904  157348   0,97  antigravity
19:00:54     1000     11152      1,20      0,00 4969748  458204   2,82  language_server
19:00:54     1000     37500    101,00      0,00 6095324  219752   1,35  java

19:00:49      UID       PID   kB_rd/s   kB_wr/s kB_ccwr/s iodelay  Command
19:00:54     1000      9700      0,00      2,40      0,00       0  antigravity
19:00:54     1000     37469      0,00      0,84      0,00       0  pidstat
19:00:54     1000     37500      0,00      1,77      0,00       0  java

19:00:54      UID       PID    %usr %system  %guest   %wait    %CPU   CPU  Command
19:00:59        0      1489    0,20    0,20    0,00    0,00    0,40     4  containerd
19:00:59        0      2351    0,20    0,20    0,00    0,00    0,40     3  dockerd
19:00:59      117      2352    0,60    0,40    0,00    0,00    1,00     3  grafana
19:00:59        0      3170    0,20    0,20    0,00    0,00    0,40     3  mount.ntfs-3g
19:00:59        0      3207    0,00    0,20    0,00    0,00    0,20     6  containerd-shim
19:00:59        0      3227    0,20    0,00    0,00    0,00    0,20     3  containerd-shim
19:00:59        0      3261    0,20    0,00    0,00    0,00    0,20     3  containerd-shim
19:00:59      999      3405    0,20    0,20    0,00    0,00    0,40     1  redis-server
19:00:59     1000      9024    0,40    0,00    0,00    0,00    0,40     5  gnome-shell
19:00:59     1000      9700    0,20    0,00    0,00    0,00    0,20     1  antigravity
19:00:59     1000      9756    0,00    0,20    0,00    0,00    0,20     4  antigravity
19:00:59     1000      9830    0,80    0,00    0,00    0,00    0,80     2  antigravity
19:00:59     1000     10074    3,20    0,60    0,00    0,00    3,80     7  language_server
19:00:59     1000     10121    0,20    0,20    0,00    0,00    0,40     5  antigravity
19:00:59     1000     10122    0,80    0,20    0,00    0,00    1,00     1  antigravity
19:00:59     1000     10187    0,60    0,00    0,00    0,00    0,60     2  antigravity
19:00:59     1000     11152    1,60    1,40    0,00    0,00    3,00     4  language_server
19:00:59        0     33395    0,20    0,00    0,00    0,00    0,20     5  kworker/5:3-mm_percpu_wq
19:00:59     1000     37469    0,20    0,20    0,00    0,00    0,40     5  pidstat
19:00:59     1000     37500    3,40    0,20    0,00    0,00    3,60     0  java

19:00:54      UID       PID  minflt/s  majflt/s     VSZ     RSS   %MEM  Command
19:00:59      115       927      1,40      0,00 2702228  114280   0,70  prometheus
19:00:59        0      1489      6,20      0,00 2242640   66264   0,41  containerd
19:00:59        0      3207     11,60      0,00 1235608   15144   0,09  containerd-shim
19:00:59        0      3227     10,80      0,00 1235352   14400   0,09  containerd-shim
19:00:59        0      3240      7,40      0,00 1235608   15032   0,09  containerd-shim
19:00:59        0      3246      5,60      0,00 1235608   15376   0,09  containerd-shim
19:00:59        0      3261     11,80      0,00 1235608   15444   0,10  containerd-shim
19:00:59     1000      9024      0,60      0,00 4672732  275316   1,70  gnome-shell
19:00:59     1000      9700     37,00      0,00 1461692876  303860   1,87  antigravity
19:00:59     1000      9756      1,40      0,00 34332668  165192   1,02  antigravity
19:00:59     1000      9767      0,60      0,00 33906012   82040   0,51  antigravity
19:00:59     1000      9830     66,80      0,00 1461371884  490988   3,02  antigravity
19:00:59     1000     10074     11,60      0,00 5034116  365544   2,25  language_server
19:00:59     1000     10109      0,20      0,00 33951332   64948   0,40  antigravity
19:00:59     1000     10121      7,20      0,00 1461391740  126200   0,78  antigravity
19:00:59     1000     10122     29,00      0,00 1461343128  285248   1,76  antigravity
19:00:59     1000     10186      6,00      0,00 1478124976  122820   0,76  antigravity
19:00:59     1000     10187      5,20      0,00 1461358904  157476   0,97  antigravity
19:00:59     1000     37500     25,80      0,00 6095324  220264   1,36  java

19:00:54      UID       PID   kB_rd/s   kB_wr/s kB_ccwr/s iodelay  Command
19:00:59     1000     37469      0,00      0,78      0,00       0  pidstat
19:00:59     1000     37500      0,00      1,77      0,00       0  java

19:00:59      UID       PID    %usr %system  %guest   %wait    %CPU   CPU  Command
19:01:04        0         1    0,20    0,00    0,00    0,00    0,20     5  systemd
19:01:04        0        39    0,20    0,00    0,00    0,00    0,20     3  ksoftirqd/3
19:01:04        0        86    0,00    0,20    0,00    0,00    0,20     0  irq/9-acpi
19:01:04      990       905    0,40    0,20    0,00    0,00    0,60     7  dbus-daemon
19:01:04      115       926    1,00    0,60    0,00    0,00    1,60     2  prometheus-node
19:01:04      115       927    0,60    0,00    0,00    0,00    0,60     6  prometheus
19:01:04        0      1457    0,20    0,00    0,00    0,00    0,20     5  glances
19:01:04        0      1468    0,00    0,20    0,00    0,00    0,20     6  tailscaled
19:01:04        0      1489    0,20    0,20    0,00    0,00    0,40     4  containerd
19:01:04        0      2351    0,20    0,20    0,00    0,00    0,40     3  dockerd
19:01:04      117      2352    0,80    0,20    0,00    0,00    1,00     3  grafana
19:01:04        0      3170    0,00    0,20    0,00    0,00    0,20     5  mount.ntfs-3g
19:01:04        0      3240    0,20    0,00    0,00    0,00    0,20     1  containerd-shim
19:01:04      999      3405    0,40    0,00    0,00    0,00    0,40     4  redis-server
19:01:04     1000      9024    0,60    0,40    0,00    0,00    1,00     2  gnome-shell
19:01:04     1000      9700    0,20    0,00    0,00    0,00    0,20     3  antigravity
19:01:04     1000      9756    0,20    0,00    0,00    0,00    0,20     7  antigravity
19:01:04     1000      9830    0,80    0,20    0,00    0,00    1,00     2  antigravity
19:01:04     1000     10074    1,40    1,80    0,00    0,00    3,20     1  language_server
19:01:04     1000     10121    0,20    0,20    0,00    0,00    0,40     7  antigravity
19:01:04     1000     10122    0,80    0,20    0,00    0,00    1,00     4  antigravity
19:01:04     1000     10187    0,60    0,00    0,00    0,00    0,60     0  antigravity
19:01:04     1000     11152    1,20    1,80    0,00    0,00    3,00     0  language_server
19:01:04     1000     37469    0,00    0,40    0,00    0,00    0,40     6  pidstat
19:01:04     1000     37500    2,80    0,40    0,00    0,00    3,20     0  java

19:00:59      UID       PID  minflt/s  majflt/s     VSZ     RSS   %MEM  Command
19:01:04      115       926     80,40      0,00 1687812   25416   0,16  prometheus-node
19:01:04      115       927     55,80      0,00 2702228  115432   0,71  prometheus
19:01:04        0      1489      3,80      0,00 2242640   66264   0,41  containerd
19:01:04        0      3207     16,00      0,00 1235608   15400   0,09  containerd-shim
19:01:04        0      3227     14,60      0,00 1235352   14656   0,09  containerd-shim
19:01:04        0      3240      9,40      0,00 1235608   15288   0,09  containerd-shim
19:01:04        0      3246     11,00      0,00 1235608   15504   0,10  containerd-shim
19:01:04        0      3261     12,60      0,00 1235608   15700   0,10  containerd-shim
19:01:04     1000      9024      6,40      0,00 4672668  275316   1,70  gnome-shell
19:01:04     1000      9700     34,00      0,00 1461692876  303788   1,87  antigravity
19:01:04     1000      9756      4,40      0,00 34324604  165192   1,02  antigravity
19:01:04     1000      9767      0,60      0,00 33906012   82040   0,51  antigravity
19:01:04     1000      9830     82,40      0,00 1461371884  491880   3,03  antigravity
19:01:04     1000     10109      0,20      0,00 33951332   64948   0,40  antigravity
19:01:04     1000     10121     92,60      0,00 1461391740  126328   0,78  antigravity
19:01:04     1000     10122     32,00      0,00 1461343128  285212   1,76  antigravity
19:01:04     1000     10186      3,00      0,00 1478124976  122820   0,76  antigravity
19:01:04     1000     10187      3,00      0,00 1461358904  157476   0,97  antigravity
19:01:04     1000     37500     19,60      0,00 6095324  220520   1,36  java

19:00:59      UID       PID   kB_rd/s   kB_wr/s kB_ccwr/s iodelay  Command
19:01:04     1000     10122      0,00      1,60      0,00       0  antigravity
19:01:04     1000     37469      0,00      0,74      0,00       0  pidstat
19:01:04     1000     37500      0,00      0,21      0,00       0  java

19:01:04      UID       PID    %usr %system  %guest   %wait    %CPU   CPU  Command
19:01:09        0      1457    0,20    0,00    0,00    0,00    0,20     5  glances
19:01:09        0      1489    0,20    0,20    0,00    0,00    0,40     4  containerd
19:01:09        0      2351    0,40    0,20    0,00    0,00    0,60     3  dockerd
19:01:09      117      2352    0,60    0,20    0,00    0,00    0,80     3  grafana
19:01:09        0      3170    0,00    0,20    0,00    0,00    0,20     5  mount.ntfs-3g
19:01:09        0      3207    0,20    0,00    0,00    0,00    0,20     6  containerd-shim
19:01:09        0      3227    0,00    0,20    0,00    0,00    0,20     3  containerd-shim
19:01:09        0      3240    0,00    0,20    0,00    0,00    0,20     1  containerd-shim
19:01:09        0      3246    0,20    0,00    0,00    0,00    0,20     0  containerd-shim
19:01:09      999      3405    0,40    0,00    0,00    0,00    0,40     4  redis-server
19:01:09     1000      9024    0,60    0,00    0,00    0,00    0,60     2  gnome-shell
19:01:09     1000      9700    0,00    0,20    0,00    0,00    0,20     3  antigravity
19:01:09     1000      9756    0,20    0,00    0,00    0,00    0,20     7  antigravity
19:01:09     1000      9830    0,80    0,00    0,00    0,00    0,80     4  antigravity
19:01:09     1000     10074    1,00    2,00    0,00    0,00    3,00     7  language_server
19:01:09     1000     10121    0,00    0,20    0,00    0,00    0,20     7  antigravity
19:01:09     1000     10122    0,80    0,00    0,00    0,00    0,80     4  antigravity
19:01:09     1000     10187    0,40    0,00    0,00    0,00    0,40     0  antigravity
19:01:09     1000     11152    2,60    1,20    0,00    0,00    3,80     5  language_server
19:01:09        0     16329    0,00    0,20    0,00    0,00    0,20     4  kworker/u32:2-events_unbound
19:01:09     1000     37469    0,20    0,20    0,00    0,00    0,40     6  pidstat
19:01:09     1000     37500    2,60    0,20    0,00    0,00    2,80     0  java

19:01:04      UID       PID  minflt/s  majflt/s     VSZ     RSS   %MEM  Command
19:01:09      115       927      0,40      0,00 2702228  115432   0,71  prometheus
19:01:09        0      1468      0,40      0,00 1421636  104524   0,64  tailscaled
19:01:09        0      3207      3,00      0,00 1235608   15400   0,09  containerd-shim
19:01:09        0      3227      1,40      0,00 1235352   14656   0,09  containerd-shim
19:01:09        0      3240      3,60      0,00 1235608   15288   0,09  containerd-shim
19:01:09        0      3246      0,40      0,00 1235608   15504   0,10  containerd-shim
19:01:09        0      3261      5,60      0,00 1235608   15828   0,10  containerd-shim
19:01:09     1000      9024      0,40      0,00 4672732  275316   1,70  gnome-shell
19:01:09     1000      9700     33,60      0,00 1461692876  304300   1,87  antigravity
19:01:09     1000      9756      1,40      0,00 34324604  165192   1,02  antigravity
19:01:09     1000      9767      0,60      0,00 33906012   82040   0,51  antigravity
19:01:09     1000      9830     55,20      0,00 1461371884  492648   3,03  antigravity
19:01:09     1000     10109      0,20      0,00 33951332   64948   0,40  antigravity
19:01:09     1000     10121      6,40      0,00 1461391740  126456   0,78  antigravity
19:01:09     1000     10122     19,60      0,00 1461343128  285212   1,76  antigravity
19:01:09     1000     10186      3,00      0,00 1478124976  122820   0,76  antigravity
19:01:09     1000     10187      2,60      0,00 1461358904  157476   0,97  antigravity
19:01:09     1000     37500     23,80      0,00 6095324  221160   1,36  java

19:01:04      UID       PID   kB_rd/s   kB_wr/s kB_ccwr/s iodelay  Command
19:01:09     1000     37469      0,00      0,83      0,00       0  pidstat
19:01:09     1000     37500      0,00      0,17      0,00       0  java

19:01:09      UID       PID    %usr %system  %guest   %wait    %CPU   CPU  Command
19:01:14      115       927    0,20    0,00    0,00    0,00    0,20     0  prometheus
19:01:14        0      1489    0,40    0,20    0,00    0,00    0,60     4  containerd
19:01:14        0      2351    0,40    0,00    0,00    0,00    0,40     3  dockerd
19:01:14      117      2352    0,60    0,40    0,00    0,00    1,00     3  grafana
19:01:14        0      3170    0,20    0,20    0,00    0,00    0,40     7  mount.ntfs-3g
19:01:14        0      3207    0,00    0,20    0,00    0,00    0,20     6  containerd-shim
19:01:14        0      3227    0,20    0,00    0,00    0,00    0,20     3  containerd-shim
19:01:14        0      3261    0,20    0,20    0,00    0,00    0,40     3  containerd-shim
19:01:14      999      3405    0,40    0,00    0,00    0,00    0,40     4  redis-server
19:01:14     1000      9024    0,60    0,20    0,00    0,00    0,80     4  gnome-shell
19:01:14     1000      9700    0,20    0,00    0,00    0,00    0,20     4  antigravity
19:01:14     1000      9830    0,60    0,20    0,00    0,00    0,80     7  antigravity
19:01:14     1000     10074    1,80    1,40    0,00    0,00    3,20     5  language_server
19:01:14     1000     10121    0,00    0,20    0,00    0,00    0,20     5  antigravity
19:01:14     1000     10122    0,40    0,20    0,00    0,00    0,60     1  antigravity
19:01:14     1000     10187    0,60    0,20    0,00    0,00    0,80     0  antigravity
19:01:14     1000     11152    2,00    1,40    0,00    0,20    3,40     7  language_server
19:01:14     1000     37469    0,20    0,20    0,00    0,00    0,40     6  pidstat
19:01:14     1000     37500    1,20    0,00    0,00    0,00    1,20     0  java

19:01:09      UID       PID  minflt/s  majflt/s     VSZ     RSS   %MEM  Command
19:01:14        0      1489      4,20      0,00 2242640   65908   0,41  containerd
19:01:14        0      3207      0,40      0,00 1235608   15400   0,09  containerd-shim
19:01:14        0      3227      8,00      0,00 1235352   14656   0,09  containerd-shim
19:01:14        0      3240      1,00      0,00 1235608   15288   0,09  containerd-shim
19:01:14        0      3246      7,00      0,00 1235608   15632   0,10  containerd-shim
19:01:14        0      3261      0,80      0,00 1235608   15828   0,10  containerd-shim
19:01:14     1000      9024      6,60      0,00 4672668  275316   1,70  gnome-shell
19:01:14     1000      9700     39,40      0,00 1461692876  303884   1,87  antigravity
19:01:14     1000      9756      3,00      0,00 34324668  165192   1,02  antigravity
19:01:14     1000      9767      1,20      0,00 33906012   82040   0,51  antigravity
19:01:14     1000      9830     52,20      0,00 1461371948  493544   3,04  antigravity
19:01:14     1000     10074     34,20      0,00 5034116  366312   2,26  language_server
19:01:14     1000     10109      0,40      0,00 33951332   64948   0,40  antigravity
19:01:14     1000     10121      2,00      0,00 1461391740  126456   0,78  antigravity
19:01:14     1000     10122     17,40      0,00 1461343128  285208   1,76  antigravity
19:01:14     1000     10186      3,00      0,00 1478124976  122820   0,76  antigravity
19:01:14     1000     10187      3,00      0,00 1461358904  157476   0,97  antigravity
19:01:14     1000     37500     32,80      0,00 6095324  221672   1,37  java

19:01:09      UID       PID   kB_rd/s   kB_wr/s kB_ccwr/s iodelay  Command
19:01:14     1000     37469      0,00      0,76      0,00       0  pidstat
19:01:14     1000     37500      0,00      0,17      0,00       0  java

19:01:14      UID       PID    %usr %system  %guest   %wait    %CPU   CPU  Command
19:01:19        0         1    0,20    0,00    0,00    0,00    0,20     6  systemd
19:01:19        0        18    0,00    0,20    0,00    0,00    0,20     4  rcu_preempt
19:01:19      990       905    0,60    0,00    0,00    0,00    0,60     7  dbus-daemon
19:01:19      115       926    0,80    0,60    0,00    0,00    1,40     2  prometheus-node
19:01:19      115       927    0,20    0,00    0,00    0,00    0,20     0  prometheus
19:01:19        0      1457    0,20    0,00    0,00    0,00    0,20     5  glances
19:01:19        0      1479    0,00    0,20    0,00    0,00    0,20     4  anydesk
19:01:19        0      1489    0,20    0,20    0,00    0,00    0,40     4  containerd
19:01:19        0      2351    0,40    0,20    0,00    0,00    0,60     3  dockerd
19:01:19      117      2352    0,80    0,20    0,00    0,00    1,00     3  grafana
19:01:19        0      3170    0,00    0,20    0,00    0,00    0,20     2  mount.ntfs-3g
19:01:19        0      3240    0,00    0,20    0,00    0,00    0,20     1  containerd-shim
19:01:19        0      3246    0,00    0,20    0,00    0,00    0,20     0  containerd-shim
19:01:19      999      3405    0,20    0,20    0,00    0,00    0,40     1  redis-server
19:01:19     1000      9024    0,20    0,40    0,00    0,00    0,60     4  gnome-shell
19:01:19     1000      9700    0,20    0,00    0,00    0,00    0,20     7  antigravity
19:01:19     1000      9756    0,20    0,00    0,00    0,00    0,20     7  antigravity
19:01:19     1000      9830    0,60    0,20    0,00    0,00    0,80     7  antigravity
19:01:19     1000     10074    1,60    1,60    0,00    0,20    3,20     2  language_server
19:01:19     1000     10121    0,40    0,00    0,00    0,00    0,40     4  antigravity
19:01:19     1000     10122    0,60    0,20    0,00    0,00    0,80     1  antigravity
19:01:19     1000     10187    0,40    0,00    0,00    0,00    0,40     1  antigravity
19:01:19     1000     11152    1,00    2,20    0,00    0,00    3,20     2  language_server
19:01:19     1000     37469    0,00    0,40    0,00    0,00    0,40     6  pidstat
19:01:19     1000     37500    1,60    1,40    0,00    0,00    3,00     0  java

19:01:14      UID       PID  minflt/s  majflt/s     VSZ     RSS   %MEM  Command
19:01:19      115       926     87,80      0,00 1687812   25488   0,16  prometheus-node
19:01:19        0      1489      0,60      0,00 2242640   65908   0,41  containerd
19:01:19      114      1588      3,80      0,00  218252   30140   0,19  postgres
19:01:19        0      3207      0,40      0,00 1235608   15400   0,09  containerd-shim
19:01:19        0      3227      3,60      0,00 1235352   14784   0,09  containerd-shim
19:01:19        0      3240      3,80      0,00 1235608   15288   0,09  containerd-shim
19:01:19        0      3246      1,00      0,00 1235608   15632   0,10  containerd-shim
19:01:19        0      3261      5,20      0,00 1235608   15828   0,10  containerd-shim
19:01:19     1000      9024      0,40      0,00 4672732  275316   1,70  gnome-shell
19:01:19     1000      9700     33,80      0,00 1461692876  304004   1,87  antigravity
19:01:19     1000      9756      1,40      0,00 34324668  165192   1,02  antigravity
19:01:19     1000      9767      0,60      0,00 33906012   82040   0,51  antigravity
19:01:19     1000      9830     54,40      0,00 1461371948  494184   3,04  antigravity
19:01:19     1000     10109      0,20      0,00 33951332   64948   0,40  antigravity
19:01:19     1000     10121      3,20      0,00 1461391740  126456   0,78  antigravity
19:01:19     1000     10122     23,00      0,00 1461343128  285208   1,76  antigravity
19:01:19     1000     10186      6,00      0,00 1478124976  122820   0,76  antigravity
19:01:19     1000     10187      5,60      0,00 1461358904  157348   0,97  antigravity
19:01:19     1000     37500     19,00      0,00 6095324  228232   1,41  java

19:01:14      UID       PID   kB_rd/s   kB_wr/s kB_ccwr/s iodelay  Command
19:01:19     1000     37469      0,00      0,70      0,00       0  pidstat
19:01:19     1000     37500      0,00      0,17      0,00       0  java

19:01:19      UID       PID    %usr %system  %guest   %wait    %CPU   CPU  Command
19:01:24        0      1457    0,20    0,20    0,00    0,00    0,40     5  glances
19:01:24        0      1489    0,20    0,20    0,00    0,00    0,40     4  containerd
19:01:24        0      2351    0,40    0,00    0,00    0,00    0,40     3  dockerd
19:01:24      117      2352    0,80    0,60    0,00    0,00    1,40     3  grafana
19:01:24        0      3170    0,20    0,20    0,00    0,00    0,40     0  mount.ntfs-3g
19:01:24        0      3207    0,00    0,20    0,00    0,00    0,20     6  containerd-shim
19:01:24        0      3227    0,00    0,20    0,00    0,00    0,20     3  containerd-shim
19:01:24        0      3246    0,20    0,00    0,00    0,00    0,20     0  containerd-shim
19:01:24        0      3261    0,00    0,20    0,00    0,00    0,20     3  containerd-shim
19:01:24      999      3405    0,20    0,20    0,00    0,00    0,40     1  redis-server
19:01:24     1000      9024    0,60    0,00    0,00    0,00    0,60     4  gnome-shell
19:01:24     1000      9200    0,00    0,20    0,00    0,00    0,20     4  anydesk
19:01:24     1000      9700    0,00    0,20    0,00    0,00    0,20     4  antigravity
19:01:24     1000      9830    0,60    0,00    0,00    0,00    0,60     6  antigravity
19:01:24     1000     10074    2,00    1,20    0,00    0,00    3,20     7  language_server
19:01:24     1000     10121    0,20    0,00    0,00    0,00    0,20     4  antigravity
19:01:24     1000     10122    1,00    0,00    0,00    0,00    1,00     2  antigravity
19:01:24     1000     10187    0,40    0,20    0,00    0,00    0,60     2  antigravity
19:01:24     1000     11152    2,00    1,20    0,00    0,00    3,20     1  language_server
19:01:24     1000     11274    0,20    0,00    0,00    0,00    0,20     3  antigravity
19:01:24        0     33252    0,00    0,20    0,00    0,00    0,20     0  kworker/0:2-mm_percpu_wq
19:01:24     1000     37469    0,20    0,20    0,00    0,00    0,40     5  pidstat
19:01:24     1000     37500    1,40    0,00    0,00    0,00    1,40     0  java

19:01:19      UID       PID  minflt/s  majflt/s     VSZ     RSS   %MEM  Command
19:01:24        0      1489      0,40      0,00 2242640   65908   0,41  containerd
19:01:24      117      2352      3,20      0,00 1830016  333816   2,06  grafana
19:01:24        0      3207      6,80      0,00 1235608   14820   0,09  containerd-shim
19:01:24        0      3227      6,60      0,00 1235352   14304   0,09  containerd-shim
19:01:24        0      3240      6,60      0,00 1235608   14816   0,09  containerd-shim
19:01:24        0      3246      4,40      0,00 1235608   15200   0,09  containerd-shim
19:01:24        0      3261     10,40      0,00 1235608   15328   0,09  containerd-shim
19:01:24     1000      9024      6,00      0,00 4672668  275444   1,70  gnome-shell
19:01:24     1000      9700     33,40      0,00 1461692876  303860   1,87  antigravity
19:01:24     1000      9756      1,40      0,00 34324668  165192   1,02  antigravity
19:01:24     1000      9767      0,60      0,00 33906012   82040   0,51  antigravity
19:01:24     1000      9830     79,60      0,00 1461371948  494824   3,05  antigravity
19:01:24     1000     10109      0,20      0,00 33951332   64948   0,40  antigravity
19:01:24     1000     10121      2,00      0,00 1461391740  126456   0,78  antigravity
19:01:24     1000     10122     72,60      0,00 1461343128  285832   1,76  antigravity
19:01:24     1000     10186      3,00      0,00 1478124976  122820   0,76  antigravity
19:01:24     1000     10187      3,00      0,00 1461358904  157348   0,97  antigravity
19:01:24     1000     37500     15,20      0,00 6095324  228488   1,41  java

19:01:19      UID       PID   kB_rd/s   kB_wr/s kB_ccwr/s iodelay  Command
19:01:24     1000     37469      0,00      0,82      0,00       0  pidstat
19:01:24     1000     37500      0,00      1,72      0,00       0  java

19:01:24      UID       PID    %usr %system  %guest   %wait    %CPU   CPU  Command
19:01:29        0        86    0,00    0,20    0,00    0,00    0,20     0  irq/9-acpi
19:01:29      115       927    0,20    0,00    0,00    0,00    0,20     0  prometheus
19:01:29        0      1457    0,20    0,00    0,00    0,00    0,20     5  glances
19:01:29        0      1468    0,20    0,00    0,00    0,00    0,20     6  tailscaled
19:01:29        0      1489    0,20    0,00    0,00    0,00    0,20     4  containerd
19:01:29        0      2351    0,40    0,20    0,00    0,00    0,60     3  dockerd
19:01:29      117      2352    0,60    0,20    0,00    0,00    0,80     3  grafana
19:01:29        0      3170    0,20    0,40    0,00    0,00    0,60     1  mount.ntfs-3g
19:01:29        0      3246    0,00    0,20    0,00    0,00    0,20     0  containerd-shim
19:01:29        0      3261    0,20    0,00    0,00    0,00    0,20     3  containerd-shim
19:01:29      999      3405    0,40    0,20    0,00    0,00    0,60     2  redis-server
19:01:29     1000      9024    0,60    0,20    0,00    0,00    0,80     3  gnome-shell
19:01:29     1000      9700    0,40    0,00    0,00    0,00    0,40     5  antigravity
19:01:29     1000      9756    0,40    0,20    0,00    0,00    0,60     0  antigravity
19:01:29     1000      9830   12,20    0,40    0,00    0,00   12,60     7  antigravity
19:01:29     1000     10074    1,60    1,60    0,00    0,00    3,20     4  language_server
19:01:29     1000     10121    0,20    0,00    0,00    0,00    0,20     6  antigravity
19:01:29     1000     10122    1,00    0,80    0,00    0,00    1,80     1  antigravity
19:01:29     1000     10187    0,60    0,00    0,00    0,00    0,60     3  antigravity
19:01:29     1000     11152    1,60    1,40    0,00    0,00    3,00     4  language_server
19:01:29        0     34004    0,00    0,20    0,00    0,00    0,20     2  kworker/2:1-mm_percpu_wq
19:01:29     1000     37469    0,20    0,20    0,00    0,00    0,40     5  pidstat
19:01:29     1000     37500    0,60    0,20    0,00    0,00    0,80     0  java

19:01:24      UID       PID  minflt/s  majflt/s     VSZ     RSS   %MEM  Command
19:01:29      115       927      0,20      0,00 2702228  115432   0,71  prometheus
19:01:29        0      3207     14,60      0,00 1235608   15204   0,09  containerd-shim
19:01:29        0      3227     11,00      0,00 1235352   14560   0,09  containerd-shim
19:01:29        0      3240     11,80      0,00 1235608   15200   0,09  containerd-shim
19:01:29        0      3246     10,60      0,00 1235608   15328   0,09  containerd-shim
19:01:29        0      3261     10,60      0,00 1235608   15456   0,10  containerd-shim
19:01:29       70      3383      4,40      0,00  174540   26160   0,16  postgres
19:01:29     1000      9024      1,00      0,00 4672732  275444   1,70  gnome-shell
19:01:29     1000      9700     76,60      0,00 1461692876  305012   1,88  antigravity
19:01:29     1000      9756     14,20      0,00 34337188  165320   1,02  antigravity
19:01:29     1000      9767      0,60      0,00 33906012   82040   0,51  antigravity
19:01:29     1000      9830    495,60      0,00 1461371884  488396   3,01  antigravity
19:01:29     1000     10109      0,20      0,00 33951332   64948   0,40  antigravity
19:01:29     1000     10121      2,20      0,00 1461391740  126456   0,78  antigravity
19:01:29     1000     10122    395,00      0,00 1461343128  285560   1,76  antigravity
19:01:29     1000     10186      3,00      0,00 1478124976  122820   0,76  antigravity
19:01:29     1000     10187     40,80      0,00 1461358904  157872   0,97  antigravity
19:01:29     1000     37500      7,60      0,00 6095324  228616   1,41  java

19:01:24      UID       PID   kB_rd/s   kB_wr/s kB_ccwr/s iodelay  Command
19:01:29     1000     10122      0,00      0,80      0,00       0  antigravity
19:01:29     1000     37469      0,00      0,77      0,00       0  pidstat
19:01:29     1000     37500      0,00      0,03      0,00       0  java

19:01:29      UID       PID    %usr %system  %guest   %wait    %CPU   CPU  Command
19:01:34        0         1    0,00    0,20    0,00    0,00    0,20     6  systemd
19:01:34        0       721    0,00    0,20    0,00    0,00    0,20     6  kworker/u33:2-i915_flip
19:01:34      990       905    0,40    0,20    0,00    0,00    0,60     0  dbus-daemon
19:01:34      115       926    1,20    0,40    0,00    0,00    1,60     6  prometheus-node
19:01:34      115       927    0,20    0,00    0,00    0,00    0,20     0  prometheus
19:01:34        0      1468    0,00    0,20    0,00    0,00    0,20     6  tailscaled
19:01:34        0      1489    0,40    0,20    0,00    0,00    0,60     4  containerd
19:01:34        0      2351    0,40    0,40    0,00    0,00    0,80     3  dockerd
19:01:34      117      2352    0,20    0,80    0,00    0,00    1,00     3  grafana
19:01:34        0      3170    0,60    0,00    0,00    0,00    0,60     2  mount.ntfs-3g
19:01:34        0      3207    0,00    0,20    0,00    0,00    0,20     6  containerd-shim
19:01:34        0      3227    0,00    0,20    0,00    0,00    0,20     3  containerd-shim
19:01:34        0      3240    0,20    0,20    0,00    0,00    0,40     1  containerd-shim
19:01:34      999      3405    0,40    0,20    0,00    0,00    0,60     2  redis-server
19:01:34     1000      9024    0,40    0,40    0,00    0,00    0,80     3  gnome-shell
19:01:34     1000      9200    0,20    0,00    0,00    0,00    0,20     4  anydesk
19:01:34     1000      9700    0,00    0,20    0,00    0,00    0,20     0  antigravity
19:01:34     1000      9756    0,20    0,20    0,00    0,00    0,40     1  antigravity
19:01:34     1000      9830    1,40    0,20    0,00    0,00    1,60     5  antigravity
19:01:34     1000     10074    1,40    1,60    0,00    0,00    3,00     1  language_server
19:01:34     1000     10121    0,20    0,20    0,00    0,00    0,40     5  antigravity
19:01:34     1000     10122    1,20    0,40    0,00    0,00    1,60     1  antigravity
19:01:34     1000     10187    0,60    0,00    0,00    0,00    0,60     3  antigravity
19:01:34     1000     11152    1,60    1,40    0,00    0,00    3,00     2  language_server
19:01:34        0     35706    0,00    0,20    0,00    0,00    0,20     1  kworker/u32:6-kvfree_rcu_reclaim
19:01:34     1000     37469    0,00    0,40    0,00    0,00    0,40     7  pidstat
19:01:34     1000     37500    0,20    0,00    0,00    0,00    0,20     0  java

19:01:29      UID       PID  minflt/s  majflt/s     VSZ     RSS   %MEM  Command
19:01:34      115       926     59,00      0,00 1687812   25572   0,16  prometheus-node
19:01:34        0      1468      0,00      0,00 1421636   95772   0,59  tailscaled
19:01:34        0      2351      0,00      0,00 3433248  108304   0,67  dockerd
19:01:34        0      3207     12,40      0,00 1235608   15332   0,09  containerd-shim
19:01:34        0      3227     12,40      0,00 1235352   14816   0,09  containerd-shim
19:01:34        0      3240     12,40      0,00 1235608   15200   0,09  containerd-shim
19:01:34        0      3246     12,40      0,00 1235608   15456   0,10  containerd-shim
19:01:34        0      3261     11,20      0,00 1235608   15712   0,10  containerd-shim
19:01:34     1000      9024      6,60      0,00 4672668  275444   1,70  gnome-shell
19:01:34     1000      9700     62,00      0,00 1461692876  303912   1,87  antigravity
19:01:34     1000      9756      7,20      0,00 34337148  165320   1,02  antigravity
19:01:34     1000      9767      1,20      0,00 33906012   82040   0,51  antigravity
19:01:34     1000      9830    238,00      0,00 1461371884  490428   3,02  antigravity
19:01:34     1000     10074     34,40      0,00 5034116  366952   2,26  language_server
19:01:34     1000     10109      0,40      0,00 33951332   64948   0,40  antigravity
19:01:34     1000     10121      2,40      0,00 1461391740  126328   0,78  antigravity
19:01:34     1000     10122    319,60      0,00 1461343128  286532   1,77  antigravity
19:01:34     1000     10186      3,00      0,00 1478124976  122820   0,76  antigravity
19:01:34     1000     10187     31,60      0,00 1461358904  157856   0,97  antigravity
19:01:34     1000     37500      0,20      0,00 6095324  228616   1,41  java

19:01:29      UID       PID   kB_rd/s   kB_wr/s kB_ccwr/s iodelay  Command
19:01:34     1000     10122      0,00      0,80      0,00       0  antigravity
19:01:34     1000     37469      0,00      0,78      0,00       0  pidstat

19:01:34      UID       PID    %usr %system  %guest   %wait    %CPU   CPU  Command
19:01:39        0         1    0,20    0,20    0,00    0,00    0,40     5  systemd
19:01:39        0        57    0,20    0,00    0,00    0,00    0,20     6  ksoftirqd/6
19:01:39        0       413    0,00    0,20    0,00    0,40    0,20     6  systemd-udevd
19:01:39      990       905    0,60    0,00    0,00    0,00    0,60     1  dbus-daemon
19:01:39      115       927    0,20    0,00    0,00    0,00    0,20     1  prometheus
19:01:39        0      1052    0,20    0,00    0,00    0,20    0,20     4  NetworkManager
19:01:39        0      1457    0,20    0,00    0,00    0,00    0,20     5  glances
19:01:39        0      1468    0,40    0,20    0,00    0,00    0,60     6  tailscaled
19:01:39        0      1489    1,40    0,00    0,00    0,00    1,40     4  containerd
19:01:39        0      2350    0,20    0,00    0,00    0,00    0,20     1  cups-browsed
19:01:39        0      2351    0,80    0,60    0,00    0,00    1,40     3  dockerd
19:01:39      117      2352    0,40    0,40    0,00    0,00    0,80     3  grafana
19:01:39        0      3170    0,80    0,40    0,00    0,00    1,20     1  mount.ntfs-3g
19:01:39        0      3207    0,20    0,00    0,00    0,00    0,20     6  containerd-shim
19:01:39        0      3227    0,20    0,00    0,00    0,00    0,20     3  containerd-shim
19:01:39        0      3246    0,00    0,20    0,00    0,00    0,20     0  containerd-shim
19:01:39        0      3261    0,00    0,20    0,00    0,00    0,20     3  containerd-shim
19:01:39      999      3405    0,20    0,00    0,00    0,00    0,20     4  redis-server
19:01:39     1000      8864    0,20    0,00    0,00    0,00    0,20     3  systemd
19:01:39     1000      9024    0,80    0,20    0,00    0,00    1,00     4  gnome-shell
19:01:39     1000      9162    0,20    0,00    0,00    0,00    0,20     2  gsd-sharing
19:01:39     1000      9166    0,00    0,20    0,00    0,20    0,20     4  gnome-software
19:01:39     1000      9366    0,20    0,00    0,00    0,20    0,20     2  goa-daemon
19:01:39     1000      9386    0,00    0,20    0,00    0,00    0,20     7  gvfs-afc-volume
19:01:39        0      9672    0,20    0,00    0,00    0,00    0,20     0  fwupd
19:01:39     1000      9700    0,40    0,20    0,00    0,00    0,60     1  antigravity
19:01:39     1000      9756    0,40    0,00    0,00    0,00    0,40     1  antigravity
19:01:39     1000      9830    1,80    0,20    0,00    0,00    2,00     0  antigravity
19:01:39     1000     10074    1,80    1,00    0,00    0,00    2,80     3  language_server
19:01:39     1000     10121    0,00    0,40    0,00    0,00    0,40     0  antigravity
19:01:39     1000     10122    1,40    0,40    0,00    0,00    1,80     5  antigravity
19:01:39     1000     10187    0,80    0,20    0,00    0,00    1,00     0  antigravity
19:01:39     1000     11152    1,20    1,80    0,00    0,00    3,00     0  language_server
19:01:39        0     36437    0,20    0,00    0,00    0,00    0,20     6  kworker/6:0-mm_percpu_wq
19:01:39     1000     37469    0,20    0,20    0,00    0,00    0,40     5  pidstat
19:01:39     1000     37500    1,80    0,00    0,00    0,00    1,80     0  java

19:01:34      UID       PID  minflt/s  majflt/s     VSZ     RSS   %MEM  Command
19:01:39        0       381     44,40      0,00  136916   82648   0,51  systemd-journal
19:01:39        0       413    111,40      0,00   37696   11516   0,07  systemd-udevd
19:01:39        0      1489     14,60      0,00 2242640   66036   0,41  containerd
19:01:39        0      3207      4,00      0,00 1235608   15332   0,09  containerd-shim
19:01:39        0      3227      6,00      0,00 1235352   14816   0,09  containerd-shim
19:01:39        0      3240      3,80      0,00 1235608   15328   0,09  containerd-shim
19:01:39        0      3246      4,60      0,00 1235608   15584   0,10  containerd-shim
19:01:39        0      3261      8,20      0,00 1235608   15712   0,10  containerd-shim
19:01:39     1000      9024      2,20      0,00 4672732  275444   1,70  gnome-shell
19:01:39     1000      9700     56,20      0,00 1461692876  303984   1,87  antigravity
19:01:39     1000      9756     27,40      0,00 34337324  165704   1,02  antigravity
19:01:39     1000      9767      0,60      0,00 33906012   82040   0,51  antigravity
19:01:39     1000      9830    305,20      0,00 1461371884  493476   3,04  antigravity
19:01:39     1000     10109      0,20      0,00 33951332   64948   0,40  antigravity
19:01:39     1000     10121    130,80      0,00 1461391740  126196   0,78  antigravity
19:01:39     1000     10122    364,60      0,00 1461343128  285644   1,76  antigravity
19:01:39     1000     10186      6,40      0,00 1478124976  122820   0,76  antigravity
19:01:39     1000     10187     32,40      0,00 1461358904  157800   0,97  antigravity
19:01:39     1000     37500     17,40      0,00 6095324  227500   1,40  java
19:01:39        0     37928     62,80      0,00   37700    7324   0,05  (udev-worker)
19:01:39        0     37942     61,40      0,00   37700    7260   0,04  (udev-worker)
19:01:39        0     37944     27,40      0,00   37700    6996   0,04  (udev-worker)
19:01:39        0     37945     27,80      0,00   37700    7004   0,04  (udev-worker)
19:01:39        0     37946     27,60      0,00   37700    7004   0,04  (udev-worker)
19:01:39        0     37947     27,40      0,00   37700    7004   0,04  (udev-worker)
19:01:39        0     37949     27,40      0,00   37700    7004   0,04  (udev-worker)
19:01:39        0     37950     27,20      0,00   37700    7004   0,04  (udev-worker)
19:01:39        0     37951     27,60      0,00   37700    7004   0,04  (udev-worker)
19:01:39        0     37952     27,40      0,00   37700    7004   0,04  (udev-worker)
19:01:39        0     37954     27,40      0,00   37700    7004   0,04  (udev-worker)
19:01:39        0     37955     38,00      0,00   37700    6964   0,04  (udev-worker)
19:01:39        0     37956     28,00      0,00   37700    6968   0,04  (udev-worker)
19:01:39        0     37957     27,60      0,00   37700    7004   0,04  (udev-worker)
19:01:39        0     37958     28,00      0,00   37700    7004   0,04  (udev-worker)
19:01:39        0     37959     27,20      0,00   37700    7004   0,04  (udev-worker)

19:01:34      UID       PID   kB_rd/s   kB_wr/s kB_ccwr/s iodelay  Command
19:01:39     1000     37469      0,00      0,88      0,00       0  pidstat
19:01:39     1000     37500      0,00      0,61      0,00       0  java

Rata-rata:    UID       PID    %usr %system  %guest   %wait    %CPU   CPU  Command
Rata-rata:      0         1    0,08    0,05    0,00    0,00    0,12     -  systemd
Rata-rata:      0        17    0,00    0,02    0,00    0,02    0,02     -  ksoftirqd/0
Rata-rata:      0        18    0,00    0,03    0,00    0,03    0,03     -  rcu_preempt
Rata-rata:      0        39    0,02    0,00    0,00    0,00    0,02     -  ksoftirqd/3
Rata-rata:      0        57    0,02    0,00    0,00    0,00    0,02     -  ksoftirqd/6
Rata-rata:      0        86    0,00    0,05    0,00    0,00    0,05     -  irq/9-acpi
Rata-rata:      0       226    0,00    0,02    0,00    0,00    0,02     -  kworker/3:1H-kblockd
Rata-rata:      0       320    0,00    0,02    0,00    0,00    0,02     -  jbd2/sda6-8
Rata-rata:      0       381    0,02    0,00    0,00    0,00    0,02     -  systemd-journal
Rata-rata:      0       413    0,00    0,03    0,00    0,03    0,03     -  systemd-udevd
Rata-rata:      0       721    0,00    0,02    0,00    1,55    0,02     -  kworker/u33:2-i915_flip
Rata-rata:    102       896    0,02    0,00    0,00    0,00    0,02     -  avahi-daemon
Rata-rata:    990       905    0,26    0,03    0,00    0,00    0,29     -  dbus-daemon
Rata-rata:    115       926    0,32    0,15    0,00    0,00    0,48     -  prometheus-node
Rata-rata:    115       927    0,17    0,00    0,00    0,00    0,17     -  prometheus
Rata-rata:      0      1052    0,03    0,02    0,00    0,02    0,05     -  NetworkManager
Rata-rata:      0      1457    0,14    0,02    0,00    0,00    0,15     -  glances
Rata-rata:      0      1468    0,08    0,11    0,00    0,00    0,18     -  tailscaled
Rata-rata:      0      1479    0,00    0,02    0,00    0,00    0,02     -  anydesk
Rata-rata:      0      1489    0,40    0,15    0,00    0,00    0,55     -  containerd
Rata-rata:    111      1556    0,02    0,00    0,00    0,00    0,02     -  mariadbd
Rata-rata:     33      1618    0,02    0,00    0,00    0,00    0,02     -  apache2
Rata-rata:      0      2350    0,02    0,00    0,00    0,00    0,02     -  cups-browsed
Rata-rata:      0      2351    0,45    0,25    0,00    0,00    0,69     -  dockerd
Rata-rata:    117      2352    0,60    0,37    0,00    0,00    0,97     -  grafana
Rata-rata:      0      3170    0,26    0,22    0,00    0,02    0,48     -  mount.ntfs-3g
Rata-rata:      0      3207    0,05    0,08    0,00    0,00    0,12     -  containerd-shim
Rata-rata:      0      3227    0,06    0,06    0,00    0,00    0,12     -  containerd-shim
Rata-rata:      0      3240    0,06    0,05    0,00    0,00    0,11     -  containerd-shim
Rata-rata:      0      3246    0,06    0,08    0,00    0,00    0,14     -  containerd-shim
Rata-rata:      0      3261    0,08    0,06    0,00    0,00    0,14     -  containerd-shim
Rata-rata:    999      3405    0,32    0,11    0,00    0,00    0,43     -  redis-server
Rata-rata:   1000      8864    0,05    0,00    0,00    0,02    0,05     -  systemd
Rata-rata:   1000      9024    0,60    0,26    0,00    0,02    0,86     -  gnome-shell
Rata-rata:   1000      9138    0,02    0,02    0,00    0,00    0,03     -  gsd-housekeepin
Rata-rata:   1000      9162    0,03    0,00    0,00    0,00    0,03     -  gsd-sharing
Rata-rata:   1000      9166    0,02    0,02    0,00    0,02    0,03     -  gnome-software
Rata-rata:   1000      9200    0,02    0,02    0,00    0,00    0,03     -  anydesk
Rata-rata:   1000      9349    0,00    0,02    0,00    0,00    0,02     -  gvfs-udisks2-vo
Rata-rata:   1000      9366    0,02    0,00    0,00    0,02    0,02     -  goa-daemon
Rata-rata:   1000      9386    0,00    0,02    0,00    0,00    0,02     -  gvfs-afc-volume
Rata-rata:   1000      9454    0,02    0,02    0,00    0,00    0,03     -  gvfsd-trash
Rata-rata:      0      9672    0,02    0,00    0,00    0,00    0,02     -  fwupd
Rata-rata:   1000      9700    0,20    0,11    0,00    0,02    0,31     -  antigravity
Rata-rata:   1000      9756    0,23    0,09    0,00    0,00    0,32     -  antigravity
Rata-rata:   1000      9830    3,14    0,17    0,00    0,02    3,31     -  antigravity
Rata-rata:   1000     10074    1,60    1,43    0,00    0,05    3,03     -  language_server
Rata-rata:   1000     10121    0,17    0,17    0,00    0,02    0,34     -  antigravity
Rata-rata:   1000     10122    0,91    0,25    0,00    0,02    1,15     -  antigravity
Rata-rata:   1000     10186    0,02    0,00    0,00    0,00    0,02     -  antigravity
Rata-rata:   1000     10187    0,74    0,11    0,00    0,02    0,85     -  antigravity
Rata-rata:   1000     11152    1,58    1,52    0,00    0,02    3,11     -  language_server
Rata-rata:   1000     11274    0,02    0,00    0,00    0,00    0,02     -  antigravity
Rata-rata:      0     16329    0,00    0,02    0,00    0,00    0,02     -  kworker/u32:2-events_unbound
Rata-rata:      0     25979    0,00    0,02    0,00    0,02    0,02     -  kworker/u32:4-events_unbound
Rata-rata:      0     31798    0,00    0,02    0,00    0,00    0,02     -  kworker/1:2-events
Rata-rata:      0     33252    0,00    0,03    0,00    0,05    0,03     -  kworker/0:2-events
Rata-rata:      0     33395    0,02    0,00    0,00    0,00    0,02     -  kworker/5:3-events
Rata-rata:      0     34004    0,00    0,02    0,00    0,02    0,02     -  kworker/2:1-mm_percpu_wq
Rata-rata:      0     35706    0,00    0,03    0,00    0,00    0,03     -  kworker/u32:6-flush-8:0
Rata-rata:      0     36437    0,02    0,00    0,00    0,02    0,02     -  kworker/6:0-mm_percpu_wq
Rata-rata:   1000     37469    0,14    0,26    0,00    0,00    0,40     -  pidstat
Rata-rata:   1000     37500    9,47    0,58    0,00    0,00   10,06     -  java

Rata-rata:    UID       PID  minflt/s  majflt/s     VSZ     RSS   %MEM  Command
Rata-rata:      0       381      7,20      0,00  136916   82648   0,51  systemd-journal
Rata-rata:      0       413     17,29      0,00   37696   11516   0,07  systemd-udevd
Rata-rata:    115       926     22,45      0,00 1687812   25494   0,16  prometheus-node
Rata-rata:    115       927      4,44      0,00 2702228  114989   0,71  prometheus
Rata-rata:      0      1468      0,03      0,00 1421636  103178   0,64  tailscaled
Rata-rata:      0      1489      6,41      0,00 2242640   66001   0,41  containerd
Rata-rata:    114      1588      0,29      0,00  218252   30140   0,19  postgres
Rata-rata:      0      2351      0,05      0,00 3433248  108422   0,67  dockerd
Rata-rata:    117      2352      0,25      0,00 1830016  333816   2,06  grafana
Rata-rata:      0      3207      6,81      0,00 1235608   15243   0,09  containerd-shim
Rata-rata:      0      3227      8,09      0,00 1235352   14645   0,09  containerd-shim
Rata-rata:      0      3240      6,04      0,00 1235608   15302   0,09  containerd-shim
Rata-rata:      0      3246      6,43      0,00 1235608   15525   0,10  containerd-shim
Rata-rata:      0      3261      8,24      0,00 1235608   15634   0,10  containerd-shim
Rata-rata:     70      3383      0,34      0,00  174540   26160   0,16  postgres
Rata-rata:   1000      9024      3,54      0,00 4672707  275365   1,70  gnome-shell
Rata-rata:   1000      9700     44,34      0,00 1461692876  304066   1,87  antigravity
Rata-rata:   1000      9756      5,46      0,00 34331286  165251   1,02  antigravity
Rata-rata:   1000      9767      0,74      0,00 33906012   82040   0,51  antigravity
Rata-rata:   1000      9830    167,03      0,00 1461371899  491511   3,03  antigravity
Rata-rata:   1000     10074      6,17      0,00 5034116  366602   2,26  language_server
Rata-rata:   1000     10109      0,25      0,00 33951332   64948   0,40  antigravity
Rata-rata:   1000     10121     38,83      0,00 1461391740  126308   0,78  antigravity
Rata-rata:   1000     10122    134,22      0,00 1461343128  285419   1,76  antigravity
Rata-rata:   1000     10186      3,98      0,00 1478124976  122820   0,76  antigravity
Rata-rata:   1000     10187     13,70      0,00 1461358904  157502   0,97  antigravity
Rata-rata:   1000     11152      0,23      0,00 4969748  458204   2,82  language_server
Rata-rata:   1000     37469      0,62      0,00    6022    5086   0,03  pidstat
Rata-rata:   1000     37470      0,31      0,00    2676    1700   0,01  jmeter
Rata-rata:   1000     37500    499,49      0,00 6095324  223423   1,38  java
Rata-rata:      0     37928      4,83      0,00   37700    7324   0,05  (udev-worker)
Rata-rata:      0     37942      4,72      0,00   37700    7260   0,04  (udev-worker)
Rata-rata:      0     37944      2,11      0,00   37700    6996   0,04  (udev-worker)
Rata-rata:      0     37945      2,14      0,00   37700    7004   0,04  (udev-worker)
Rata-rata:      0     37946      2,12      0,00   37700    7004   0,04  (udev-worker)
Rata-rata:      0     37947      2,11      0,00   37700    7004   0,04  (udev-worker)
Rata-rata:      0     37949      2,11      0,00   37700    7004   0,04  (udev-worker)
Rata-rata:      0     37950      2,09      0,00   37700    7004   0,04  (udev-worker)
Rata-rata:      0     37951      2,12      0,00   37700    7004   0,04  (udev-worker)
Rata-rata:      0     37952      2,11      0,00   37700    7004   0,04  (udev-worker)
Rata-rata:      0     37954      2,11      0,00   37700    7004   0,04  (udev-worker)
Rata-rata:      0     37955      2,92      0,00   37700    6964   0,04  (udev-worker)
Rata-rata:      0     37956      2,15      0,00   37700    6968   0,04  (udev-worker)
Rata-rata:      0     37957      2,12      0,00   37700    7004   0,04  (udev-worker)
Rata-rata:      0     37958      2,15      0,00   37700    7004   0,04  (udev-worker)
Rata-rata:      0     37959      2,09      0,00   37700    7004   0,04  (udev-worker)

Rata-rata:    UID       PID   kB_rd/s   kB_wr/s kB_ccwr/s iodelay  Command
Rata-rata:   1000      9700      0,00      0,18      0,00       0  antigravity
Rata-rata:   1000     10122      0,00      0,25      0,00       0  antigravity
Rata-rata:   1000     37469      0,00      0,77      0,00       0  pidstat
Rata-rata:   1000     37500      0,00      0,70      0,00       0  java
