Linux 6.12.94+deb13-amd64 (debian) 	24/06/26 	_x86_64_	(8 CPU)

18:54:49      UID       PID    %usr %system  %guest   %wait    %CPU   CPU  Command
18:54:54        0        18    0,00    0,20    0,00    0,20    0,20     6  rcu_preempt
18:54:54        0       721    0,00    0,20    0,00    0,00    0,20     1  kworker/u33:2-i915_flip
18:54:54      115       927    0,20    0,20    0,00    0,00    0,40     0  prometheus
18:54:54        0      1457    0,20    0,00    0,00    0,00    0,20     5  glances
18:54:54        0      1468    0,00    0,40    0,00    0,00    0,40     7  tailscaled
18:54:54        0      1489    0,40    0,20    0,00    0,00    0,60     4  containerd
18:54:54        0      2351    0,40    0,00    0,00    0,00    0,40     3  dockerd
18:54:54      117      2352    0,60    0,20    0,00    0,00    0,80     3  grafana
18:54:54        0      3170    0,20    0,20    0,00    0,00    0,40     1  mount.ntfs-3g
18:54:54        0      3240    0,20    0,00    0,00    0,00    0,20     1  containerd-shim
18:54:54        0      3246    0,20    0,00    0,00    0,00    0,20     0  containerd-shim
18:54:54        0      3261    0,00    0,20    0,00    0,00    0,20     3  containerd-shim
18:54:54      999      3405    0,40    0,00    0,00    0,00    0,40     3  redis-server
18:54:54     1000      9024    1,59    0,60    0,00    0,00    2,19     0  gnome-shell
18:54:54     1000      9700    0,80    0,40    0,00    0,00    1,19     5  antigravity
18:54:54     1000      9756    1,19    0,60    0,00    0,00    1,79     2  antigravity
18:54:54     1000      9830    7,16    0,40    0,00    0,00    7,55     4  antigravity
18:54:54     1000     10074    1,19    1,59    0,00    0,00    2,78     3  language_server
18:54:54     1000     10121    0,40    0,00    0,00    0,00    0,40     3  antigravity
18:54:54     1000     10122    0,99    0,20    0,00    0,00    1,19     0  antigravity
18:54:54     1000     10186    0,20    0,00    0,00    0,00    0,20     2  antigravity
18:54:54     1000     10187    2,19    0,20    0,00    0,00    2,39     3  antigravity
18:54:54     1000     11152    0,99    1,79    0,00   19,88    2,78     3  language_server
18:54:54     1000     11274    0,20    0,00    0,00    0,00    0,20     3  antigravity
18:54:54     1000     35251    0,20    0,20    0,00    0,00    0,40     6  pidstat
18:54:54     1000     35282   74,95    4,37    0,00    0,00   79,32     3  java

18:54:49      UID       PID  minflt/s  majflt/s     VSZ     RSS   %MEM  Command
18:54:54        0      1468      2,98      0,00 1421636   98676   0,61  tailscaled
18:54:54        0      3207      6,96      0,00 1235608   15172   0,09  containerd-shim
18:54:54        0      3227      9,94      0,00 1235352   14264   0,09  containerd-shim
18:54:54        0      3240      8,35      0,00 1235608   15168   0,09  containerd-shim
18:54:54        0      3246     12,13      0,00 1235608   15132   0,09  containerd-shim
18:54:54        0      3261      6,96      0,00 1235608   15316   0,09  containerd-shim
18:54:54     1000      9024      6,76      0,00 4676764  275352   1,70  gnome-shell
18:54:54     1000      9700     44,33      0,00 1461692876  303712   1,87  antigravity
18:54:54     1000      9756      8,55      0,00 34340928  165832   1,02  antigravity
18:54:54     1000      9767      1,19      0,00 33906012   82040   0,51  antigravity
18:54:54     1000      9830    242,35      0,00 1461371372  488736   3,01  antigravity
18:54:54     1000      9890      0,80      0,00 1459609232  173768   1,07  antigravity
18:54:54     1000     10109      0,40      0,00 33951332   64948   0,40  antigravity
18:54:54     1000     10121     83,10      0,00 1461391740  124544   0,77  antigravity
18:54:54     1000     10122     41,55      0,00 1461343128  284744   1,75  antigravity
18:54:54     1000     10186      2,98      0,00 1478124976  122692   0,76  antigravity
18:54:54     1000     10187      3,58      0,00 1461358904  159968   0,99  antigravity
18:54:54     1000     11274      0,20      0,00 1459530528   92980   0,57  antigravity
18:54:54     1000     35251      0,80      0,00    5920    4736   0,03  pidstat
18:54:54     1000     35252      4,17      0,00    2676    1856   0,01  jmeter
18:54:54     1000     35282   4910,14      0,00 5161116  201928   1,24  java

18:54:49      UID       PID   kB_rd/s   kB_wr/s kB_ccwr/s iodelay  Command
18:54:54     1000     35282      0,00      2,15      0,00       0  java

18:54:54      UID       PID    %usr %system  %guest   %wait    %CPU   CPU  Command
18:54:59        0        80    0,20    0,00    0,00    0,00    0,20     2  kcompactd0
18:54:59      115       927    0,40    0,00    0,00    0,00    0,40     1  prometheus
18:54:59        0      1489    0,40    0,00    0,00    0,00    0,40     4  containerd
18:54:59        0      2351    0,20    0,20    0,00    0,00    0,40     3  dockerd
18:54:59      117      2352    0,40    0,60    0,00    0,00    1,00     3  grafana
18:54:59        0      3170    0,40    0,00    0,00    0,00    0,40     3  mount.ntfs-3g
18:54:59        0      3207    0,00    0,20    0,00    0,00    0,20     6  containerd-shim
18:54:59        0      3227    0,20    0,00    0,00    0,00    0,20     3  containerd-shim
18:54:59        0      3240    0,20    0,00    0,00    0,00    0,20     1  containerd-shim
18:54:59      999      3405    0,40    0,00    0,00    0,00    0,40     3  redis-server
18:54:59     1000      9024    0,20    0,20    0,00    0,00    0,40     4  gnome-shell
18:54:59        0      9672    0,20    0,00    0,00    0,00    0,20     4  fwupd
18:54:59     1000      9700    0,00    0,20    0,00    0,00    0,20     6  antigravity
18:54:59     1000      9756    0,20    0,00    0,00    0,00    0,20     2  antigravity
18:54:59     1000      9830    0,80    0,00    0,00    0,00    0,80     3  antigravity
18:54:59     1000     10074    3,40    1,00    0,00    0,00    4,40     1  language_server
18:54:59     1000     10121    0,20    0,20    0,00    0,00    0,40     3  antigravity
18:54:59     1000     10122    0,80    0,00    0,00    0,00    0,80     0  antigravity
18:54:59     1000     10187    0,80    0,00    0,00    0,00    0,80     6  antigravity
18:54:59     1000     11152    1,80    1,20    0,00    0,00    3,00     3  language_server
18:54:59     1000     35251    0,00    0,40    0,00    0,00    0,40     3  pidstat
18:54:59     1000     35282    4,20    0,40    0,00    0,00    4,60     3  java

18:54:54      UID       PID  minflt/s  majflt/s     VSZ     RSS   %MEM  Command
18:54:59      115       927      0,00      0,00 2702228  118056   0,73  prometheus
18:54:59        0      1468      0,60      0,00 1421636   98676   0,61  tailscaled
18:54:59        0      2351      0,40      0,00 3433248  108444   0,67  dockerd
18:54:59        0      3207      6,60      0,00 1235608   15172   0,09  containerd-shim
18:54:59        0      3227      8,40      0,00 1235352   14520   0,09  containerd-shim
18:54:59        0      3240      8,80      0,00 1235608   15296   0,09  containerd-shim
18:54:59        0      3246      8,20      0,00 1235608   15260   0,09  containerd-shim
18:54:59        0      3261     11,60      0,00 1235608   15444   0,10  containerd-shim
18:54:59     1000      9024      0,60      0,00 4676764  275352   1,70  gnome-shell
18:54:59     1000      9700     36,60      0,00 1461692876  303852   1,87  antigravity
18:54:59     1000      9756      2,20      0,00 34328316  165420   1,02  antigravity
18:54:59     1000      9767      0,60      0,00 33906012   82040   0,51  antigravity
18:54:59     1000      9830     67,80      0,00 1461371372  489248   3,01  antigravity
18:54:59     1000     10074      0,00      0,00 5034116  370584   2,28  language_server
18:54:59     1000     10109      0,20      0,00 33951332   64948   0,40  antigravity
18:54:59     1000     10121    105,80      0,00 1461391740  124544   0,77  antigravity
18:54:59     1000     10122     39,60      0,00 1461343128  284608   1,75  antigravity
18:54:59     1000     10186      6,00      0,00 1478124976  122692   0,76  antigravity
18:54:59     1000     10187      5,20      0,00 1461358904  159968   0,99  antigravity
18:54:59     1000     35282    147,40      0,00 5161116  204872   1,26  java

18:54:54      UID       PID   kB_rd/s   kB_wr/s kB_ccwr/s iodelay  Command
18:54:59     1000     35251      0,00      0,86      0,00       0  pidstat
18:54:59     1000     35282      0,00      0,17      0,00       0  java

18:54:59      UID       PID    %usr %system  %guest   %wait    %CPU   CPU  Command
18:55:04        0        86    0,00    0,20    0,00    0,00    0,20     0  irq/9-acpi
18:55:04      990       905    0,80    0,00    0,00    0,00    0,80     3  dbus-daemon
18:55:04      115       926    1,00    0,60    0,00    0,00    1,60     7  prometheus-node
18:55:04      115       927    0,20    0,00    0,00    0,00    0,20     1  prometheus
18:55:04        0      1457    0,20    0,00    0,00    0,00    0,20     5  glances
18:55:04        0      1468    0,20    0,20    0,00    0,00    0,40     7  tailscaled
18:55:04        0      1479    0,20    0,00    0,00    0,00    0,20     6  anydesk
18:55:04        0      1489    0,20    0,20    0,00    0,00    0,40     4  containerd
18:55:04        0      2351    0,40    0,00    0,00    0,00    0,40     3  dockerd
18:55:04      117      2352    0,80    0,20    0,00    0,00    1,00     3  grafana
18:55:04        0      3170    0,40    0,40    0,00    0,00    0,80     1  mount.ntfs-3g
18:55:04        0      3246    0,20    0,00    0,00    0,00    0,20     0  containerd-shim
18:55:04        0      3261    0,00    0,20    0,00    0,00    0,20     3  containerd-shim
18:55:04      999      3405    0,60    0,00    0,00    0,00    0,60     3  redis-server
18:55:04     1000      9024    1,20    0,00    0,00    0,20    1,20     5  gnome-shell
18:55:04     1000      9700    0,20    0,20    0,00    0,00    0,40     5  antigravity
18:55:04     1000      9756    0,40    0,00    0,00    0,00    0,40     2  antigravity
18:55:04     1000      9830   12,00    0,60    0,00    0,20   12,60     3  antigravity
18:55:04     1000     10074    0,80    1,60    0,00    0,00    2,40     6  language_server
18:55:04     1000     10109    0,20    0,00    0,00    0,00    0,20     0  antigravity
18:55:04     1000     10121    0,20    0,40    0,00    0,00    0,60     4  antigravity
18:55:04     1000     10122    1,00    0,60    0,00    0,00    1,60     5  antigravity
18:55:04     1000     10187    0,40    0,40    0,00    0,00    0,80     3  antigravity
18:55:04     1000     11152    1,60    1,40    0,00    0,20    3,00     5  language_server
18:55:04     1000     35251    0,00    0,40    0,00    0,00    0,40     0  pidstat
18:55:04     1000     35282    3,20    0,00    0,00    0,00    3,20     3  java

18:54:59      UID       PID  minflt/s  majflt/s     VSZ     RSS   %MEM  Command
18:55:04        0       381      6,80      0,00  136916   82520   0,51  systemd-journal
18:55:04        0       903      1,60      0,00    6792    2852   0,02  cron
18:55:04      115       926     95,80      0,00 1687812   25044   0,15  prometheus-node
18:55:04        0      1468      6,60      0,00 1421636   98932   0,61  tailscaled
18:55:04        0      3207      8,00      0,00 1235608   15428   0,10  containerd-shim
18:55:04        0      3227     12,20      0,00 1235352   14648   0,09  containerd-shim
18:55:04        0      3240     12,60      0,00 1235608   15552   0,10  containerd-shim
18:55:04        0      3246     12,20      0,00 1235608   15388   0,09  containerd-shim
18:55:04        0      3261     16,40      0,00 1235608   15700   0,10  containerd-shim
18:55:04     1000      9024      6,80      0,00 4676828  275352   1,70  gnome-shell
18:55:04     1000      9700     57,40      0,00 1461692876  304000   1,87  antigravity
18:55:04     1000      9756     11,20      0,00 34336764  165420   1,02  antigravity
18:55:04     1000      9767      0,60      0,00 33906012   82040   0,51  antigravity
18:55:04     1000      9830    413,20      0,00 1461371372  485708   2,99  antigravity
18:55:04     1000     10109      0,20      0,00 33951332   64948   0,40  antigravity
18:55:04     1000     10121    109,80      0,00 1461391740  124504   0,77  antigravity
18:55:04     1000     10122    362,60      0,00 1461343128  285324   1,76  antigravity
18:55:04     1000     10186      3,00      0,00 1478124976  122692   0,76  antigravity
18:55:04     1000     10187     29,60      0,00 1461358904  160276   0,99  antigravity
18:55:04     1000     35282     40,60      0,00 5161116  205640   1,27  java

18:54:59      UID       PID   kB_rd/s   kB_wr/s kB_ccwr/s iodelay  Command
18:55:04     1000     10122      0,00      1,60      0,00       0  antigravity
18:55:04     1000     35251      0,00      0,78      0,00       0  pidstat
18:55:04     1000     35282      0,00      0,10      0,00       0  java

18:55:04      UID       PID    %usr %system  %guest   %wait    %CPU   CPU  Command
18:55:09        0      1489    0,40    0,00    0,00    0,00    0,40     4  containerd
18:55:09        0      2351    0,20    0,40    0,00    0,00    0,60     3  dockerd
18:55:09      117      2352    0,80    0,00    0,00    0,00    0,80     3  grafana
18:55:09        0      3170    0,20    0,40    0,00    0,00    0,60     6  mount.ntfs-3g
18:55:09        0      3227    0,00    0,20    0,00    0,00    0,20     3  containerd-shim
18:55:09        0      3240    0,00    0,20    0,00    0,00    0,20     1  containerd-shim
18:55:09        0      3246    0,00    0,20    0,00    0,00    0,20     0  containerd-shim
18:55:09        0      3261    0,20    0,00    0,00    0,00    0,20     3  containerd-shim
18:55:09      999      3405    0,40    0,00    0,00    0,00    0,40     2  redis-server
18:55:09     1000      9024    0,40    0,20    0,00    0,00    0,60     4  gnome-shell
18:55:09     1000      9700    0,20    0,00    0,00    0,00    0,20     0  antigravity
18:55:09     1000      9756    0,20    0,20    0,00    0,00    0,40     2  antigravity
18:55:09     1000      9830    1,20    0,20    0,00    0,00    1,40     2  antigravity
18:55:09     1000     10074    2,00    0,80    0,00    0,00    2,80     5  language_server
18:55:09     1000     10121    0,00    0,20    0,00    0,00    0,20     1  antigravity
18:55:09     1000     10122    1,40    0,20    0,00    0,00    1,60     5  antigravity
18:55:09     1000     10187    1,20    0,00    0,00    0,00    1,20     3  antigravity
18:55:09     1000     11152    2,80    1,20    0,00    0,00    4,00     6  language_server
18:55:09        0     33252    0,00    0,20    0,00    0,00    0,20     0  kworker/0:2-i915-unordered
18:55:09     1000     35251    0,20    0,20    0,00    0,00    0,40     0  pidstat
18:55:09     1000     35282    4,20    0,40    0,00    0,00    4,60     3  java

18:55:04      UID       PID  minflt/s  majflt/s     VSZ     RSS   %MEM  Command
18:55:09        0      1489      4,00      0,00 2242640   66356   0,41  containerd
18:55:09        0      3207      0,20      0,00 1235608   15428   0,10  containerd-shim
18:55:09        0      3227     11,20      0,00 1235352   14648   0,09  containerd-shim
18:55:09        0      3240      7,00      0,00 1235608   15680   0,10  containerd-shim
18:55:09        0      3246     12,80      0,00 1235608   15644   0,10  containerd-shim
18:55:09        0      3261      3,40      0,00 1235608   15700   0,10  containerd-shim
18:55:09     1000      9024      0,20      0,00 4676764  275352   1,70  gnome-shell
18:55:09     1000      9700     56,00      0,00 1461692876  304640   1,88  antigravity
18:55:09     1000      9756      7,60      0,00 34336636  165420   1,02  antigravity
18:55:09     1000      9767      0,60      0,00 33906012   82040   0,51  antigravity
18:55:09     1000      9830    257,80      0,00 1461371372  489276   3,01  antigravity
18:55:09     1000     10109      0,20      0,00 33951332   64948   0,40  antigravity
18:55:09     1000     10121     12,40      0,00 1461391740  124504   0,77  antigravity
18:55:09     1000     10122    372,60      0,00 1461343128  284700   1,75  antigravity
18:55:09     1000     10186      3,00      0,00 1478124976  122692   0,76  antigravity
18:55:09     1000     10187     49,20      0,00 1461358904  157564   0,97  antigravity
18:55:09     1000     35282     21,60      0,00 5161116  206152   1,27  java

18:55:04      UID       PID   kB_rd/s   kB_wr/s kB_ccwr/s iodelay  Command
18:55:09     1000     35251      0,00      0,87      0,00       0  pidstat
18:55:09     1000     35282      0,00      1,60      0,00       0  java

18:55:09      UID       PID    %usr %system  %guest   %wait    %CPU   CPU  Command
18:55:14        0      1457    0,20    0,00    0,00    0,00    0,20     5  glances
18:55:14        0      1489    0,40    0,20    0,00    0,00    0,60     4  containerd
18:55:14        0      2351    0,20    0,20    0,00    0,00    0,40     3  dockerd
18:55:14      117      2352    1,00    0,20    0,00    0,00    1,20     3  grafana
18:55:14        0      3170    0,40    0,20    0,00    0,00    0,60     1  mount.ntfs-3g
18:55:14        0      3207    0,00    0,20    0,00    0,00    0,20     6  containerd-shim
18:55:14        0      3240    0,20    0,00    0,00    0,00    0,20     1  containerd-shim
18:55:14      999      3405    0,20    0,00    0,00    0,00    0,20     3  redis-server
18:55:14     1000      9024    0,60    0,20    0,00    0,00    0,80     5  gnome-shell
18:55:14     1000      9700    0,20    0,20    0,00    0,00    0,40     1  antigravity
18:55:14     1000      9756    0,20    0,00    0,00    0,00    0,20     3  antigravity
18:55:14     1000      9830    1,20    0,40    0,00    0,00    1,60     2  antigravity
18:55:14     1000     10074    1,60    1,00    0,00    0,00    2,60     6  language_server
18:55:14     1000     10121    0,20    0,00    0,00    0,00    0,20     5  antigravity
18:55:14     1000     10122    1,00    0,60    0,00    0,00    1,60     6  antigravity
18:55:14     1000     10187    0,40    0,00    0,00    0,00    0,40     5  antigravity
18:55:14     1000     11152    1,40    1,40    0,00    0,00    2,80     4  language_server
18:55:14     1000     35251    0,20    0,20    0,00    0,00    0,40     0  pidstat
18:55:14     1000     35282    2,20    0,00    0,00    0,00    2,20     3  java

18:55:09      UID       PID  minflt/s  majflt/s     VSZ     RSS   %MEM  Command
18:55:14        0      1489      4,20      0,00 2242640   66052   0,41  containerd
18:55:14        0      3207      4,40      0,00 1235608   15556   0,10  containerd-shim
18:55:14        0      3227      7,60      0,00 1235352   14776   0,09  containerd-shim
18:55:14        0      3240      1,00      0,00 1235608   15808   0,10  containerd-shim
18:55:14        0      3246     10,20      0,00 1235608   15900   0,10  containerd-shim
18:55:14        0      3261      2,40      0,00 1235608   15700   0,10  containerd-shim
18:55:14     1000      9024      6,60      0,00 4676828  275352   1,70  gnome-shell
18:55:14     1000      9700     57,00      0,00 1461692876  304024   1,87  antigravity
18:55:14     1000      9756      6,20      0,00 34336380  165676   1,02  antigravity
18:55:14     1000      9767      1,20      0,00 33906012   82040   0,51  antigravity
18:55:14     1000      9830    256,40      0,00 1461371372  491280   3,03  antigravity
18:55:14     1000     10109      0,40      0,00 33951332   64948   0,40  antigravity
18:55:14     1000     10121      2,80      0,00 1461391740  124504   0,77  antigravity
18:55:14     1000     10122    428,40      0,00 1461343128  286236   1,76  antigravity
18:55:14     1000     10186      3,00      0,00 1478124976  122692   0,76  antigravity
18:55:14     1000     10187     32,80      0,00 1461358904  157636   0,97  antigravity
18:55:14     1000     35282     13,00      0,00 5161116  206408   1,27  java

18:55:09      UID       PID   kB_rd/s   kB_wr/s kB_ccwr/s iodelay  Command
18:55:14     1000     10122      0,00      0,80      0,00       0  antigravity
18:55:14     1000     35251      0,00      0,72      0,00       0  pidstat
18:55:14     1000     35282      0,00      1,60      0,00       0  java

18:55:14      UID       PID    %usr %system  %guest   %wait    %CPU   CPU  Command
18:55:19        0         1    0,20    0,00    0,00    0,00    0,20     1  systemd
18:55:19      990       905    0,80    0,20    0,00    0,00    1,00     3  dbus-daemon
18:55:19      115       926    1,20    0,60    0,00    0,00    1,80     7  prometheus-node
18:55:19      115       927    0,20    0,00    0,00    0,00    0,20     1  prometheus
18:55:19        0      1457    0,20    0,00    0,00    0,00    0,20     5  glances
18:55:19        0      1468    0,20    0,20    0,00    0,00    0,40     7  tailscaled
18:55:19        0      1489    0,40    0,00    0,00    0,00    0,40     4  containerd
18:55:19        0      2351    0,40    0,20    0,00    0,00    0,60     3  dockerd
18:55:19      117      2352    0,60    0,20    0,00    0,00    0,80     3  grafana
18:55:19        0      3170    0,40    0,40    0,00    0,00    0,80     3  mount.ntfs-3g
18:55:19        0      3207    0,20    0,00    0,00    0,00    0,20     6  containerd-shim
18:55:19        0      3227    0,20    0,20    0,00    0,00    0,40     3  containerd-shim
18:55:19      999      3405    0,40    0,20    0,00    0,00    0,60     3  redis-server
18:55:19     1000      9024    0,40    0,40    0,00    0,00    0,80     5  gnome-shell
18:55:19     1000      9200    0,00    0,20    0,00    0,00    0,20     4  anydesk
18:55:19     1000      9700    0,20    0,20    0,00    0,00    0,40     0  antigravity
18:55:19     1000      9756    0,20    0,00    0,00    0,00    0,20     3  antigravity
18:55:19     1000      9830    1,40    0,20    0,00    0,00    1,60     2  antigravity
18:55:19     1000     10074    1,60    1,60    0,00    0,20    3,20     7  language_server
18:55:19     1000     10121    0,00    0,20    0,00    0,00    0,20     5  antigravity
18:55:19     1000     10122    1,00    0,40    0,00    0,00    1,40     4  antigravity
18:55:19     1000     10187    0,60    0,00    0,00    0,00    0,60     5  antigravity
18:55:19     1000     11152    1,60    1,00    0,00    0,00    2,60     6  language_server
18:55:19     1000     35251    0,40    0,00    0,00    0,00    0,40     2  pidstat
18:55:19     1000     35282    2,20    0,20    0,00    0,00    2,40     3  java

18:55:14      UID       PID  minflt/s  majflt/s     VSZ     RSS   %MEM  Command
18:55:19      115       926     55,20      0,00 1687812   24996   0,15  prometheus-node
18:55:19      115       927      0,40      0,00 2702228  118056   0,73  prometheus
18:55:19        0      1489      1,60      0,00 2242640   66180   0,41  containerd
18:55:19      114      1588      3,80      0,00  218252   30140   0,19  postgres
18:55:19        0      3207      6,20      0,00 1235608   15556   0,10  containerd-shim
18:55:19        0      3227      0,80      0,00 1235352   14776   0,09  containerd-shim
18:55:19        0      3240      1,20      0,00 1235608   15808   0,10  containerd-shim
18:55:19        0      3246      2,40      0,00 1235608   15900   0,10  containerd-shim
18:55:19        0      3261      7,20      0,00 1235608   15700   0,10  containerd-shim
18:55:19     1000      9024      0,20      0,00 4676764  275352   1,70  gnome-shell
18:55:19     1000      9700     58,20      0,00 1461692876  303888   1,87  antigravity
18:55:19     1000      9756     24,40      0,00 34336380  165932   1,02  antigravity
18:55:19     1000      9767      0,60      0,00 33906012   82040   0,51  antigravity
18:55:19     1000      9830    245,80      0,00 1461371372  490592   3,02  antigravity
18:55:19     1000     10074      0,20      0,00 5034116  370584   2,28  language_server
18:55:19     1000     10109      0,20      0,00 33951332   64948   0,40  antigravity
18:55:19     1000     10121      3,00      0,00 1461391740  124504   0,77  antigravity
18:55:19     1000     10122    377,80      0,00 1461343128  285380   1,76  antigravity
18:55:19     1000     10186      6,00      0,00 1478124976  122692   0,76  antigravity
18:55:19     1000     10187     30,20      0,00 1461358904  157416   0,97  antigravity
18:55:19     1000     35282     20,20      0,00 5161116  206920   1,27  java

18:55:14      UID       PID   kB_rd/s   kB_wr/s kB_ccwr/s iodelay  Command
18:55:19     1000     10122      0,00      0,80      0,00       0  antigravity
18:55:19     1000     35251      0,00      0,70      0,00       0  pidstat

18:55:19      UID       PID    %usr %system  %guest   %wait    %CPU   CPU  Command
18:55:24        0        18    0,00    0,20    0,00    0,00    0,20     4  rcu_preempt
18:55:24      115       927    0,20    0,00    0,00    0,00    0,20     1  prometheus
18:55:24        0      1457    0,00    0,20    0,00    0,00    0,20     5  glances
18:55:24        0      1479    0,00    0,20    0,00    0,00    0,20     6  anydesk
18:55:24        0      1489    0,20    0,00    0,00    0,00    0,20     4  containerd
18:55:24        0      2351    0,40    0,00    0,00    0,00    0,40     3  dockerd
18:55:24      117      2352    0,80    0,20    0,00    0,00    1,00     3  grafana
18:55:24        0      3170    0,60    0,40    0,00    0,00    1,00     5  mount.ntfs-3g
18:55:24        0      3240    0,20    0,00    0,00    0,00    0,20     1  containerd-shim
18:55:24        0      3246    0,20    0,20    0,00    0,00    0,40     0  containerd-shim
18:55:24        0      3261    0,20    0,20    0,00    0,00    0,40     3  containerd-shim
18:55:24      999      3405    0,40    0,00    0,00    0,00    0,40     2  redis-server
18:55:24      117      3434    0,20    0,00    0,00    0,00    0,20     3  gpx_grafana_ela
18:55:24     1000      9024    0,80    0,20    0,00    0,00    1,00     4  gnome-shell
18:55:24     1000      9700    0,20    0,00    0,00    0,00    0,20     0  antigravity
18:55:24     1000      9756    0,40    0,00    0,00    0,00    0,40     3  antigravity
18:55:24     1000      9830    1,20    0,40    0,00    0,00    1,60     1  antigravity
18:55:24     1000     10074    1,40    1,40    0,00    0,00    2,80     6  language_server
18:55:24     1000     10121    0,40    0,00    0,00    0,00    0,40     5  antigravity
18:55:24     1000     10122    1,20    0,40    0,00    0,00    1,60     6  antigravity
18:55:24     1000     10187    0,40    0,20    0,00    0,00    0,60     0  antigravity
18:55:24     1000     11152    1,40    1,40    0,00    0,00    2,80     7  language_server
18:55:24        0     31777    0,20    0,00    0,00    0,00    0,20     3  kworker/3:0-mm_percpu_wq
18:55:24        0     31798    0,20    0,00    0,00    0,00    0,20     1  kworker/1:2-events
18:55:24     1000     35251    0,00    0,40    0,00    0,00    0,40     2  pidstat
18:55:24     1000     35282    3,00    0,20    0,00    0,00    3,20     3  java

18:55:19      UID       PID  minflt/s  majflt/s     VSZ     RSS   %MEM  Command
18:55:24        0      1468     16,80      0,00 1421636   99188   0,61  tailscaled
18:55:24        0      1489      2,00      0,00 2242640   66308   0,41  containerd
18:55:24        0      3207      4,00      0,00 1235608   14976   0,09  containerd-shim
18:55:24        0      3227      3,20      0,00 1235352   14236   0,09  containerd-shim
18:55:24        0      3240      4,80      0,00 1235608   15232   0,09  containerd-shim
18:55:24        0      3246      0,00      0,00 1235608   15308   0,09  containerd-shim
18:55:24        0      3261      5,60      0,00 1235608   15248   0,09  containerd-shim
18:55:24     1000      9024      6,60      0,00 4676764  275224   1,70  gnome-shell
18:55:24     1000      9700     53,20      0,00 1461692876  303924   1,87  antigravity
18:55:24     1000      9756      5,40      0,00 34336380  165932   1,02  antigravity
18:55:24     1000      9767      0,60      0,00 33906012   82040   0,51  antigravity
18:55:24     1000      9830    242,40      0,00 1461371372  492372   3,03  antigravity
18:55:24     1000     10109      0,20      0,00 33951332   64948   0,40  antigravity
18:55:24     1000     10121      2,60      0,00 1461391740  124504   0,77  antigravity
18:55:24     1000     10122    366,00      0,00 1461343128  284812   1,75  antigravity
18:55:24     1000     10186      3,00      0,00 1478124976  122692   0,76  antigravity
18:55:24     1000     10187     30,80      0,00 1461358904  157532   0,97  antigravity
18:55:24     1000     35282     42,80      0,00 5161116  207816   1,28  java

18:55:19      UID       PID   kB_rd/s   kB_wr/s kB_ccwr/s iodelay  Command
18:55:24     1000     35251      0,00      0,85      0,00       0  pidstat
18:55:24     1000     35282      0,00      1,60      0,00       0  java

18:55:24      UID       PID    %usr %system  %guest   %wait    %CPU   CPU  Command
18:55:29        0        86    0,00    0,20    0,00    0,00    0,20     0  irq/9-acpi
18:55:29        0      1489    0,40    0,20    0,00    0,00    0,60     4  containerd
18:55:29        0      2351    0,40    0,20    0,00    0,00    0,60     3  dockerd
18:55:29      117      2352    0,40    0,80    0,00    0,00    1,20     3  grafana
18:55:29        0      3170    0,20    0,40    0,00    0,00    0,60     7  mount.ntfs-3g
18:55:29        0      3207    0,20    0,00    0,00    0,00    0,20     6  containerd-shim
18:55:29        0      3240    0,00    0,20    0,00    0,00    0,20     1  containerd-shim
18:55:29      999      3405    0,40    0,00    0,00    0,00    0,40     2  redis-server
18:55:29     1000      9024    0,40    0,00    0,00    0,00    0,40     5  gnome-shell
18:55:29     1000      9700    0,20    0,20    0,00    0,00    0,40     7  antigravity
18:55:29     1000      9756    0,20    0,00    0,00    0,00    0,20     2  antigravity
18:55:29     1000      9830   11,60    0,40    0,00    0,00   12,00     5  antigravity
18:55:29     1000     10074    1,60    1,60    0,00    0,00    3,20     3  language_server
18:55:29     1000     10121    0,20    0,00    0,00    0,20    0,20     1  antigravity
18:55:29     1000     10122    1,20    0,40    0,00    0,20    1,60     0  antigravity
18:55:29     1000     10187    0,60    0,00    0,00    0,00    0,60     3  antigravity
18:55:29     1000     11152    1,20    1,60    0,00    9,00    2,80     3  language_server
18:55:29     1000     35251    0,20    0,20    0,00    0,00    0,40     2  pidstat
18:55:29     1000     35282    2,20    0,20    0,00    0,00    2,40     3  java

18:55:24      UID       PID  minflt/s  majflt/s     VSZ     RSS   %MEM  Command
18:55:29        0      1468      5,00      0,00 1421636   99316   0,61  tailscaled
18:55:29        0      1489      0,20      0,00 2242640   66308   0,41  containerd
18:55:29      117      2352      3,20      0,00 1830016  333688   2,06  grafana
18:55:29        0      3207     15,60      0,00 1235608   15232   0,09  containerd-shim
18:55:29        0      3227      8,80      0,00 1235352   14236   0,09  containerd-shim
18:55:29        0      3240     12,40      0,00 1235608   15360   0,09  containerd-shim
18:55:29        0      3246      4,40      0,00 1235608   15308   0,09  containerd-shim
18:55:29        0      3261     10,40      0,00 1235608   15504   0,10  containerd-shim
18:55:29       70      3383      4,40      0,00  174540   26160   0,16  postgres
18:55:29     1000      9700     56,00      0,00 1461692876  304680   1,88  antigravity
18:55:29     1000      9756      7,20      0,00 34336380  165444   1,02  antigravity
18:55:29     1000      9767      0,60      0,00 33906012   82040   0,51  antigravity
18:55:29     1000      9830    346,20      0,00 1461371372  487844   3,01  antigravity
18:55:29     1000     10109      0,20      0,00 33951332   64948   0,40  antigravity
18:55:29     1000     10121      2,60      0,00 1461391740  124504   0,77  antigravity
18:55:29     1000     10122    346,00      0,00 1461343128  285248   1,76  antigravity
18:55:29     1000     10186      3,00      0,00 1478124976  122692   0,76  antigravity
18:55:29     1000     10187     30,80      0,00 1461358904  157824   0,97  antigravity
18:55:29     1000     35282     10,80      0,00 5161116  207816   1,28  java

18:55:24      UID       PID   kB_rd/s   kB_wr/s kB_ccwr/s iodelay  Command
18:55:29     1000     10122      0,00      1,60      0,00       0  antigravity
18:55:29     1000     35251      0,00      0,82      0,00       0  pidstat

18:55:29      UID       PID    %usr %system  %guest   %wait    %CPU   CPU  Command
18:55:34        0         1    0,60    0,20    0,00    0,00    0,80     0  systemd
18:55:34        0       381    0,00    0,20    0,00    0,00    0,20     2  systemd-journal
18:55:34        0       413    0,00    0,20    0,00    0,20    0,20     2  systemd-udevd
18:55:34      990       905    1,40    0,00    0,00    0,20    1,40     7  dbus-daemon
18:55:34      115       926    1,20    0,60    0,00    0,00    1,80     6  prometheus-node
18:55:34      115       927    0,20    0,20    0,00    0,00    0,40     1  prometheus
18:55:34        0      1052    0,00    0,20    0,00    0,00    0,20     3  NetworkManager
18:55:34        0      1194    0,20    0,00    0,00    0,00    0,20     0  ModemManager
18:55:34        0      1457    0,20    0,00    0,00    0,00    0,20     5  glances
18:55:34        0      1468    0,40    0,20    0,00    0,00    0,60     7  tailscaled
18:55:34        0      1489    0,80    0,20    0,00    0,00    1,00     4  containerd
18:55:34        0      2350    0,20    0,20    0,00    0,00    0,40     5  cups-browsed
18:55:34        0      2351    0,80    1,00    0,00    0,00    1,80     3  dockerd
18:55:34      117      2352    0,60    0,20    0,00    0,00    0,80     3  grafana
18:55:34        0      3170    0,60    0,00    0,00    0,00    0,60     7  mount.ntfs-3g
18:55:34        0      3207    0,00    0,20    0,00    0,00    0,20     6  containerd-shim
18:55:34        0      3227    0,20    0,00    0,00    0,00    0,20     3  containerd-shim
18:55:34        0      3240    0,00    0,20    0,00    0,00    0,20     1  containerd-shim
18:55:34        0      3246    0,20    0,00    0,00    0,00    0,20     0  containerd-shim
18:55:34        0      3261    0,00    0,20    0,00    0,00    0,20     3  containerd-shim
18:55:34      999      3405    0,40    0,00    0,00    0,00    0,40     2  redis-server
18:55:34     1000      8864    0,40    0,20    0,00    0,00    0,60     1  systemd
18:55:34     1000      8888    0,20    0,00    0,00    0,00    0,20     4  dbus-daemon
18:55:34     1000      9024    1,00    0,40    0,00    0,00    1,40     6  gnome-shell
18:55:34     1000      9162    0,20    0,00    0,00    0,00    0,20     7  gsd-sharing
18:55:34     1000      9700    0,40    0,00    0,00    0,00    0,40     2  antigravity
18:55:34     1000      9756    0,40    0,20    0,00    0,00    0,60     2  antigravity
18:55:34     1000      9830    1,40    0,20    0,00    0,00    1,60     6  antigravity
18:55:34     1000     10074    1,00    1,60    0,00    0,00    2,60     7  language_server
18:55:34     1000     10121    0,20    0,20    0,00    0,00    0,40     0  antigravity
18:55:34     1000     10122    1,40    0,20    0,00    0,00    1,60     5  antigravity
18:55:34     1000     10187    0,60    0,00    0,00    0,00    0,60     5  antigravity
18:55:34     1000     11152    1,60    1,20    0,00    0,00    2,80     7  language_server
18:55:34        0     33252    0,00    0,20    0,00    0,00    0,20     0  kworker/0:2-i915-unordered
18:55:34     1000     35251    0,00    0,40    0,00    0,00    0,40     2  pidstat
18:55:34     1000     35282    1,80    0,20    0,00    0,00    2,00     3  java

18:55:29      UID       PID  minflt/s  majflt/s     VSZ     RSS   %MEM  Command
18:55:34        0       381     48,00      0,00  136916   82520   0,51  systemd-journal
18:55:34        0       413    110,80      0,00   37696   11516   0,07  systemd-udevd
18:55:34      115       926     70,60      0,00 1687812   25088   0,15  prometheus-node
18:55:34        0      1468     16,40      0,00 1421636  101964   0,63  tailscaled
18:55:34        0      1489     18,80      0,00 2242640   66284   0,41  containerd
18:55:34        0      2351      0,20      0,00 3433248  108444   0,67  dockerd
18:55:34        0      3207      7,00      0,00 1235608   15232   0,09  containerd-shim
18:55:34        0      3227     13,00      0,00 1235352   14364   0,09  containerd-shim
18:55:34        0      3240     16,80      0,00 1235608   15616   0,10  containerd-shim
18:55:34        0      3246     14,40      0,00 1235608   15436   0,10  containerd-shim
18:55:34        0      3261     16,60      0,00 1235608   15760   0,10  containerd-shim
18:55:34     1000      9024      9,00      0,00 4676764  275352   1,70  gnome-shell
18:55:34     1000      9700     59,60      0,00 1461692876  303620   1,87  antigravity
18:55:34     1000      9756      6,40      0,00 34336380  165444   1,02  antigravity
18:55:34     1000      9767      1,20      0,00 33906012   82040   0,51  antigravity
18:55:34     1000      9830    269,60      0,00 1461371372  490916   3,02  antigravity
18:55:34     1000     10109      0,40      0,00 33951332   64948   0,40  antigravity
18:55:34     1000     10121    115,80      0,00 1461391740  124504   0,77  antigravity
18:55:34     1000     10122    469,60      0,00 1461343128  286552   1,77  antigravity
18:55:34     1000     10186      3,40      0,00 1478124976  122692   0,76  antigravity
18:55:34     1000     10187     38,40      0,00 1461358904  158192   0,97  antigravity
18:55:34     1000     35282     15,80      0,00 5161116  208328   1,28  java
18:55:34        0     35504     59,40      0,00   37700    7324   0,05  (udev-worker)
18:55:34        0     35518     27,80      0,00   37700    7004   0,04  (udev-worker)
18:55:34        0     35519     27,80      0,00   37700    7004   0,04  (udev-worker)
18:55:34        0     35520     27,60      0,00   37700    7004   0,04  (udev-worker)
18:55:34        0     35521     27,80      0,00   37700    7004   0,04  (udev-worker)
18:55:34        0     35522     28,00      0,00   37700    7004   0,04  (udev-worker)
18:55:34        0     35523     27,80      0,00   37700    7004   0,04  (udev-worker)
18:55:34        0     35524     36,40      0,00   37700    7004   0,04  (udev-worker)
18:55:34        0     35525     27,00      0,00   37700    7004   0,04  (udev-worker)
18:55:34        0     35527     59,40      0,00   37700    7260   0,04  (udev-worker)
18:55:34        0     35528     26,80      0,00   37700    7004   0,04  (udev-worker)
18:55:34        0     35529     27,40      0,00   37700    7004   0,04  (udev-worker)
18:55:34        0     35530     26,20      0,00   37700    7004   0,04  (udev-worker)
18:55:34        0     35532     26,40      0,00   37700    7004   0,04  (udev-worker)
18:55:34        0     35533     27,40      0,00   37700    7004   0,04  (udev-worker)
18:55:34        0     35534     26,60      0,00   37700    7004   0,04  (udev-worker)

18:55:29      UID       PID   kB_rd/s   kB_wr/s kB_ccwr/s iodelay  Command
18:55:34     1000     35251      0,00      0,72      0,00       0  pidstat
18:55:34     1000     35282      0,00      1,66      0,00       0  java

18:55:34      UID       PID    %usr %system  %guest   %wait    %CPU   CPU  Command
18:55:39      115       927    0,20    0,00    0,00    0,00    0,20     1  prometheus
18:55:39        0      1457    0,20    0,20    0,00    0,00    0,40     5  glances
18:55:39        0      1468    0,20    0,20    0,00    0,00    0,40     7  tailscaled
18:55:39        0      1489    0,20    0,20    0,00    0,00    0,40     4  containerd
18:55:39        0      2351    0,20    0,20    0,00    0,00    0,40     3  dockerd
18:55:39      117      2352    0,40    0,60    0,00    0,00    1,00     3  grafana
18:55:39        0      3170    0,40    0,60    0,00    0,00    1,00     3  mount.ntfs-3g
18:55:39        0      3207    0,20    0,00    0,00    0,00    0,20     6  containerd-shim
18:55:39        0      3261    0,20    0,00    0,00    0,00    0,20     3  containerd-shim
18:55:39      999      3405    0,40    0,00    0,00    0,00    0,40     2  redis-server
18:55:39     1000      9024    0,60    0,00    0,00    0,00    0,60     1  gnome-shell
18:55:39     1000      9700    0,20    0,00    0,00    0,00    0,20     2  antigravity
18:55:39     1000      9756    0,20    0,00    0,00    0,00    0,20     3  antigravity
18:55:39     1000      9830    1,40    0,20    0,00    0,00    1,60     3  antigravity
18:55:39     1000     10074    1,20    1,40    0,00    0,00    2,60     7  language_server
18:55:39     1000     10121    0,20    0,20    0,00    0,00    0,40     2  antigravity
18:55:39     1000     10122    1,20    0,40    0,00    0,00    1,60     7  antigravity
18:55:39     1000     10187    0,80    0,20    0,00    0,00    1,00     6  antigravity
18:55:39     1000     11152    1,00    2,00    0,00    0,00    3,00     1  language_server
18:55:39        0     13128    0,00    0,20    0,00    0,00    0,20     2  kworker/u32:1-flush-8:0
18:55:39        0     32097    0,00    0,20    0,00    0,00    0,20     4  kworker/4:0-events
18:55:39        0     34004    0,00    0,20    0,00    0,00    0,20     2  kworker/2:1-events
18:55:39     1000     35251    0,20    0,40    0,00    0,00    0,60     0  pidstat
18:55:39     1000     35282    3,40    0,40    0,00    0,00    3,80     3  java

18:55:34      UID       PID  minflt/s  majflt/s     VSZ     RSS   %MEM  Command
18:55:39        0       413      2,00      0,00   37696   11516   0,07  systemd-udevd
18:55:39      115       927      0,40      0,00 2702228  118056   0,73  prometheus
18:55:39        0      1489      2,20      0,00 2242640   66284   0,41  containerd
18:55:39        0      3207      7,00      0,00 1235608   15360   0,09  containerd-shim
18:55:39        0      3227      0,20      0,00 1235352   14364   0,09  containerd-shim
18:55:39        0      3240      1,00      0,00 1235608   15616   0,10  containerd-shim
18:55:39        0      3246      3,40      0,00 1235608   15564   0,10  containerd-shim
18:55:39        0      3261      9,20      0,00 1235608   15760   0,10  containerd-shim
18:55:39     1000      9024      0,40      0,00 4676764  275352   1,70  gnome-shell
18:55:39     1000      9700     56,00      0,00 1461692876  303844   1,87  antigravity
18:55:39     1000      9756     24,40      0,00 34336380  165700   1,02  antigravity
18:55:39     1000      9767      0,60      0,00 33906012   82040   0,51  antigravity
18:55:39     1000      9830    239,80      0,00 1461371372  492648   3,03  antigravity
18:55:39     1000     10109      0,20      0,00 33951332   64948   0,40  antigravity
18:55:39     1000     10121    136,20      0,00 1461391740  124628   0,77  antigravity
18:55:39     1000     10122    352,80      0,00 1461343128  285372   1,76  antigravity
18:55:39     1000     10186      6,00      0,00 1478124976  122692   0,76  antigravity
18:55:39     1000     10187     31,80      0,00 1461358904  158124   0,97  antigravity
18:55:39     1000     35251      7,80      0,00    6052    4864   0,03  pidstat
18:55:39     1000     35282     64,20      0,00 5161116  209480   1,29  java

18:55:34      UID       PID   kB_rd/s   kB_wr/s kB_ccwr/s iodelay  Command
18:55:39     1000     10122      0,00      0,80      0,00       0  antigravity
18:55:39     1000     35251      0,00      1,33      0,00       0  pidstat
18:55:39     1000     35282      0,00      1,60      0,00       0  java

18:55:39      UID       PID    %usr %system  %guest   %wait    %CPU   CPU  Command
18:55:44        0        18    0,00    0,20    0,00    0,00    0,20     1  rcu_preempt
18:55:44        0      1489    0,20    0,20    0,00    0,00    0,40     4  containerd
18:55:44        0      2351    0,40    0,20    0,00    0,00    0,60     3  dockerd
18:55:44      117      2352    0,80    0,20    0,00    0,00    1,00     3  grafana
18:55:44        0      3170    0,20    0,40    0,00    0,00    0,60     2  mount.ntfs-3g
18:55:44        0      3227    0,00    0,20    0,00    0,00    0,20     3  containerd-shim
18:55:44        0      3246    0,00    0,20    0,00    0,00    0,20     0  containerd-shim
18:55:44      999      3405    0,40    0,00    0,00    0,00    0,40     2  redis-server
18:55:44     1000      9024    0,80    0,20    0,00    0,00    1,00     6  gnome-shell
18:55:44     1000      9700    0,00    0,40    0,00    0,00    0,40     2  antigravity
18:55:44     1000      9756    0,00    0,20    0,00    0,00    0,20     4  antigravity
18:55:44     1000      9830    1,20    0,20    0,00    0,00    1,40     6  antigravity
18:55:44     1000     10074    1,20    1,60    0,00    0,20    2,80     1  language_server
18:55:44     1000     10121    0,00    0,20    0,00    0,00    0,20     2  antigravity
18:55:44     1000     10122    0,80    0,60    0,00    0,00    1,40     1  antigravity
18:55:44     1000     10187    0,40    0,00    0,00    0,00    0,40     6  antigravity
18:55:44     1000     11152    1,20    1,60    0,00    0,00    2,80     6  language_server
18:55:44     1000     35251    0,20    0,20    0,00    0,00    0,40     3  pidstat
18:55:44     1000     35282    0,40    0,00    0,00    0,00    0,40     3  java

18:55:39      UID       PID  minflt/s  majflt/s     VSZ     RSS   %MEM  Command
18:55:44        0      1489     12,40      0,00 2242640   66668   0,41  containerd
18:55:44        0      3207      7,20      0,00 1235608   15488   0,10  containerd-shim
18:55:44        0      3227      0,20      0,00 1235352   14364   0,09  containerd-shim
18:55:44        0      3240      4,00      0,00 1235608   15744   0,10  containerd-shim
18:55:44        0      3246      0,40      0,00 1235608   15564   0,10  containerd-shim
18:55:44        0      3261      1,80      0,00 1235608   15888   0,10  containerd-shim
18:55:44     1000      9024      6,80      0,00 4676764  275352   1,70  gnome-shell
18:55:44     1000      9700     55,80      0,00 1461692876  303604   1,87  antigravity
18:55:44     1000      9756      9,00      0,00 34336380  165700   1,02  antigravity
18:55:44     1000      9767      0,60      0,00 33906012   82040   0,51  antigravity
18:55:44     1000      9830    261,80      0,00 1461371372  491976   3,03  antigravity
18:55:44     1000     10109      0,20      0,00 33951332   64948   0,40  antigravity
18:55:44     1000     10121      4,00      0,00 1461391740  124628   0,77  antigravity
18:55:44     1000     10122    318,20      0,00 1461343128  284812   1,75  antigravity
18:55:44     1000     10186      3,00      0,00 1478124976  122692   0,76  antigravity
18:55:44     1000     10187     31,20      0,00 1461358904  158272   0,98  antigravity
18:55:44     1000     35282      0,60      0,00 5161116  209480   1,29  java

18:55:39      UID       PID   kB_rd/s   kB_wr/s kB_ccwr/s iodelay  Command
18:55:44     1000     35251      0,00      0,84      0,00       0  pidstat

18:55:44      UID       PID    %usr %system  %guest   %wait    %CPU   CPU  Command
18:55:49        0         1    0,20    0,00    0,00    0,00    0,20     2  systemd
18:55:49        0        86    0,00    0,20    0,00    0,00    0,20     0  irq/9-acpi
18:55:49        0       721    0,00    0,20    0,00    0,00    0,20     1  kworker/u33:2-i915_flip
18:55:49      990       905    1,00    0,00    0,00    0,00    1,00     4  dbus-daemon
18:55:49      115       926    1,00    0,60    0,00    0,00    1,60     1  prometheus-node
18:55:49      115       927    0,20    0,20    0,00    0,00    0,40     1  prometheus
18:55:49        0      1457    0,20    0,00    0,00    0,00    0,20     5  glances
18:55:49        0      1489    0,40    0,40    0,00    0,00    0,80     4  containerd
18:55:49        0      2351    0,40    0,00    0,00    0,00    0,40     3  dockerd
18:55:49      117      2352    0,60    0,40    0,00    0,00    1,00     3  grafana
18:55:49        0      3170    0,40    0,20    0,00    0,00    0,60     1  mount.ntfs-3g
18:55:49        0      3240    0,20    0,20    0,00    0,00    0,40     1  containerd-shim
18:55:49        0      3261    0,20    0,00    0,00    0,00    0,20     3  containerd-shim
18:55:49      999      3405    0,40    0,20    0,00    0,00    0,60     2  redis-server
18:55:49     1000      9024    0,40    0,00    0,00    0,00    0,40     0  gnome-shell
18:55:49     1000      9700    0,20    0,00    0,00    0,00    0,20     7  antigravity
18:55:49     1000      9756    0,40    0,00    0,00    0,00    0,40     3  antigravity
18:55:49     1000      9830   11,60    0,40    0,00    0,00   12,00     0  antigravity
18:55:49     1000     10074    1,40    1,40    0,00    0,00    2,80     6  language_server
18:55:49     1000     10121    0,20    0,00    0,00    0,00    0,20     5  antigravity
18:55:49     1000     10122    1,20    0,00    0,00    0,00    1,20     3  antigravity
18:55:49     1000     10187    0,40    0,40    0,00    0,00    0,80     3  antigravity
18:55:49     1000     11152    0,80    2,00    0,00    0,00    2,80     6  language_server
18:55:49        0     22947    0,00    0,20    0,00    0,00    0,20     5  kworker/u32:5-flush-8:0
18:55:49     1000     35251    0,20    0,00    0,00    0,00    0,20     3  pidstat
18:55:49     1000     35282    0,20    0,20    0,00    0,00    0,40     3  java

18:55:44      UID       PID  minflt/s  majflt/s     VSZ     RSS   %MEM  Command
18:55:49      115       926     64,00      0,00 1687812   25300   0,16  prometheus-node
18:55:49        0      1489     12,60      0,00 2242640   65480   0,40  containerd
18:55:49        0      3207      2,20      0,00 1235608   15488   0,10  containerd-shim
18:55:49        0      3227      4,00      0,00 1235352   14364   0,09  containerd-shim
18:55:49        0      3240      5,80      0,00 1235608   15872   0,10  containerd-shim
18:55:49        0      3246      4,60      0,00 1235608   15820   0,10  containerd-shim
18:55:49        0      3261      1,00      0,00 1235608   16016   0,10  containerd-shim
18:55:49     1000      9024      0,40      0,00 4676764  275352   1,70  gnome-shell
18:55:49     1000      9700     53,20      0,00 1461692876  304628   1,88  antigravity
18:55:49     1000      9756      6,20      0,00 34336380  165428   1,02  antigravity
18:55:49     1000      9767      0,60      0,00 33906012   82040   0,51  antigravity
18:55:49     1000      9830    410,20      0,00 1461371372  486300   3,00  antigravity
18:55:49     1000     10109      0,20      0,00 33951332   64948   0,40  antigravity
18:55:49     1000     10121      2,40      0,00 1461391740  124628   0,77  antigravity
18:55:49     1000     10122    340,40      0,00 1461343128  285336   1,76  antigravity
18:55:49     1000     10186      3,00      0,00 1478124976  122692   0,76  antigravity
18:55:49     1000     10187     34,00      0,00 1461358904  159040   0,98  antigravity

18:55:44      UID       PID   kB_rd/s   kB_wr/s kB_ccwr/s iodelay  Command
18:55:49     1000     10122      0,00      0,80      0,00       0  antigravity
18:55:49     1000     35251      0,00      0,67      0,00       0  pidstat

18:55:49      UID       PID    %usr %system  %guest   %wait    %CPU   CPU  Command
18:55:54        0      1457    0,20    0,00    0,00    0,00    0,20     5  glances
18:55:54        0      1468    0,20    0,00    0,00    0,00    0,20     7  tailscaled
18:55:54        0      1489    0,40    0,00    0,00    0,00    0,40     4  containerd
18:55:54        0      2351    0,20    0,40    0,00    0,00    0,60     3  dockerd
18:55:54      117      2352    0,40    0,40    0,00    0,00    0,80     3  grafana
18:55:54        0      3170    0,40    0,60    0,00    0,00    1,00     2  mount.ntfs-3g
18:55:54        0      3207    0,20    0,20    0,00    0,00    0,40     6  containerd-shim
18:55:54        0      3227    0,20    0,20    0,00    0,00    0,40     3  containerd-shim
18:55:54        0      3246    0,00    0,20    0,00    0,00    0,20     0  containerd-shim
18:55:54      999      3405    0,20    0,20    0,00    0,00    0,40     2  redis-server
18:55:54     1000      9024    1,00    0,00    0,00    0,00    1,00     6  gnome-shell
18:55:54     1000      9700    0,40    0,00    0,00    0,00    0,40     7  antigravity
18:55:54     1000      9756    0,20    0,00    0,00    0,00    0,20     3  antigravity
18:55:54     1000      9830    1,40    0,20    0,00    0,00    1,60     7  antigravity
18:55:54     1000      9890    0,00    0,20    0,00    0,00    0,20     1  antigravity
18:55:54     1000     10074    1,60    1,60    0,00    0,00    3,20     3  language_server
18:55:54     1000     10121    0,20    0,00    0,00    0,00    0,20     2  antigravity
18:55:54     1000     10122    1,20    0,40    0,00    0,00    1,60     6  antigravity
18:55:54     1000     10187    0,40    0,20    0,00    0,00    0,60     4  antigravity
18:55:54     1000     11152    1,00    1,60    0,00    0,00    2,60     7  language_server
18:55:54     1000     35251    0,20    0,40    0,00    0,00    0,60     4  pidstat
18:55:54     1000     35282    0,60    0,20    0,00    0,00    0,80     3  java

18:55:49      UID       PID  minflt/s  majflt/s     VSZ     RSS   %MEM  Command
18:55:54        0      1489      1,80      0,00 2242640   65480   0,40  containerd
18:55:54      117      2352      0,20      0,00 1830016  333688   2,06  grafana
18:55:54        0      3207     11,20      0,00 1235608   14736   0,09  containerd-shim
18:55:54        0      3227      3,80      0,00 1235352   13964   0,09  containerd-shim
18:55:54        0      3240      6,60      0,00 1235608   15284   0,09  containerd-shim
18:55:54        0      3246      9,40      0,00 1235608   15264   0,09  containerd-shim
18:55:54        0      3261      7,00      0,00 1235608   15576   0,10  containerd-shim
18:55:54     1000      9024      6,80      0,00 4676828  275212   1,70  gnome-shell
18:55:54     1000      9700     69,80      0,00 1461692876  303864   1,87  antigravity
18:55:54     1000      9756      6,20      0,00 34336380  165428   1,02  antigravity
18:55:54     1000      9767      1,20      0,00 33906012   82040   0,51  antigravity
18:55:54     1000      9830    256,80      0,00 1461371372  488468   3,01  antigravity
18:55:54     1000      9890      0,80      0,00 1459609232  173768   1,07  antigravity
18:55:54     1000     10109      0,40      0,00 33951332   64948   0,40  antigravity
18:55:54     1000     10121      2,40      0,00 1461391740  124628   0,77  antigravity
18:55:54     1000     10122    331,40      0,00 1461343128  286368   1,76  antigravity
18:55:54     1000     10186      3,00      0,00 1478124976  122692   0,76  antigravity
18:55:54     1000     10187     31,20      0,00 1461358904  159320   0,98  antigravity
18:55:54     1000     35282     12,60      0,00 5161116  208936   1,29  java

18:55:49      UID       PID   kB_rd/s   kB_wr/s kB_ccwr/s iodelay  Command
18:55:54     1000      9700      0,00      2,40      0,00       0  antigravity
18:55:54     1000     10122      0,00      0,80      0,00       0  antigravity
18:55:54     1000     35251      0,00      0,81      0,00       0  pidstat
18:55:54     1000     35282      0,00      0,63      0,00       0  java

Rata-rata:    UID       PID    %usr %system  %guest   %wait    %CPU   CPU  Command
Rata-rata:      0         1    0,08    0,02    0,00    0,00    0,09     -  systemd
Rata-rata:      0        18    0,00    0,05    0,00    0,20    0,05     -  rcu_preempt
Rata-rata:      0        80    0,02    0,00    0,00    0,00    0,02     -  kcompactd0
Rata-rata:      0        86    0,00    0,05    0,00    0,00    0,05     -  irq/9-acpi
Rata-rata:      0       381    0,00    0,02    0,00    0,00    0,02     -  systemd-journal
Rata-rata:      0       413    0,00    0,02    0,00    0,02    0,02     -  systemd-udevd
Rata-rata:      0       721    0,00    0,03    0,00    1,49    0,03     -  kworker/u33:2-i915_flip
Rata-rata:    990       905    0,31    0,02    0,00    0,02    0,32     -  dbus-daemon
Rata-rata:    115       926    0,34    0,18    0,00    0,00    0,52     -  prometheus-node
Rata-rata:    115       927    0,14    0,05    0,00    0,00    0,18     -  prometheus
Rata-rata:      0      1052    0,00    0,02    0,00    0,00    0,02     -  NetworkManager
Rata-rata:      0      1194    0,02    0,00    0,00    0,00    0,02     -  ModemManager
Rata-rata:      0      1457    0,12    0,03    0,00    0,00    0,15     -  glances
Rata-rata:      0      1468    0,09    0,09    0,00    0,00    0,18     -  tailscaled
Rata-rata:      0      1479    0,02    0,02    0,00    0,00    0,03     -  anydesk
Rata-rata:      0      1489    0,37    0,14    0,00    0,00    0,51     -  containerd
Rata-rata:      0      2350    0,02    0,02    0,00    0,00    0,03     -  cups-browsed
Rata-rata:      0      2351    0,35    0,23    0,00    0,00    0,58     -  dockerd
Rata-rata:    117      2352    0,63    0,32    0,00    0,00    0,95     -  grafana
Rata-rata:      0      3170    0,37    0,32    0,00    0,00    0,69     -  mount.ntfs-3g
Rata-rata:      0      3207    0,06    0,06    0,00    0,00    0,12     -  containerd-shim
Rata-rata:      0      3227    0,06    0,06    0,00    0,00    0,12     -  containerd-shim
Rata-rata:      0      3240    0,08    0,06    0,00    0,00    0,14     -  containerd-shim
Rata-rata:      0      3246    0,06    0,06    0,00    0,00    0,12     -  containerd-shim
Rata-rata:      0      3261    0,06    0,06    0,00    0,00    0,12     -  containerd-shim
Rata-rata:    999      3405    0,38    0,05    0,00    0,00    0,43     -  redis-server
Rata-rata:    117      3434    0,02    0,00    0,00    0,00    0,02     -  gpx_grafana_ela
Rata-rata:   1000      8864    0,03    0,02    0,00    0,00    0,05     -  systemd
Rata-rata:   1000      8888    0,02    0,00    0,00    0,00    0,02     -  dbus-daemon
Rata-rata:   1000      9024    0,72    0,18    0,00    0,02    0,91     -  gnome-shell
Rata-rata:   1000      9162    0,02    0,00    0,00    0,00    0,02     -  gsd-sharing
Rata-rata:   1000      9200    0,00    0,02    0,00    0,00    0,02     -  anydesk
Rata-rata:      0      9672    0,02    0,00    0,00    0,00    0,02     -  fwupd
Rata-rata:   1000      9700    0,25    0,14    0,00    0,00    0,38     -  antigravity
Rata-rata:   1000      9756    0,32    0,09    0,00    0,00    0,42     -  antigravity
Rata-rata:   1000      9830    4,12    0,29    0,00    0,02    4,41     -  antigravity
Rata-rata:   1000      9890    0,00    0,02    0,00    0,00    0,02     -  antigravity
Rata-rata:   1000     10074    1,54    1,40    0,00    0,03    2,94     -  language_server
Rata-rata:   1000     10109    0,02    0,00    0,00    0,00    0,02     -  antigravity
Rata-rata:   1000     10121    0,18    0,12    0,00    0,02    0,31     -  antigravity
Rata-rata:   1000     10122    1,11    0,34    0,00    0,02    1,45     -  antigravity
Rata-rata:   1000     10186    0,02    0,00    0,00    0,00    0,02     -  antigravity
Rata-rata:   1000     10187    0,71    0,12    0,00    0,00    0,83     -  antigravity
Rata-rata:   1000     11152    1,41    1,49    0,00    2,25    2,91     -  language_server
Rata-rata:   1000     11274    0,02    0,00    0,00    0,00    0,02     -  antigravity
Rata-rata:      0     13128    0,00    0,02    0,00    0,00    0,02     -  kworker/u32:1-writeback
Rata-rata:      0     22947    0,00    0,02    0,00    0,00    0,02     -  kworker/u32:5-flush-8:0
Rata-rata:      0     31777    0,02    0,00    0,00    0,02    0,02     -  kworker/3:0-mm_percpu_wq
Rata-rata:      0     31798    0,02    0,00    0,00    0,02    0,02     -  kworker/1:2-events
Rata-rata:      0     32097    0,00    0,02    0,00    0,02    0,02     -  kworker/4:0-mm_percpu_wq
Rata-rata:      0     33252    0,00    0,03    0,00    0,03    0,03     -  kworker/0:2-i915-unordered
Rata-rata:      0     34004    0,00    0,02    0,00    0,00    0,02     -  kworker/2:1-mm_percpu_wq
Rata-rata:   1000     35251    0,15    0,26    0,00    0,00    0,42     -  pidstat
Rata-rata:   1000     35282    7,92    0,52    0,00    0,00    8,44     -  java

Rata-rata:    UID       PID  minflt/s  majflt/s     VSZ     RSS   %MEM  Command
Rata-rata:      0       381      4,21      0,00  136916   82520   0,51  systemd-journal
Rata-rata:      0       413      8,67      0,00   37696   11516   0,07  systemd-udevd
Rata-rata:      0       903      0,12      0,00    6792    2852   0,02  cron
Rata-rata:    115       926     21,96      0,00 1687812   25098   0,15  prometheus-node
Rata-rata:    115       927      0,06      0,00 2702228  118100   0,73  prometheus
Rata-rata:      0      1468      3,72      0,00 1421636  100108   0,62  tailscaled
Rata-rata:      0      1489      4,60      0,00 2242640   66160   0,41  containerd
Rata-rata:    114      1588      0,29      0,00  218252   30140   0,19  postgres
Rata-rata:      0      2351      0,05      0,00 3433248  108444   0,67  dockerd
Rata-rata:    117      2352      0,26      0,00 1830016  333688   2,06  grafana
Rata-rata:      0      3207      6,66      0,00 1235608   15294   0,09  containerd-shim
Rata-rata:      0      3227      6,41      0,00 1235352   14425   0,09  containerd-shim
Rata-rata:      0      3240      6,95      0,00 1235608   15541   0,10  containerd-shim
Rata-rata:      0      3246      7,27      0,00 1235608   15499   0,10  containerd-shim
Rata-rata:      0      3261      7,66      0,00 1235608   15639   0,10  containerd-shim
Rata-rata:     70      3383      0,34      0,00  174540   26160   0,16  postgres
Rata-rata:   1000      9024      3,94      0,00 4676779  275322   1,70  gnome-shell
Rata-rata:   1000      9700     54,85      0,00 1461692876  304022   1,87  antigravity
Rata-rata:   1000      9756      9,61      0,00 34336159  165598   1,02  antigravity
Rata-rata:   1000      9767      0,78      0,00 33906012   82040   0,51  antigravity
Rata-rata:   1000      9830    270,00      0,00 1461371372  489643   3,02  antigravity
Rata-rata:   1000      9890      0,12      0,00 1459609232  173768   1,07  antigravity
Rata-rata:   1000     10074      0,02      0,00 5034116  370781   2,28  language_server
Rata-rata:   1000     10109      0,26      0,00 33951332   64948   0,40  antigravity
Rata-rata:   1000     10121     44,86      0,00 1461391740  124548   0,77  antigravity
Rata-rata:   1000     10122    318,87      0,00 1461343128  285346   1,76  antigravity
Rata-rata:   1000     10186      3,72      0,00 1478124976  122692   0,76  antigravity
Rata-rata:   1000     10187     29,13      0,00 1461358904  158549   0,98  antigravity
Rata-rata:   1000     11274      0,02      0,00 1459530528   92980   0,57  antigravity
Rata-rata:   1000     35251      0,66      0,00    5961    4775   0,03  pidstat
Rata-rata:   1000     35252      0,32      0,00    2676    1856   0,01  jmeter
Rata-rata:   1000     35282    409,75      0,00 5161116  207174   1,28  java

Rata-rata:    UID       PID   kB_rd/s   kB_wr/s kB_ccwr/s iodelay  Command
Rata-rata:   1000      9700      0,00      0,18      0,00       0  antigravity
Rata-rata:   1000     10122      0,00      0,55      0,00       0  antigravity
Rata-rata:   1000     35251      0,00      0,77      0,00       0  pidstat
Rata-rata:   1000     35282      0,00      0,86      0,00       0  java
