Linux 6.12.94+deb13-amd64 (debian) 	02/07/26 	_x86_64_	(8 CPU)

00:27:42      UID       PID    %usr %system  %guest   %wait    %CPU   CPU  Command
00:27:47        0        17    0,00    0,20    0,00    0,40    0,20     2  rcu_preempt
00:27:47      115       933    0,20    0,00    0,00    0,00    0,20     1  prometheus
00:27:47        0      1391    0,20    0,20    0,00    0,00    0,40     4  tailscaled
00:27:47        0      1423    0,40    0,00    0,00    0,00    0,40     2  containerd
00:27:47        0      2310    0,40    0,00    0,00    0,00    0,40     0  dockerd
00:27:47      117      2312    0,60    0,00    0,00    0,00    0,60     3  grafana
00:27:47        0      2932    0,40    0,40    0,00    0,00    0,80     5  mount.ntfs-3g
00:27:47        0      2976    0,20    0,20    0,00    0,00    0,40     6  containerd-shim
00:27:47        0      2982    0,00    0,20    0,00    0,00    0,20     1  containerd-shim
00:27:47      999      3130    0,40    0,00    0,00    0,00    0,40     4  redis-server
00:27:47     1000      4708    2,39    0,80    0,00    0,00    3,19     4  gnome-shell
00:27:47     1000      6317    0,80    0,20    0,00    0,00    1,00     2  antigravity
00:27:47     1000      6339    0,80    0,00    0,00    0,00    0,80     4  gnome-terminal-
00:27:47     1000      6757    1,99    1,00    0,00    0,20    2,99     5  antigravity
00:27:47     1000      6820   13,15    0,00    0,00    0,00   13,15     0  antigravity
00:27:47     1000      7059    1,59    1,20    0,00    0,20    2,79     5  language_server
00:27:47     1000      7229    0,40    0,20    0,00    0,00    0,60     3  antigravity
00:27:47     1000      7244    1,79    0,60    0,00    0,00    2,39     6  antigravity
00:27:47     1000      7260    2,19    0,20    0,00    0,00    2,39     7  antigravity
00:27:47     1000      8267    2,39    0,60    0,00    0,00    2,99     7  language_server
00:27:47     1000      9291    0,20    0,00    0,00    0,00    0,20     5  chrome
00:27:47     1000     76014    0,20    0,00    0,00    0,00    0,20     0  chrome
00:27:47     1000     91682    0,00    0,20    0,00    0,00    0,20     0  ssh
00:27:47        0     98834    0,20    0,00    0,00    0,00    0,20     2  kworker/2:0-mm_percpu_wq
00:27:47     1000     99725    0,00    0,20    0,00    0,00    0,20     2  pidstat
00:27:47     1000     99757   80,68    4,98    0,00    0,00   85,66     1  java

00:27:42      UID       PID  minflt/s  majflt/s     VSZ     RSS   %MEM  Command
00:27:47        0      1391    100,20      0,00 1421316   82556   0,51  tailscaled
00:27:47        0      2975      7,17      0,00 1235352   14300   0,09  containerd-shim
00:27:47        0      2976     15,74      0,00 1235608   14952   0,09  containerd-shim
00:27:47        0      2977      2,59      0,00 1235352   15368   0,09  containerd-shim
00:27:47        0      2981      0,40      0,00 1235608   14516   0,09  containerd-shim
00:27:47        0      2982      5,18      0,00 1235608   15256   0,09  containerd-shim
00:27:47     1000      4708      2,19      0,00 5458564  339428   2,09  gnome-shell
00:27:47     1000      6317     44,42      0,00 1461668528  314880   1,94  antigravity
00:27:47     1000      6757     76,69      0,00 34369396  170264   1,05  antigravity
00:27:47     1000      6771      1,20      0,00 33903964   81164   0,50  antigravity
00:27:47     1000      6820    596,02      0,00 1461417264  669320   4,12  antigravity
00:27:47     1000      7161      0,20      0,00 33951332   64332   0,40  antigravity
00:27:47     1000      7229    106,18      0,00 1461383544  129192   0,80  antigravity
00:27:47     1000      7244    287,65      0,00 1461351324  378244   2,33  antigravity
00:27:47     1000      7258      2,79      0,00 1461347760  125768   0,77  antigravity
00:27:47     1000      7260     24,70      0,00 1461367100  164128   1,01  antigravity
00:27:47     1000      8356      5,18      0,00 1459530528  100848   0,62  antigravity
00:27:47     1000      9291      7,17      0,00 55435272  374392   2,31  chrome
00:27:47     1000      9342      2,19      0,00 55467700  213584   1,32  chrome
00:27:47     1000      9345      4,78      0,00 54976356  136000   0,84  chrome
00:27:47     1000      9359      0,60      0,00 55015792   62536   0,39  chrome
00:27:47     1000     76014      0,20      0,00 1518513820  343248   2,11  chrome
00:27:47     1000     76063      0,20      0,00 55006444   86720   0,53  chrome
00:27:47     1000     99008      6,18      0,00    7664    3936   0,02  bash
00:27:47     1000     99725      1,39      0,00    6184    5112   0,03  pidstat
00:27:47     1000     99726      4,18      0,00    2676    1880   0,01  jmeter
00:27:47     1000     99757   5715,14      0,00 3896400  211332   1,30  java
00:27:47     1000     99791     24,10      0,00    5660    1996   0,01  sleep

00:27:42      UID       PID   kB_rd/s   kB_wr/s kB_ccwr/s iodelay  Command
00:27:47     1000      7244      0,00      0,80      0,00       0  antigravity
00:27:47     1000     99757      0,00      2,03      0,00       0  java

00:27:47      UID       PID    %usr %system  %guest   %wait    %CPU   CPU  Command
00:27:52        0         1    0,40    0,40    0,00    0,00    0,80     1  systemd
00:27:52        0        19    0,00    0,20    0,00    0,00    0,20     5  rcu_exp_gp_kthread_worker
00:27:52        0        86    0,00    0,20    0,00    0,00    0,20     1  irq/9-acpi
00:27:52        0       376    0,20    0,00    0,00    0,00    0,20     1  systemd-journal
00:27:52        0       408    0,00    0,20    0,00    0,00    0,20     7  systemd-udevd
00:27:52      990       903    1,20    0,20    0,00    0,20    1,40     7  dbus-daemon
00:27:52      115       930    1,00    0,40    0,00    0,00    1,40     7  prometheus-node
00:27:52      115       933    0,20    0,00    0,00    0,00    0,20     1  prometheus
00:27:52        0      1079    0,20    0,00    0,00    0,00    0,20     5  NetworkManager
00:27:52        0      1383    0,20    0,00    0,00    0,00    0,20     7  glances
00:27:52        0      1391    0,20    0,40    0,00    0,00    0,60     1  tailscaled
00:27:52        0      1423    0,60    0,20    0,00    0,00    0,80     2  containerd
00:27:52        0      2310    1,00    0,40    0,00    0,00    1,40     0  dockerd
00:27:52      117      2312    0,60    0,40    0,00    0,00    1,00     3  grafana
00:27:52        0      2932    0,00    0,60    0,00    0,00    0,60     1  mount.ntfs-3g
00:27:52        0      2975    0,20    0,00    0,00    0,00    0,20     7  containerd-shim
00:27:52        0      2981    0,00    0,20    0,00    0,00    0,20     0  containerd-shim
00:27:52        0      2982    0,20    0,00    0,00    0,00    0,20     1  containerd-shim
00:27:52      999      3130    0,40    0,20    0,00    0,00    0,60     1  redis-server
00:27:52     1000      4549    0,20    0,20    0,00    0,00    0,40     5  systemd
00:27:52     1000      4708    0,80    0,40    0,00    0,00    1,20     0  gnome-shell
00:27:52     1000      5043    0,20    0,00    0,00    0,00    0,20     1  gnome-software
00:27:52     1000      5331    0,20    0,00    0,00    0,20    0,20     3  goa-daemon
00:27:52     1000      5504    0,00    0,20    0,00    0,00    0,20     5  xdg-desktop-por
00:27:52        0      5954    0,20    0,00    0,00    0,00    0,20     3  fwupd
00:27:52     1000      6317    0,20    0,20    0,00    0,00    0,40     0  antigravity
00:27:52     1000      6339    0,40    0,00    0,00    0,00    0,40     4  gnome-terminal-
00:27:52     1000      6757    0,00    0,40    0,00    0,00    0,40     4  antigravity
00:27:52     1000      6820   13,00    0,40    0,00    0,00   13,40     2  antigravity
00:27:52     1000      7059    1,20    1,60    0,00    0,20    2,80     0  language_server
00:27:52     1000      7229    0,40    0,00    0,00    0,00    0,40     2  antigravity
00:27:52     1000      7244    1,40    0,60    0,00    0,20    2,00     6  antigravity
00:27:52     1000      7258    0,20    0,20    0,00    0,00    0,40     3  antigravity
00:27:52     1000      7260    0,80    0,20    0,00    0,00    1,00     1  antigravity
00:27:52     1000      8267    1,20    1,80    0,00    0,00    3,00     7  language_server
00:27:52     1000      8356    0,20    0,00    0,00    0,00    0,20     3  antigravity
00:27:52     1000      9291    0,20    0,20    0,00    0,00    0,40     7  chrome
00:27:52     1000      9359    0,20    0,00    0,00    0,20    0,20     1  chrome
00:27:52     1000      9519    0,20    0,20    0,00    0,00    0,40     6  chrome
00:27:52        0     78088    0,00    0,20    0,00    0,00    0,20     1  kworker/u32:6-ext4-rsv-conversion
00:27:52        0     92575    0,20    0,00    0,00    0,00    0,20     0  kworker/0:2-events
00:27:52        0     97806    0,00    0,20    0,00    0,00    0,20     6  kworker/6:2-events
00:27:52     1000     99725    0,20    0,20    0,00    0,00    0,40     2  pidstat
00:27:52     1000     99757    0,40    0,20    0,00    0,00    0,60     1  java

00:27:47      UID       PID  minflt/s  majflt/s     VSZ     RSS   %MEM  Command
00:27:52        0       376     39,20      0,00  188968  108308   0,67  systemd-journal
00:27:52        0       408     95,80      0,00   37544   10908   0,07  systemd-udevd
00:27:52      115       930     73,80      0,00 1762312   25920   0,16  prometheus-node
00:27:52        0      1391     18,40      0,00 1421316   83196   0,51  tailscaled
00:27:52        0      2975      8,60      0,00 1235352   14428   0,09  containerd-shim
00:27:52        0      2976      2,80      0,00 1235608   14952   0,09  containerd-shim
00:27:52        0      2977      5,80      0,00 1235352   15496   0,10  containerd-shim
00:27:52        0      2981      0,60      0,00 1235608   14516   0,09  containerd-shim
00:27:52        0      2982      8,80      0,00 1235608   15384   0,09  containerd-shim
00:27:52     1000      4708      8,00      0,00 5458628  339428   2,09  gnome-shell
00:27:52        0      5954      0,40      0,00  370168   46564   0,29  fwupd
00:27:52     1000      6317     34,00      0,00 1461668528  315392   1,94  antigravity
00:27:52     1000      6757      8,00      0,00 34366796  169852   1,05  antigravity
00:27:52     1000      6771      0,60      0,00 33903964   81164   0,50  antigravity
00:27:52     1000      6820    271,00      0,00 1461417264  656688   4,05  antigravity
00:27:52     1000      7161      0,40      0,00 33951332   64332   0,40  antigravity
00:27:52     1000      7229    122,60      0,00 1461383544  129320   0,80  antigravity
00:27:52     1000      7244    284,20      0,00 1461351324  378080   2,33  antigravity
00:27:52     1000      7258      3,40      0,00 1461347760  125768   0,77  antigravity
00:27:52     1000      7260     28,40      0,00 1461367100  164040   1,01  antigravity
00:27:52     1000      8356      5,20      0,00 1459530528  100848   0,62  antigravity
00:27:52     1000      9291     15,20      0,00 55435272  374392   2,31  chrome
00:27:52     1000      9342      2,20      0,00 55467700  213584   1,32  chrome
00:27:52     1000      9345      3,80      0,00 54976356  135868   0,84  chrome
00:27:52     1000      9359      0,60      0,00 55015792   62536   0,39  chrome
00:27:52     1000     76014      0,60      0,00 1518513820  343248   2,11  chrome
00:27:52     1000     76063      0,40      0,00 55006444   86720   0,53  chrome
00:27:52     1000     99725      0,40      0,00    6184    5112   0,03  pidstat
00:27:52     1000     99757     10,40      0,00 3896400  211716   1,30  java
00:27:52        0     99896     55,60      0,00   37548    7000   0,04  (udev-worker)
00:27:52        0     99911     27,80      0,00   37548    6784   0,04  (udev-worker)
00:27:52        0     99912     27,60      0,00   37548    6784   0,04  (udev-worker)
00:27:52        0     99913     36,40      0,00   37548    6784   0,04  (udev-worker)
00:27:52        0     99914     27,40      0,00   37548    6784   0,04  (udev-worker)
00:27:52        0     99915     26,20      0,00   37548    6784   0,04  (udev-worker)
00:27:52        0     99917     27,60      0,00   37548    6784   0,04  (udev-worker)
00:27:52        0     99918     26,20      0,00   37548    6784   0,04  (udev-worker)
00:27:52        0     99919     27,40      0,00   37548    6784   0,04  (udev-worker)
00:27:52        0     99920     27,40      0,00   37548    6784   0,04  (udev-worker)
00:27:52        0     99921     59,20      0,00   37548    7060   0,04  (udev-worker)
00:27:52        0     99923     27,20      0,00   37548    6716   0,04  (udev-worker)
00:27:52        0     99924     26,20      0,00   37548    6656   0,04  (udev-worker)
00:27:52        0     99925     26,60      0,00   37548    6784   0,04  (udev-worker)
00:27:52        0     99926     26,20      0,00   37548    6784   0,04  (udev-worker)
00:27:52        0     99927     26,60      0,00   37548    6784   0,04  (udev-worker)

00:27:47      UID       PID   kB_rd/s   kB_wr/s kB_ccwr/s iodelay  Command
00:27:52     1000      9291      0,00      2,40      0,00       0  chrome
00:27:52     1000     99725      0,00      0,98      0,00       0  pidstat

00:27:52      UID       PID    %usr %system  %guest   %wait    %CPU   CPU  Command
00:27:57        0        82    0,00    0,20    0,00    0,00    0,20     1  khugepaged
00:27:57        0      1383    0,20    0,00    0,00    0,00    0,20     7  glances
00:27:57        0      1423    0,60    0,20    0,00    0,00    0,80     2  containerd
00:27:57        0      2310    0,20    0,20    0,00    0,00    0,40     0  dockerd
00:27:57      117      2312    0,60    0,20    0,00    0,00    0,80     3  grafana
00:27:57        0      2932    0,40    0,40    0,00    0,00    0,80     7  mount.ntfs-3g
00:27:57        0      2975    0,00    0,20    0,00    0,00    0,20     7  containerd-shim
00:27:57        0      2977    0,00    0,20    0,00    0,00    0,20     7  containerd-shim
00:27:57        0      2981    0,20    0,00    0,00    0,00    0,20     0  containerd-shim
00:27:57      999      3130    0,20    0,00    0,00    0,00    0,20     1  redis-server
00:27:57     1000      4549    0,20    0,00    0,00    0,00    0,20     6  systemd
00:27:57     1000      4569    0,20    0,00    0,00    0,00    0,20     7  dbus-daemon
00:27:57     1000      4708    1,00    0,20    0,00    0,00    1,20     7  gnome-shell
00:27:57     1000      5021    0,20    0,00    0,00    0,00    0,20     4  gsd-housekeepin
00:27:57     1000      5586    0,20    0,00    0,00    0,00    0,20     0  gvfsd-trash
00:27:57     1000      6317    0,00    0,20    0,00    0,00    0,20     0  antigravity
00:27:57     1000      6339    0,80    0,00    0,00    0,00    0,80     4  gnome-terminal-
00:27:57     1000      6757    0,20    0,00    0,00    0,00    0,20     1  antigravity
00:27:57     1000      6820    1,40    0,00    0,00    0,00    1,40     2  antigravity
00:27:57     1000      7059    1,80    1,40    0,00    0,00    3,20     6  language_server
00:27:57     1000      7229    0,40    0,00    0,00    0,00    0,40     1  antigravity
00:27:57     1000      7244    1,60    0,40    0,00    0,00    2,00     6  antigravity
00:27:57     1000      7260    0,80    0,00    0,00    0,00    0,80     1  antigravity
00:27:57     1000      8267    2,60    1,20    0,00    0,00    3,80     7  language_server
00:27:57     1000      9291    0,20    0,00    0,00    0,00    0,20     0  chrome
00:27:57     1000      9390    0,20    0,00    0,00    0,00    0,20     3  chrome
00:27:57     1000     99725    0,20    0,60    0,00    0,00    0,80     5  pidstat
00:27:57     1000     99757    0,40    0,00    0,00    0,00    0,40     1  java

00:27:52      UID       PID  minflt/s  majflt/s     VSZ     RSS   %MEM  Command
00:27:57        0       376     13,60      0,00  188968  108308   0,67  systemd-journal
00:27:57        0       408      1,40      0,00   37544   10908   0,07  systemd-udevd
00:27:57        0      1391      0,40      0,00 1421316   83196   0,51  tailscaled
00:27:57        0      1423     12,40      0,00 2463900   70820   0,44  containerd
00:27:57        0      2975      1,40      0,00 1235352   14428   0,09  containerd-shim
00:27:57        0      2977      0,60      0,00 1235352   15496   0,10  containerd-shim
00:27:57        0      2981      6,40      0,00 1235608   14644   0,09  containerd-shim
00:27:57        0      2982      3,60      0,00 1235608   15196   0,09  containerd-shim
00:27:57     1000      4708      0,60      0,00 5458564  339428   2,09  gnome-shell
00:27:57     1000      6317     33,20      0,00 1461668528  315468   1,94  antigravity
00:27:57     1000      6757     23,40      0,00 34359564  170108   1,05  antigravity
00:27:57     1000      6771      0,60      0,00 33903964   81164   0,50  antigravity
00:27:57     1000      6820    157,40      0,00 1461417264  658028   4,05  antigravity
00:27:57     1000      7059      0,00      0,00 4910056  355280   2,19  language_server
00:27:57     1000      7161      0,20      0,00 33951332   64332   0,40  antigravity
00:27:57     1000      7229      7,80      0,00 1461383544  129192   0,80  antigravity
00:27:57     1000      7244    283,60      0,00 1461351324  378052   2,33  antigravity
00:27:57     1000      7258      3,20      0,00 1461347760  125768   0,77  antigravity
00:27:57     1000      7260    113,20      0,00 1461367100  163808   1,01  antigravity
00:27:57     1000      8356      5,40      0,00 1459530528  100848   0,62  antigravity
00:27:57     1000      9291     11,80      0,00 55435272  374392   2,31  chrome
00:27:57     1000      9342      2,20      0,00 55467700  213584   1,32  chrome
00:27:57     1000      9345      4,00      0,00 54976356  135868   0,84  chrome
00:27:57     1000      9359      1,20      0,00 55015792   62536   0,39  chrome
00:27:57     1000     76014      0,60      0,00 1518513820  343248   2,11  chrome
00:27:57     1000     76063      0,20      0,00 55006444   86720   0,53  chrome
00:27:57     1000     99725      8,40      0,00    6316    5368   0,03  pidstat
00:27:57     1000     99757      3,40      0,00 3896400  211716   1,30  java

00:27:52      UID       PID   kB_rd/s   kB_wr/s kB_ccwr/s iodelay  Command
00:27:57     1000      7244      0,00      0,80      0,00       0  antigravity
00:27:57     1000      9291      0,00      4,00      0,00       0  chrome
00:27:57     1000     99725      0,00      1,58      0,00       0  pidstat

00:27:57      UID       PID    %usr %system  %guest   %wait    %CPU   CPU  Command
00:28:02        0       120    0,00    0,20    0,00    0,00    0,20     0  kworker/u33:0-i915_flip
00:28:02      115       933    0,20    0,00    0,00    0,00    0,20     1  prometheus
00:28:02        0      1391    0,20    0,00    0,00    0,00    0,20     4  tailscaled
00:28:02        0      1423    0,20    0,20    0,00    0,00    0,40     2  containerd
00:28:02        0      2310    0,20    0,20    0,00    0,00    0,40     0  dockerd
00:28:02      117      2312    0,60    0,40    0,00    0,00    1,00     3  grafana
00:28:02        0      2932    0,60    0,40    0,00    0,00    1,00     4  mount.ntfs-3g
00:28:02        0      2976    0,20    0,00    0,00    0,00    0,20     6  containerd-shim
00:28:02        0      2982    0,20    0,00    0,00    0,00    0,20     1  containerd-shim
00:28:02      999      3130    0,40    0,20    0,00    0,00    0,60     1  redis-server
00:28:02     1000      4570    0,20    0,20    0,00    0,00    0,40     3  pipewire
00:28:02     1000      4573    0,20    0,20    0,00    0,00    0,40     6  wireplumber
00:28:02     1000      4574    0,20    0,00    0,00    0,00    0,20     4  pipewire-pulse
00:28:02     1000      4708    4,60    3,40    0,00    0,00    8,00     4  gnome-shell
00:28:02     1000      5504    0,20    0,00    0,00    0,00    0,20     2  xdg-desktop-por
00:28:02     1000      6317    0,80    0,20    0,00    0,00    1,00     5  antigravity
00:28:02     1000      6339    0,60    0,00    0,00    0,00    0,60     6  gnome-terminal-
00:28:02     1000      6757    1,40    0,20    0,00    0,00    1,60     0  antigravity
00:28:02     1000      6820    6,20    0,60    0,00    0,00    6,80     2  antigravity
00:28:02     1000      7059    1,20    1,80    0,00    0,00    3,00     1  language_server
00:28:02     1000      7229    0,20    0,40    0,00    0,00    0,60     3  antigravity
00:28:02     1000      7244    1,40    0,60    0,00    0,00    2,00     3  antigravity
00:28:02     1000      7260    0,80    0,20    0,00    0,00    1,00     7  antigravity
00:28:02     1000      8267    1,20    1,40    0,00    0,00    2,60     7  language_server
00:28:02     1000      8356    0,20    0,00    0,00    0,00    0,20     3  antigravity
00:28:02     1000      9291    0,20    0,00    0,00    0,00    0,20     1  chrome
00:28:02     1000      9519    0,20    0,00    0,00    0,00    0,20     3  chrome
00:28:02     1000     98039    0,20    0,00    0,00    0,00    0,20     6  antigravity
00:28:02     1000     99725    0,20    0,20    0,00    0,00    0,40     5  pidstat
00:28:02     1000     99757    0,40    0,00    0,00    0,00    0,40     1  java

00:27:57      UID       PID  minflt/s  majflt/s     VSZ     RSS   %MEM  Command
00:28:02        0      2975      7,20      0,00 1235352   14072   0,09  containerd-shim
00:28:02        0      2976      8,60      0,00 1235608   14264   0,09  containerd-shim
00:28:02        0      2977      7,60      0,00 1235352   15104   0,09  containerd-shim
00:28:02        0      2981      3,80      0,00 1235608   14252   0,09  containerd-shim
00:28:02        0      2982      8,60      0,00 1235608   14792   0,09  containerd-shim
00:28:02     1000      4570     37,40      0,00  105040   14788   0,09  pipewire
00:28:02     1000      4574     38,20      0,00  110852   15716   0,10  pipewire-pulse
00:28:02     1000      4708    122,20      0,00 5458756  346944   2,14  gnome-shell
00:28:02     1000      5504      0,20      0,00  778332   19920   0,12  xdg-desktop-por
00:28:02     1000      6317     37,60      0,00 1461668528  315592   1,94  antigravity
00:28:02     1000      6757     49,20      0,00 34367372  170136   1,05  antigravity
00:28:02     1000      6771      0,60      0,00 33903964   81164   0,50  antigravity
00:28:02     1000      6820    364,20      0,00 1461417264  661144   4,07  antigravity
00:28:02     1000      7161      0,20      0,00 33951332   64332   0,40  antigravity
00:28:02     1000      7229    142,80      0,00 1461383544  129308   0,80  antigravity
00:28:02     1000      7244    270,40      0,00 1461351324  378148   2,33  antigravity
00:28:02     1000      7258      5,20      0,00 1461347760  125768   0,77  antigravity
00:28:02     1000      7260     20,60      0,00 1461367100  163936   1,01  antigravity
00:28:02     1000      8356      5,20      0,00 1459530528  100848   0,62  antigravity
00:28:02     1000      9291      7,20      0,00 55435272  374392   2,31  chrome
00:28:02     1000      9342      4,40      0,00 55467700  213584   1,32  chrome
00:28:02     1000      9345      8,00      0,00 54976356  135868   0,84  chrome
00:28:02     1000      9359      0,60      0,00 55015792   62536   0,39  chrome
00:28:02     1000      9519      0,00      0,00 1518553976  354532   2,18  chrome
00:28:02     1000     76014      0,20      0,00 1518513820  343248   2,11  chrome
00:28:02     1000     76063      0,20      0,00 55006444   86720   0,53  chrome
00:28:02     1000     99008      6,40      0,00    7664    3936   0,02  bash
00:28:02     1000     99757      5,60      0,00 3896400  211716   1,30  java

00:27:57      UID       PID   kB_rd/s   kB_wr/s kB_ccwr/s iodelay  Command
00:28:02     1000      4573      0,00      0,80      0,00       0  wireplumber
00:28:02     1000      4708      0,00     76,00      0,00       0  gnome-shell
00:28:02     1000     99008      0,00    181,29     76,00       0  bash
00:28:02     1000     99725      0,00      1,03      0,00       0  pidstat
00:28:02     1000     99757      0,00      0,03      0,00       0  java

00:28:02      UID       PID    %usr %system  %guest   %wait    %CPU   CPU  Command
00:28:07        0         1    0,20    0,00    0,00    0,00    0,20     2  systemd
00:28:07      990       903    0,60    0,00    0,00    0,00    0,60     0  dbus-daemon
00:28:07      986       924    0,20    0,00    0,00    0,00    0,20     1  polkitd
00:28:07      115       930    1,20    0,60    0,00    0,00    1,80     7  prometheus-node
00:28:07      115       933    0,20    0,00    0,00    0,00    0,20     1  prometheus
00:28:07        0      1383    0,20    0,00    0,00    0,00    0,20     7  glances
00:28:07        0      1391    0,00    0,20    0,00    0,00    0,20     4  tailscaled
00:28:07        0      1423    0,20    0,20    0,00    0,00    0,40     2  containerd
00:28:07        0      2310    0,40    0,20    0,00    0,00    0,60     0  dockerd
00:28:07      117      2312    0,80    0,40    0,00    0,00    1,20     3  grafana
00:28:07        0      2932    0,40    0,00    0,00    0,00    0,40     4  mount.ntfs-3g
00:28:07        0      2975    0,00    0,20    0,00    0,00    0,20     7  containerd-shim
00:28:07        0      2977    0,20    0,00    0,00    0,00    0,20     7  containerd-shim
00:28:07        0      2981    0,00    0,20    0,00    0,00    0,20     0  containerd-shim
00:28:07      999      3130    0,40    0,00    0,00    0,00    0,40     2  redis-server
00:28:07        0      3382    0,20    0,00    0,00    0,00    0,20     4  docker-proxy
00:28:07     1000      4708    1,00    0,20    0,00    0,00    1,20     0  gnome-shell
00:28:07     1000      5107    0,20    0,20    0,00    0,00    0,40     3  anydesk
00:28:07     1000      6317    0,20    0,00    0,00    0,00    0,20     1  antigravity
00:28:07     1000      6339    0,80    0,00    0,00    0,00    0,80     2  gnome-terminal-
00:28:07     1000      6757    0,00    0,40    0,00    0,00    0,40     0  antigravity
00:28:07     1000      6820    0,80    0,40    0,00    0,00    1,20     5  antigravity
00:28:07     1000      7059    1,60    1,40    0,00    0,00    3,00     2  language_server
00:28:07     1000      7229    0,20    0,20    0,00    0,00    0,40     0  antigravity
00:28:07     1000      7244    1,60    0,40    0,00    0,00    2,00     3  antigravity
00:28:07     1000      7260    0,40    0,20    0,00    0,00    0,60     7  antigravity
00:28:07     1000      8267    1,60    1,40    0,00    0,00    3,00     7  language_server
00:28:07     1000      8356    0,00    0,20    0,00    0,00    0,20     0  antigravity
00:28:07     1000      9291    0,00    0,20    0,00    0,00    0,20     1  chrome
00:28:07     1000      9519    0,20    0,00    0,00    0,00    0,20     7  chrome
00:28:07     1000     76025    0,00    0,20    0,00    0,00    0,20     1  chrome
00:28:07     1000     76063    0,00    0,20    0,00    0,00    0,20     3  chrome
00:28:07        0     97806    0,00    0,20    0,00    0,00    0,20     6  kworker/6:2-i915-unordered
00:28:07     1000     99725    0,20    0,20    0,00    0,00    0,40     4  pidstat
00:28:07     1000     99757    0,80    0,00    0,00    0,00    0,80     1  java

00:28:02      UID       PID  minflt/s  majflt/s     VSZ     RSS   %MEM  Command
00:28:07      115       930     44,20      0,00 1762312   25880   0,16  prometheus-node
00:28:07      115       933     12,00      0,00 2711492  113512   0,70  prometheus
00:28:07        0      2975      7,60      0,00 1235352   14072   0,09  containerd-shim
00:28:07        0      2976     14,40      0,00 1235608   14776   0,09  containerd-shim
00:28:07        0      2977     10,80      0,00 1235352   15104   0,09  containerd-shim
00:28:07        0      2981     10,40      0,00 1235608   14380   0,09  containerd-shim
00:28:07        0      2982      8,80      0,00 1235608   14792   0,09  containerd-shim
00:28:07     1000      4570      0,00      0,00  104092   14788   0,09  pipewire
00:28:07     1000      4708      0,40      0,00 5458692  346944   2,14  gnome-shell
00:28:07     1000      6317     37,40      0,00 1461668528  314952   1,94  antigravity
00:28:07     1000      6757      9,00      0,00 34368908  169808   1,05  antigravity
00:28:07     1000      6771      1,20      0,00 33903964   81164   0,50  antigravity
00:28:07     1000      6820    134,20      0,00 1461419440  663320   4,09  antigravity
00:28:07     1000      7059      0,00      0,00 4910056  357072   2,20  language_server
00:28:07     1000      7161      0,20      0,00 33951332   64332   0,40  antigravity
00:28:07     1000      7229     93,20      0,00 1461383544  129436   0,80  antigravity
00:28:07     1000      7244    314,60      0,00 1461351324  378748   2,33  antigravity
00:28:07     1000      7258      3,00      0,00 1461347760  125768   0,77  antigravity
00:28:07     1000      7260     20,60      0,00 1461367100  164192   1,01  antigravity
00:28:07     1000      8356      5,40      0,00 1459530528  100848   0,62  antigravity
00:28:07     1000      9291      7,20      0,00 55435272  374392   2,31  chrome
00:28:07     1000      9342      2,20      0,00 55467700  213584   1,32  chrome
00:28:07     1000      9345      4,80      0,00 54976356  135868   0,84  chrome
00:28:07     1000      9359      0,60      0,00 55015792   62536   0,39  chrome
00:28:07     1000     76014      0,40      0,00 1518513820  343248   2,11  chrome
00:28:07     1000     76063      0,20      0,00 55006444   86720   0,53  chrome
00:28:07     1000     99757      4,40      0,00 3896400  211844   1,31  java

00:28:02      UID       PID   kB_rd/s   kB_wr/s kB_ccwr/s iodelay  Command
00:28:07     1000     99725      0,00      1,09      0,00       0  pidstat

00:28:07      UID       PID    %usr %system  %guest   %wait    %CPU   CPU  Command
00:28:12        0        17    0,00    0,20    0,00    0,00    0,20     7  rcu_preempt
00:28:12      115       933    0,20    0,00    0,00    0,00    0,20     1  prometheus
00:28:12        0      1383    0,20    0,00    0,00    0,00    0,20     7  glances
00:28:12        0      1411    0,00    0,20    0,00    0,00    0,20     7  anydesk
00:28:12        0      1423    0,40    0,00    0,00    0,00    0,40     2  containerd
00:28:12        0      2310    0,40    0,20    0,00    0,00    0,60     0  dockerd
00:28:12      117      2312    0,40    0,60    0,00    0,00    1,00     3  grafana
00:28:12        0      2932    0,20    0,60    0,00    0,00    0,80     2  mount.ntfs-3g
00:28:12        0      2976    0,00    0,20    0,00    0,00    0,20     6  containerd-shim
00:28:12        0      2981    0,20    0,00    0,00    0,00    0,20     0  containerd-shim
00:28:12        0      2982    0,00    0,20    0,00    0,00    0,20     1  containerd-shim
00:28:12      999      3130    0,40    0,00    0,00    0,00    0,40     3  redis-server
00:28:12     1000      4708    1,00    0,00    0,00    0,00    1,00     0  gnome-shell
00:28:12     1000      6317    0,00    0,20    0,00    0,00    0,20     1  antigravity
00:28:12     1000      6339    0,40    0,00    0,00    0,00    0,40     2  gnome-terminal-
00:28:12     1000      6820    1,00    0,40    0,00    0,00    1,40     2  antigravity
00:28:12     1000      7059    1,40    1,80    0,00    0,00    3,20     7  language_server
00:28:12     1000      7229    0,20    0,00    0,00    0,00    0,20     5  antigravity
00:28:12     1000      7244    1,80    0,20    0,00    0,00    2,00     4  antigravity
00:28:12     1000      7260    0,40    0,00    0,00    0,00    0,40     7  antigravity
00:28:12     1000      8267    1,60    1,20    0,00    0,00    2,80     7  language_server
00:28:12     1000      8356    0,20    0,00    0,00    0,00    0,20     0  antigravity
00:28:12     1000      9291    0,20    0,00    0,00    0,00    0,20     3  chrome
00:28:12     1000      9345    0,20    0,00    0,00    0,00    0,20     6  chrome
00:28:12     1000      9500    0,00    0,20    0,00    0,00    0,20     1  chrome
00:28:12     1000      9519    0,20    0,00    0,00    0,00    0,20     4  chrome
00:28:12        0     49776    0,00    0,20    0,00    0,00    0,20     6  kworker/u32:0-events_unbound
00:28:12     1000     76014    0,00    0,20    0,00    0,00    0,20     5  chrome
00:28:12        0     99318    0,20    0,00    0,00    0,00    0,20     5  kworker/5:0-mm_percpu_wq
00:28:12     1000     99725    0,00    0,40    0,00    0,00    0,40     5  pidstat
00:28:12     1000     99757    0,40    0,00    0,00    0,00    0,40     1  java

00:28:07      UID       PID  minflt/s  majflt/s     VSZ     RSS   %MEM  Command
00:28:12        0      1423      0,20      0,00 2463900   70820   0,44  containerd
00:28:12        0      2975     11,60      0,00 1235352   14328   0,09  containerd-shim
00:28:12        0      2976     14,20      0,00 1235608   15032   0,09  containerd-shim
00:28:12        0      2977     10,80      0,00 1235352   15232   0,09  containerd-shim
00:28:12        0      2981     14,60      0,00 1235608   14636   0,09  containerd-shim
00:28:12        0      2982     12,60      0,00 1235608   15048   0,09  containerd-shim
00:28:12     1000      4708      6,60      0,00 5458756  346944   2,14  gnome-shell
00:28:12     1000      6317     33,00      0,00 1461668528  315464   1,94  antigravity
00:28:12     1000      6757     23,80      0,00 34361676  170064   1,05  antigravity
00:28:12     1000      6771      0,60      0,00 33903964   81164   0,50  antigravity
00:28:12     1000      6820    177,00      0,00 1461419440  664764   4,10  antigravity
00:28:12     1000      7161      0,40      0,00 33951332   64332   0,40  antigravity
00:28:12     1000      7229     14,20      0,00 1461383544  129564   0,80  antigravity
00:28:12     1000      7244    258,80      0,00 1461351324  378316   2,33  antigravity
00:28:12     1000      7258      3,40      0,00 1461347760  125768   0,77  antigravity
00:28:12     1000      7260     19,00      0,00 1461367100  164120   1,01  antigravity
00:28:12     1000      8356      5,20      0,00 1459530528  100848   0,62  antigravity
00:28:12     1000      9291     18,40      0,00 55435272  374392   2,31  chrome
00:28:12     1000      9342      2,20      0,00 55467700  213584   1,32  chrome
00:28:12     1000      9345      5,60      0,00 54976356  135868   0,84  chrome
00:28:12     1000      9359      0,60      0,00 55015792   62536   0,39  chrome
00:28:12     1000     76014      0,60      0,00 1518513820  343248   2,11  chrome
00:28:12     1000     76063      0,40      0,00 55006444   86720   0,53  chrome
00:28:12     1000     99757      3,80      0,00 3896400  211972   1,31  java

00:28:07      UID       PID   kB_rd/s   kB_wr/s kB_ccwr/s iodelay  Command
00:28:12     1000      9291      0,00      1,60      0,00       0  chrome
00:28:12     1000      9345      0,00     20,00      0,00       0  chrome
00:28:12     1000     99725      0,00      1,10      0,00       0  pidstat

00:28:12      UID       PID    %usr %system  %guest   %wait    %CPU   CPU  Command
00:28:17        0      1383    0,20    0,00    0,00    0,00    0,20     7  glances
00:28:17        0      1423    0,40    0,00    0,00    0,00    0,40     2  containerd
00:28:17        0      2310    0,40    0,00    0,00    0,00    0,40     0  dockerd
00:28:17      117      2312    1,60    0,20    0,00    0,00    1,80     3  grafana
00:28:17        0      2932    0,20    0,40    0,00    0,00    0,60     3  mount.ntfs-3g
00:28:17        0      2975    0,20    0,00    0,00    0,00    0,20     7  containerd-shim
00:28:17        0      2976    0,20    0,00    0,00    0,00    0,20     6  containerd-shim
00:28:17        0      2977    0,20    0,00    0,00    0,00    0,20     7  containerd-shim
00:28:17      999      3130    0,40    0,00    0,00    0,00    0,40     3  redis-server
00:28:17     1000      4708    0,60    0,40    0,00    0,00    1,00     0  gnome-shell
00:28:17     1000      6317    0,20    0,20    0,00    0,00    0,40     3  antigravity
00:28:17     1000      6339    0,60    0,00    0,00    0,00    0,60     2  gnome-terminal-
00:28:17     1000      6757    0,20    0,20    0,00    0,00    0,40     1  antigravity
00:28:17     1000      6820    1,00    0,40    0,00    0,00    1,40     1  antigravity
00:28:17     1000      7059    2,20    1,00    0,00    0,00    3,20     2  language_server
00:28:17     1000      7229    0,00    0,20    0,00    0,00    0,20     5  antigravity
00:28:17     1000      7244    1,60    0,20    0,00    0,00    1,80     0  antigravity
00:28:17     1000      7260    0,60    0,20    0,00    0,00    0,80     7  antigravity
00:28:17     1000      8267    1,20    2,00    0,00    0,00    3,20     7  language_server
00:28:17        0     78088    0,00    0,20    0,00    0,00    0,20     0  kworker/u32:6-i915
00:28:17        0     97830    0,20    0,00    0,00    0,00    0,20     7  kworker/7:0-mm_percpu_wq
00:28:17     1000     99725    0,20    0,20    0,00    0,00    0,40     5  pidstat
00:28:17     1000     99757    0,20    0,00    0,00    0,00    0,20     1  java

00:28:12      UID       PID  minflt/s  majflt/s     VSZ     RSS   %MEM  Command
00:28:17      114      1526      5,00      0,00  218252   29568   0,18  postgres
00:28:17        0      2975      1,00      0,00 1235352   14328   0,09  containerd-shim
00:28:17        0      2976      4,40      0,00 1235608   15032   0,09  containerd-shim
00:28:17        0      2977      0,80      0,00 1235352   15232   0,09  containerd-shim
00:28:17        0      2981      9,40      0,00 1235608   15020   0,09  containerd-shim
00:28:17        0      2982      0,20      0,00 1235608   15048   0,09  containerd-shim
00:28:17     1000      4708      0,60      0,00 5458756  346944   2,14  gnome-shell
00:28:17     1000      6317     33,00      0,00 1461668528  315360   1,94  antigravity
00:28:17     1000      6757      5,40      0,00 34361548  170064   1,05  antigravity
00:28:17     1000      6771      0,60      0,00 33903964   81164   0,50  antigravity
00:28:17     1000      6820    141,80      0,00 1461419440  667196   4,11  antigravity
00:28:17     1000      7059      0,00      0,00 4910056  360400   2,22  language_server
00:28:17     1000      7161      0,20      0,00 33951332   64332   0,40  antigravity
00:28:17     1000      7229      2,20      0,00 1461383544  129564   0,80  antigravity
00:28:17     1000      7244    286,60      0,00 1461351324  378152   2,33  antigravity
00:28:17     1000      7258      2,60      0,00 1461347760  125768   0,77  antigravity
00:28:17     1000      7260     19,00      0,00 1461367100  164120   1,01  antigravity
00:28:17     1000      8356      5,40      0,00 1459530528  100848   0,62  antigravity
00:28:17     1000      9291      7,20      0,00 55435272  374392   2,31  chrome
00:28:17     1000      9342      2,20      0,00 55467700  213584   1,32  chrome
00:28:17     1000      9345      3,20      0,00 54976356  135868   0,84  chrome
00:28:17     1000      9359      1,20      0,00 55015792   62536   0,39  chrome
00:28:17     1000     76014      0,20      0,00 1518513820  343248   2,11  chrome
00:28:17     1000     76063      0,20      0,00 55006444   86720   0,53  chrome
00:28:17     1000     99757      3,60      0,00 3896400  212100   1,31  java

00:28:12      UID       PID   kB_rd/s   kB_wr/s kB_ccwr/s iodelay  Command
00:28:17     1000      7244      0,00      1,60      0,00       0  antigravity
00:28:17     1000     99725      0,00      1,01      0,00       0  pidstat

00:28:17      UID       PID    %usr %system  %guest   %wait    %CPU   CPU  Command
00:28:22        0         1    0,20    0,20    0,00    0,00    0,40     1  systemd
00:28:22        0        63    0,20    0,00    0,00    0,00    0,20     7  ksoftirqd/7
00:28:22        0        86    0,00    0,20    0,00    0,00    0,20     1  irq/9-acpi
00:28:22      990       903    0,80    0,00    0,00    0,00    0,80     0  dbus-daemon
00:28:22      115       930    1,20    0,40    0,00    0,00    1,60     7  prometheus-node
00:28:22      115       933    0,20    0,00    0,00    0,00    0,20     1  prometheus
00:28:22        0      1391    0,40    0,00    0,00    0,00    0,40     4  tailscaled
00:28:22        0      1423    0,20    0,20    0,00    0,00    0,40     2  containerd
00:28:22        0      2310    0,20    0,20    0,00    0,00    0,40     0  dockerd
00:28:22      117      2312    0,40    0,40    0,00    0,00    0,80     3  grafana
00:28:22        0      2932    0,40    0,40    0,00    0,00    0,80     3  mount.ntfs-3g
00:28:22        0      2975    0,00    0,20    0,00    0,00    0,20     7  containerd-shim
00:28:22        0      2977    0,00    0,20    0,00    0,00    0,20     7  containerd-shim
00:28:22        0      2981    0,00    0,20    0,00    0,00    0,20     0  containerd-shim
00:28:22        0      2982    0,20    0,00    0,00    0,00    0,20     1  containerd-shim
00:28:22      999      3130    0,20    0,20    0,00    0,00    0,40     3  redis-server
00:28:22     1000      4708    1,00    0,20    0,00    0,00    1,20     0  gnome-shell
00:28:22     1000      6317    0,20    0,00    0,00    0,00    0,20     3  antigravity
00:28:22     1000      6339    0,80    0,00    0,00    0,00    0,80     2  gnome-terminal-
00:28:22     1000      6820   13,00    0,20    0,00    0,00   13,20     1  antigravity
00:28:22     1000      7059    1,80    1,40    0,00    0,20    3,20     0  language_server
00:28:22     1000      7229    0,00    0,20    0,00    0,00    0,20     4  antigravity
00:28:22     1000      7244    1,40    0,40    0,00    0,20    1,80     4  antigravity
00:28:22     1000      7260    0,40    0,00    0,00    0,00    0,40     5  antigravity
00:28:22     1000      8267    1,40    1,40    0,00    0,00    2,80     7  language_server
00:28:22     1000      9291    0,20    0,00    0,00    0,00    0,20     1  chrome
00:28:22     1000      9519    0,20    0,00    0,00    0,00    0,20     0  chrome
00:28:22     1000     98039    0,20    0,00    0,00    0,00    0,20     5  antigravity
00:28:22     1000     99725    0,20    0,20    0,00    0,00    0,40     5  pidstat
00:28:22     1000     99757    0,60    0,00    0,00    0,00    0,60     1  java

00:28:17      UID       PID  minflt/s  majflt/s     VSZ     RSS   %MEM  Command
00:28:22        0         1     12,60      0,00   24652   14916   0,09  systemd
00:28:22        0       376      8,60      0,00  188968  108308   0,67  systemd-journal
00:28:22      115       930    102,60      0,00 1762312   25924   0,16  prometheus-node
00:28:22        0      2975      0,20      0,00 1235352   14328   0,09  containerd-shim
00:28:22        0      2976      1,80      0,00 1235608   15032   0,09  containerd-shim
00:28:22        0      2977      6,00      0,00 1235352   15360   0,09  containerd-shim
00:28:22        0      2981      4,40      0,00 1235608   15020   0,09  containerd-shim
00:28:22        0      2982      0,80      0,00 1235608   15048   0,09  containerd-shim
00:28:22     1000      4708      6,60      0,00 5458692  346816   2,14  gnome-shell
00:28:22     1000      6317     36,60      0,00 1461668528  315580   1,94  antigravity
00:28:22     1000      6757      6,60      0,00 34361676  169600   1,04  antigravity
00:28:22     1000      6771      0,60      0,00 33903964   81164   0,50  antigravity
00:28:22     1000      6820    312,60      0,00 1461419440  656404   4,04  antigravity
00:28:22     1000      7161      0,20      0,00 33951332   64332   0,40  antigravity
00:28:22     1000      7229      2,40      0,00 1461383544  129564   0,80  antigravity
00:28:22     1000      7244    255,40      0,00 1461351324  378140   2,33  antigravity
00:28:22     1000      7258      5,60      0,00 1461347760  125768   0,77  antigravity
00:28:22     1000      7260     18,60      0,00 1461367100  164040   1,01  antigravity
00:28:22     1000      8356      5,40      0,00 1459530528  100848   0,62  antigravity
00:28:22     1000      9291      7,20      0,00 55435272  374392   2,31  chrome
00:28:22     1000      9342      4,40      0,00 55467700  213584   1,32  chrome
00:28:22     1000      9345      8,00      0,00 54976356  135868   0,84  chrome
00:28:22     1000      9359      0,60      0,00 55015792   62536   0,39  chrome
00:28:22     1000      9519      0,00      0,00 1518553976  352964   2,17  chrome
00:28:22     1000     76014      0,60      0,00 1518513820  343248   2,11  chrome
00:28:22     1000     76063      0,40      0,00 55006444   86720   0,53  chrome
00:28:22     1000     99757      4,60      0,00 3896400  212228   1,31  java

00:28:17      UID       PID   kB_rd/s   kB_wr/s kB_ccwr/s iodelay  Command
00:28:22     1000      6317      0,00      2,40      0,00       0  antigravity
00:28:22     1000      7244      0,00      0,80      0,00       0  antigravity
00:28:22     1000     99725      0,00      0,89      0,00       0  pidstat

00:28:22      UID       PID    %usr %system  %guest   %wait    %CPU   CPU  Command
00:28:27        0        82    0,00    0,20    0,00    0,00    0,20     4  khugepaged
00:28:27        0       120    0,00    0,20    0,00    0,00    0,20     6  kworker/u33:0-i915_flip
00:28:27      115       933    0,20    0,00    0,00    0,00    0,20     1  prometheus
00:28:27        0      1383    0,20    0,00    0,00    0,00    0,20     7  glances
00:28:27        0      1391    0,00    0,20    0,00    0,00    0,20     2  tailscaled
00:28:27        0      1423    0,20    0,20    0,00    0,00    0,40     2  containerd
00:28:27        0      2310    0,60    0,20    0,00    0,00    0,80     0  dockerd
00:28:27      117      2312    0,60    0,40    0,00    0,00    1,00     3  grafana
00:28:27        0      2932    0,60    0,00    0,00    0,00    0,60     2  mount.ntfs-3g
00:28:27        0      2976    0,00    0,20    0,00    0,00    0,20     6  containerd-shim
00:28:27        0      2982    0,00    0,20    0,00    0,00    0,20     1  containerd-shim
00:28:27      999      3130    0,40    0,20    0,00    0,00    0,60     2  redis-server
00:28:27        0      3144    0,20    0,00    0,00    0,00    0,20     7  node
00:28:27       70      3568    0,20    0,00    0,00    0,00    0,20     1  postgres
00:28:27     1000      4708    0,80    0,20    0,00    0,00    1,00     1  gnome-shell
00:28:27     1000      6317    0,00    0,20    0,00    0,00    0,20     5  antigravity
00:28:27     1000      6339    0,60    0,00    0,00    0,00    0,60     2  gnome-terminal-
00:28:27     1000      6757    0,20    0,00    0,00    0,00    0,20     2  antigravity
00:28:27     1000      6820    1,20    0,00    0,00    0,00    1,20     6  antigravity
00:28:27     1000      7059    1,40    1,60    0,00    0,00    2,99     1  language_server
00:28:27     1000      7229    0,20    0,20    0,00    0,00    0,40     0  antigravity
00:28:27     1000      7244    1,80    0,40    0,00    0,00    2,20     3  antigravity
00:28:27     1000      7260    0,60    0,00    0,00    0,00    0,60     7  antigravity
00:28:27     1000      8267    0,60    2,40    0,00    0,00    2,99     7  language_server
00:28:27     1000      9291    0,20    0,20    0,00    0,00    0,40     1  chrome
00:28:27     1000      9519    0,20    0,00    0,00    0,00    0,20     4  chrome
00:28:27     1000     76025    0,20    0,00    0,00    0,00    0,20     1  chrome
00:28:27        0     95637    0,00    0,20    0,00    0,00    0,20     3  kworker/3:0-events
00:28:27        0     98479    0,00    0,20    0,00    0,00    0,20     1  kworker/1:0-i915-unordered
00:28:27        0     98834    0,20    0,00    0,00    0,00    0,20     2  kworker/2:0-events
00:28:27     1000     99725    0,20    0,20    0,00    0,00    0,40     5  pidstat
00:28:27     1000     99757    0,20    0,00    0,00    0,00    0,20     1  java

00:28:22      UID       PID  minflt/s  majflt/s     VSZ     RSS   %MEM  Command
00:28:27        0      2975      7,98      0,00 1235352   14328   0,09  containerd-shim
00:28:27        0      2976      9,18      0,00 1235608   15032   0,09  containerd-shim
00:28:27        0      2977      4,79      0,00 1235352   15360   0,09  containerd-shim
00:28:27        0      2981      8,18      0,00 1235608   14836   0,09  containerd-shim
00:28:27        0      2982      0,60      0,00 1235608   15048   0,09  containerd-shim
00:28:27       70      3117      5,39      0,00  174540   25424   0,16  postgres
00:28:27     1000      4708      0,60      0,00 5458692  346816   2,14  gnome-shell
00:28:27     1000      6317     38,32      0,00 1461668528  314832   1,94  antigravity
00:28:27     1000      6757      6,39      0,00 34361420  169728   1,05  antigravity
00:28:27     1000      6771      1,20      0,00 33903964   81164   0,50  antigravity
00:28:27     1000      6820    131,54      0,00 1461419440  658308   4,06  antigravity
00:28:27     1000      7059      0,00      0,00 4910056  363472   2,24  language_server
00:28:27     1000      7161      0,20      0,00 33951332   64332   0,40  antigravity
00:28:27     1000      7229      2,79      0,00 1461383544  129564   0,80  antigravity
00:28:27     1000      7244    348,10      0,00 1461351324  378732   2,33  antigravity
00:28:27     1000      7258      2,99      0,00 1461347760  125768   0,77  antigravity
00:28:27     1000      7260     22,16      0,00 1461367100  164124   1,01  antigravity
00:28:27     1000      8356      5,19      0,00 1459530528  100848   0,62  antigravity
00:28:27     1000      9291     19,76      0,00 55435272  374388   2,31  chrome
00:28:27     1000      9342      2,20      0,00 55467700  213584   1,32  chrome
00:28:27     1000      9345      6,19      0,00 54976356  135868   0,84  chrome
00:28:27     1000      9359      0,60      0,00 55015792   62536   0,39  chrome
00:28:27     1000     76014      0,60      0,00 1518513820  343248   2,11  chrome
00:28:27     1000     76063      0,20      0,00 55006444   86720   0,53  chrome
00:28:27     1000     99757      2,79      0,00 3896400  212228   1,31  java

00:28:22      UID       PID   kB_rd/s   kB_wr/s kB_ccwr/s iodelay  Command
00:28:27     1000      7244      0,00      0,80      0,00       0  antigravity
00:28:27     1000      9291      0,00     14,37      0,00       0  chrome
00:28:27     1000     99725      0,00      1,05      0,00       0  pidstat

00:28:27      UID       PID    %usr %system  %guest   %wait    %CPU   CPU  Command
00:28:32        0        57    0,00    0,20    0,00    0,00    0,20     6  ksoftirqd/6
00:28:32      115       933    0,20    0,00    0,00    0,00    0,20     1  prometheus
00:28:32        0      1383    0,00    0,20    0,00    0,00    0,20     7  glances
00:28:32        0      1423    0,20    0,20    0,00    0,00    0,40     2  containerd
00:28:32        0      2310    0,40    0,20    0,00    0,00    0,60     0  dockerd
00:28:32      117      2312    0,60    0,20    0,00    0,00    0,80     3  grafana
00:28:32        0      2932    0,40    0,40    0,00    0,00    0,80     1  mount.ntfs-3g
00:28:32        0      2975    0,20    0,00    0,00    0,00    0,20     7  containerd-shim
00:28:32        0      2976    0,20    0,00    0,00    0,00    0,20     6  containerd-shim
00:28:32        0      2977    0,20    0,00    0,00    0,00    0,20     7  containerd-shim
00:28:32      999      3130    0,40    0,00    0,00    0,00    0,40     2  redis-server
00:28:32     1000      4708    1,40    0,60    0,00    0,00    2,00     7  gnome-shell
00:28:32     1000      6317    0,40    0,20    0,00    0,00    0,60     7  antigravity
00:28:32     1000      6339    0,60    0,00    0,00    0,00    0,60     1  gnome-terminal-
00:28:32     1000      6757    0,60    0,20    0,00    0,00    0,80     4  antigravity
00:28:32     1000      6820    2,40    0,20    0,00    0,00    2,60     0  antigravity
00:28:32     1000      7059    1,60    1,80    0,00    0,00    3,40     3  language_server
00:28:32     1000      7229    0,40    0,00    0,00    0,00    0,40     4  antigravity
00:28:32     1000      7244    9,60    1,60    0,00    0,00   11,20     5  antigravity
00:28:32     1000      7260    0,60    0,00    0,00    0,00    0,60     6  antigravity
00:28:32     1000      8267    1,40    1,60    0,00    0,00    3,00     7  language_server
00:28:32     1000      8356    0,20    0,20    0,00    0,00    0,40     3  antigravity
00:28:32     1000      9291    0,20    0,00    0,00    0,00    0,20     1  chrome
00:28:32     1000      9519    0,20    0,20    0,00    0,00    0,40     5  chrome
00:28:32     1000     91682    0,20    0,20    0,00    0,00    0,40     6  ssh
00:28:32        0     92575    0,20    0,00    0,00    0,00    0,20     0  kworker/0:2-events
00:28:32        0     97806    0,00    0,20    0,00    0,20    0,20     6  kworker/6:2-events
00:28:32     1000     99725    0,20    0,40    0,00    0,00    0,60     7  pidstat
00:28:32     1000     99757    0,60    0,00    0,00    0,00    0,60     1  java

00:28:27      UID       PID  minflt/s  majflt/s     VSZ     RSS   %MEM  Command
00:28:32        0      1423      2,40      0,00 2463900   70820   0,44  containerd
00:28:32        0      2975     13,00      0,00 1235352   13864   0,09  containerd-shim
00:28:32        0      2976      7,00      0,00 1235608   14648   0,09  containerd-shim
00:28:32        0      2977      1,80      0,00 1235352   14852   0,09  containerd-shim
00:28:32        0      2981     11,80      0,00 1235608   14488   0,09  containerd-shim
00:28:32        0      2982      6,00      0,00 1235608   14644   0,09  containerd-shim
00:28:32     1000      4708      7,40      0,00 5458756  346816   2,14  gnome-shell
00:28:32     1000      6317     34,00      0,00 1461668528  315344   1,94  antigravity
00:28:32     1000      6757     23,80      0,00 34361420  169984   1,05  antigravity
00:28:32     1000      6771      0,60      0,00 33903964   81164   0,50  antigravity
00:28:32     1000      6820    216,60      0,00 1461419440  659436   4,06  antigravity
00:28:32     1000      7161      0,40      0,00 33951332   64332   0,40  antigravity
00:28:32     1000      7229    118,00      0,00 1461383544  129552   0,80  antigravity
00:28:32     1000      7244   1498,60      0,00 1461351324  286140   1,76  antigravity
00:28:32     1000      7258      3,00      0,00 1461347760  125896   0,78  antigravity
00:28:32     1000      7260     19,00      0,00 1461367100  164252   1,01  antigravity
00:28:32     1000      8356      5,40      0,00 1459530528  100848   0,62  antigravity
00:28:32     1000      9291     14,00      0,00 55435272  374388   2,31  chrome
00:28:32     1000      9342      2,20      0,00 55467700  213584   1,32  chrome
00:28:32     1000      9345      3,80      0,00 54976356  135868   0,84  chrome
00:28:32     1000      9359      0,60      0,00 55015792   62536   0,39  chrome
00:28:32     1000     76014      0,20      0,00 1518513820  343248   2,11  chrome
00:28:32     1000     76063      0,40      0,00 55006444   86720   0,53  chrome
00:28:32     1000     99757      6,60      0,00 3896400  212356   1,31  java

00:28:27      UID       PID   kB_rd/s   kB_wr/s kB_ccwr/s iodelay  Command
00:28:32     1000     99725      0,00      1,05      0,00       0  pidstat
00:28:32     1000     99757      0,00      0,06      0,00       0  java

00:28:32      UID       PID    %usr %system  %guest   %wait    %CPU   CPU  Command
00:28:37        0         1    0,20    0,00    0,00    0,00    0,20     5  systemd
00:28:37        0        45    0,00    0,20    0,00    0,00    0,20     4  ksoftirqd/4
00:28:37        0        86    0,00    0,20    0,00    0,00    0,20     1  irq/9-acpi
00:28:37      990       903    1,00    0,00    0,00    0,00    1,00     4  dbus-daemon
00:28:37      115       930    1,20    0,40    0,00    0,00    1,60     7  prometheus-node
00:28:37      115       933    0,20    0,00    0,00    0,00    0,20     1  prometheus
00:28:37        0      1383    0,20    0,00    0,00    0,00    0,20     7  glances
00:28:37        0      1391    0,80    0,20    0,00    0,00    1,00     5  tailscaled
00:28:37        0      1423    0,60    0,00    0,00    0,00    0,60     2  containerd
00:28:37        0      2310    0,20    0,40    0,00    0,00    0,60     0  dockerd
00:28:37      117      2312    0,80    0,20    0,00    0,00    1,00     3  grafana
00:28:37        0      2932    0,20    0,40    0,00    0,00    0,60     5  mount.ntfs-3g
00:28:37        0      2981    0,20    0,20    0,00    0,00    0,40     0  containerd-shim
00:28:37        0      2982    0,20    0,00    0,00    0,00    0,20     1  containerd-shim
00:28:37      999      3130    0,20    0,00    0,00    0,00    0,20     2  redis-server
00:28:37     1000      4708    0,60    0,40    0,00    0,00    1,00     5  gnome-shell
00:28:37     1000      5549    0,20    0,00    0,00    0,00    0,20     5  xdg-desktop-por
00:28:37     1000      6317    0,80    0,20    0,00    0,00    1,00     6  antigravity
00:28:37     1000      6339    0,60    0,00    0,00    0,00    0,60     1  gnome-terminal-
00:28:37     1000      6820    1,80    0,20    0,00    0,00    2,00     2  antigravity
00:28:37     1000      7059    1,40    1,80    0,00    0,00    3,20     4  language_server
00:28:37     1000      7229    0,20    0,20    0,00    0,00    0,40     7  antigravity
00:28:37     1000      7244    1,60    0,40    0,00    0,00    2,00     7  antigravity
00:28:37     1000      7260    0,40    0,00    0,00    0,00    0,40     6  antigravity
00:28:37     1000      8267    0,80    2,20    0,00    0,00    3,00     7  language_server
00:28:37     1000      9291    0,20    0,00    0,00    0,00    0,20     1  chrome
00:28:37     1000      9345    0,20    0,00    0,00    0,00    0,20     6  chrome
00:28:37     1000      9359    0,20    0,00    0,00    0,00    0,20     2  chrome
00:28:37     1000     98039    0,20    0,00    0,00    0,20    0,20     7  antigravity
00:28:37     1000     99725    0,00    0,40    0,00    0,00    0,40     4  pidstat
00:28:37     1000     99757    0,20    0,00    0,00    0,00    0,20     1  java

00:28:32      UID       PID  minflt/s  majflt/s     VSZ     RSS   %MEM  Command
00:28:37        0         1     83,60      0,00   24652   14916   0,09  systemd
00:28:37        0       376     12,60      0,00  188968  108308   0,67  systemd-journal
00:28:37      115       930     81,00      0,00 1762312   25844   0,16  prometheus-node
00:28:37        0      1391    245,80      0,00 1421316   87932   0,54  tailscaled
00:28:37        0      1423     26,20      0,00 2463900   71332   0,44  containerd
00:28:37        0      2975     12,00      0,00 1235352   14120   0,09  containerd-shim
00:28:37        0      2976     11,20      0,00 1235608   14648   0,09  containerd-shim
00:28:37        0      2977      9,60      0,00 1235352   14980   0,09  containerd-shim
00:28:37        0      2981     12,80      0,00 1235608   14744   0,09  containerd-shim
00:28:37        0      2982     11,00      0,00 1235608   14772   0,09  containerd-shim
00:28:37     1000      4708      0,80      0,00 5458564  346816   2,14  gnome-shell
00:28:37     1000      6317     63,20      0,00 1461668528  315964   1,95  antigravity
00:28:37     1000      6757      9,20      0,00 34361716  169984   1,05  antigravity
00:28:37     1000      6771      0,60      0,00 33903964   81164   0,50  antigravity
00:28:37     1000      6820    324,20      0,00 1461419440  662924   4,08  antigravity
00:28:37     1000      6924      3,60      0,00 1459611392  179944   1,11  antigravity
00:28:37     1000      7161      0,20      0,00 33951332   64332   0,40  antigravity
00:28:37     1000      7229     98,60      0,00 1461383544  129416   0,80  antigravity
00:28:37     1000      7244    404,60      0,00 1461351324  285804   1,76  antigravity
00:28:37     1000      7258      2,80      0,00 1461347760  126024   0,78  antigravity
00:28:37     1000      7260     17,60      0,00 1461367100  164048   1,01  antigravity
00:28:37     1000      8356      5,20      0,00 1459530528  100848   0,62  antigravity
00:28:37     1000      9291      7,20      0,00 55435272  374388   2,31  chrome
00:28:37     1000      9342      2,20      0,00 55467700  213584   1,32  chrome
00:28:37     1000      9345     17,20      0,00 54976356  135888   0,84  chrome
00:28:37     1000      9359      1,20      0,00 55015792   62536   0,39  chrome
00:28:37     1000     76014      0,60      0,00 1518513820  343248   2,11  chrome
00:28:37     1000     76063      0,20      0,00 55006444   86720   0,53  chrome
00:28:37     1000     99757      1,60      0,00 3896400  212356   1,31  java

00:28:32      UID       PID   kB_rd/s   kB_wr/s kB_ccwr/s iodelay  Command
00:28:37     1000      6317      0,00      1,60      0,00       0  antigravity
00:28:37     1000      7244      0,00      0,80      0,00       0  antigravity
00:28:37     1000      9291      0,00      0,80      0,00       0  chrome
00:28:37     1000      9345      0,00     22,40      0,00       0  chrome
00:28:37     1000     99725      0,00      0,96      0,00       0  pidstat

00:28:37      UID       PID    %usr %system  %guest   %wait    %CPU   CPU  Command
00:28:42        0      1383    0,20    0,00    0,00    0,00    0,20     7  glances
00:28:42        0      1391    0,00    0,20    0,00    0,00    0,20     5  tailscaled
00:28:42        0      1423    0,40    0,00    0,00    0,00    0,40     2  containerd
00:28:42        0      2310    0,20    0,40    0,00    0,00    0,60     0  dockerd
00:28:42      117      2312    0,80    0,40    0,00    0,00    1,20     3  grafana
00:28:42        0      2932    0,40    0,20    0,00    0,00    0,60     6  mount.ntfs-3g
00:28:42        0      2975    0,00    0,20    0,00    0,00    0,20     7  containerd-shim
00:28:42        0      2977    0,20    0,00    0,00    0,00    0,20     7  containerd-shim
00:28:42      999      3130    0,40    0,20    0,00    0,00    0,60     2  redis-server
00:28:42     1000      4708    1,00    0,20    0,00    0,00    1,20     5  gnome-shell
00:28:42     1000      6317    0,20    0,00    0,00    0,00    0,20     7  antigravity
00:28:42     1000      6339    0,60    0,00    0,00    0,00    0,60     1  gnome-terminal-
00:28:42     1000      6757    0,20    0,20    0,00    0,00    0,40     2  antigravity
00:28:42     1000      6820    1,00    0,20    0,00    0,00    1,20     4  antigravity
00:28:42     1000      7059    1,40    2,20    0,00    0,00    3,60     4  language_server
00:28:42     1000      7229    0,20    0,20    0,00    0,00    0,40     7  antigravity
00:28:42     1000      7244    1,80    0,40    0,00    0,00    2,20     7  antigravity
00:28:42     1000      7260    0,40    0,00    0,00    0,00    0,40     5  antigravity
00:28:42     1000      8267    2,00    1,00    0,00    0,00    3,00     7  language_server
00:28:42     1000      8356    0,20    0,00    0,00    0,00    0,20     3  antigravity
00:28:42     1000      9291    0,20    0,00    0,00    0,00    0,20     7  chrome
00:28:42     1000      9345    0,00    0,20    0,00    0,20    0,20     5  chrome
00:28:42     1000      9500    0,20    0,00    0,00    0,00    0,20     3  chrome
00:28:42     1000      9519    0,40    0,00    0,00    0,00    0,40     5  chrome
00:28:42     1000     76014    0,20    0,00    0,00    0,00    0,20     0  chrome
00:28:42     1000     99725    0,20    0,20    0,00    0,00    0,40     0  pidstat
00:28:42     1000     99757    0,20    0,00    0,00    0,00    0,20     1  java

00:28:37      UID       PID  minflt/s  majflt/s     VSZ     RSS   %MEM  Command
00:28:42      115       933      0,80      0,00 2711492  113512   0,70  prometheus
00:28:42        0      1391      2,80      0,00 1421316   87932   0,54  tailscaled
00:28:42        0      1423      3,80      0,00 2463900   71332   0,44  containerd
00:28:42        0      2975     17,00      0,00 1235352   14120   0,09  containerd-shim
00:28:42        0      2976     12,80      0,00 1235608   14904   0,09  containerd-shim
00:28:42        0      2977     10,40      0,00 1235352   14980   0,09  containerd-shim
00:28:42        0      2981      8,60      0,00 1235608   14744   0,09  containerd-shim
00:28:42        0      2982     12,60      0,00 1235608   15028   0,09  containerd-shim
00:28:42     1000      4708      6,80      0,00 5458564  346816   2,14  gnome-shell
00:28:42     1000      6317     34,80      0,00 1461668528  315432   1,94  antigravity
00:28:42     1000      6757      7,80      0,00 34362636  169496   1,04  antigravity
00:28:42     1000      6771      0,60      0,00 33903964   81164   0,50  antigravity
00:28:42     1000      6820    188,00      0,00 1461420400  663812   4,09  antigravity
00:28:42     1000      7161      0,20      0,00 33951332   64332   0,40  antigravity
00:28:42     1000      7229      5,00      0,00 1461383544  129416   0,80  antigravity
00:28:42     1000      7244    392,40      0,00 1461351324  285772   1,76  antigravity
00:28:42     1000      7258      7,60      0,00 1461347760  126024   0,78  antigravity
00:28:42     1000      7260     18,60      0,00 1461367100  164036   1,01  antigravity
00:28:42     1000      8356      5,80      0,00 1459530528  100848   0,62  antigravity
00:28:42     1000      9291     13,00      0,00 55435272  374516   2,31  chrome
00:28:42     1000      9342      4,40      0,00 55467700  213584   1,32  chrome
00:28:42     1000      9345     13,00      0,00 54976356  136016   0,84  chrome
00:28:42     1000      9359      0,60      0,00 55015792   62536   0,39  chrome
00:28:42     1000      9519    356,60      0,00 1518553976  364128   2,24  chrome
00:28:42     1000     76014      0,40      0,00 1518513820  343248   2,11  chrome
00:28:42     1000     76063      0,20      0,00 55006444   86720   0,53  chrome
00:28:42     1000     99757      1,40      0,00 3896400  212356   1,31  java

00:28:37      UID       PID   kB_rd/s   kB_wr/s kB_ccwr/s iodelay  Command
00:28:42     1000      9291      0,00      4,00      0,00       0  chrome
00:28:42     1000     99725      0,00      1,12      0,00       0  pidstat

Rata-rata:    UID       PID    %usr %system  %guest   %wait    %CPU   CPU  Command
Rata-rata:      0         1    0,08    0,05    0,00    0,00    0,13     -  systemd
Rata-rata:      0        17    0,00    0,03    0,00    0,03    0,03     -  rcu_preempt
Rata-rata:      0        19    0,00    0,02    0,00    0,00    0,02     -  rcu_exp_gp_kthread_worker
Rata-rata:      0        45    0,00    0,02    0,00    0,00    0,02     -  ksoftirqd/4
Rata-rata:      0        57    0,00    0,02    0,00    0,00    0,02     -  ksoftirqd/6
Rata-rata:      0        63    0,02    0,00    0,00    0,00    0,02     -  ksoftirqd/7
Rata-rata:      0        82    0,00    0,03    0,00    0,00    0,03     -  khugepaged
Rata-rata:      0        86    0,00    0,05    0,00    0,00    0,05     -  irq/9-acpi
Rata-rata:      0       120    0,00    0,03    0,00    0,02    0,03     -  kworker/u33:0-i915_flip
Rata-rata:      0       376    0,02    0,00    0,00    0,00    0,02     -  systemd-journal
Rata-rata:      0       408    0,00    0,02    0,00    0,00    0,02     -  systemd-udevd
Rata-rata:    990       903    0,30    0,02    0,00    0,02    0,32     -  dbus-daemon
Rata-rata:    986       924    0,02    0,00    0,00    0,00    0,02     -  polkitd
Rata-rata:    115       930    0,38    0,15    0,00    0,00    0,53     -  prometheus-node
Rata-rata:    115       933    0,15    0,00    0,00    0,00    0,15     -  prometheus
Rata-rata:      0      1079    0,02    0,00    0,00    0,00    0,02     -  NetworkManager
Rata-rata:      0      1383    0,13    0,02    0,00    0,00    0,15     -  glances
Rata-rata:      0      1391    0,15    0,12    0,00    0,00    0,27     -  tailscaled
Rata-rata:      0      1411    0,00    0,02    0,00    0,00    0,02     -  anydesk
Rata-rata:      0      1423    0,37    0,12    0,00    0,00    0,48     -  containerd
Rata-rata:      0      2310    0,38    0,22    0,00    0,00    0,60     -  dockerd
Rata-rata:    117      2312    0,70    0,32    0,00    0,00    1,02     -  grafana
Rata-rata:      0      2932    0,35    0,35    0,00    0,00    0,70     -  mount.ntfs-3g
Rata-rata:      0      2975    0,05    0,07    0,00    0,00    0,12     -  containerd-shim
Rata-rata:      0      2976    0,07    0,05    0,00    0,00    0,12     -  containerd-shim
Rata-rata:      0      2977    0,07    0,03    0,00    0,00    0,10     -  containerd-shim
Rata-rata:      0      2981    0,05    0,07    0,00    0,00    0,12     -  containerd-shim
Rata-rata:      0      2982    0,07    0,05    0,00    0,00    0,12     -  containerd-shim
Rata-rata:    999      3130    0,35    0,08    0,00    0,00    0,43     -  redis-server
Rata-rata:      0      3144    0,02    0,00    0,00    0,00    0,02     -  node
Rata-rata:      0      3382    0,02    0,00    0,00    0,00    0,02     -  docker-proxy
Rata-rata:     70      3568    0,02    0,00    0,00    0,00    0,02     -  postgres
Rata-rata:   1000      4549    0,03    0,02    0,00    0,00    0,05     -  systemd
Rata-rata:   1000      4569    0,02    0,00    0,00    0,00    0,02     -  dbus-daemon
Rata-rata:   1000      4570    0,02    0,02    0,00    0,00    0,03     -  pipewire
Rata-rata:   1000      4573    0,02    0,02    0,00    0,00    0,03     -  wireplumber
Rata-rata:   1000      4574    0,02    0,00    0,00    0,00    0,02     -  pipewire-pulse
Rata-rata:   1000      4708    1,35    0,58    0,00    0,00    1,93     -  gnome-shell
Rata-rata:   1000      5021    0,02    0,00    0,00    0,00    0,02     -  gsd-housekeepin
Rata-rata:   1000      5043    0,02    0,00    0,00    0,00    0,02     -  gnome-software
Rata-rata:   1000      5107    0,02    0,02    0,00    0,00    0,03     -  anydesk
Rata-rata:   1000      5331    0,02    0,00    0,00    0,02    0,02     -  goa-daemon
Rata-rata:   1000      5504    0,02    0,02    0,00    0,00    0,03     -  xdg-desktop-por
Rata-rata:   1000      5549    0,02    0,00    0,00    0,00    0,02     -  xdg-desktop-por
Rata-rata:   1000      5586    0,02    0,00    0,00    0,00    0,02     -  gvfsd-trash
Rata-rata:      0      5954    0,02    0,00    0,00    0,00    0,02     -  fwupd
Rata-rata:   1000      6317    0,32    0,15    0,00    0,00    0,47     -  antigravity
Rata-rata:   1000      6339    0,63    0,00    0,00    0,00    0,63     -  gnome-terminal-
Rata-rata:   1000      6757    0,40    0,22    0,00    0,02    0,62     -  antigravity
Rata-rata:   1000      6820    4,66    0,25    0,00    0,00    4,91     -  antigravity
Rata-rata:   1000      7059    1,55    1,58    0,00    0,05    3,13     -  language_server
Rata-rata:   1000      7229    0,23    0,15    0,00    0,00    0,38     -  antigravity
Rata-rata:   1000      7244    2,28    0,52    0,00    0,03    2,80     -  antigravity
Rata-rata:   1000      7258    0,02    0,02    0,00    0,00    0,03     -  antigravity
Rata-rata:   1000      7260    0,70    0,08    0,00    0,00    0,78     -  antigravity
Rata-rata:   1000      8267    1,50    1,52    0,00    0,00    3,02     -  language_server
Rata-rata:   1000      8356    0,08    0,03    0,00    0,00    0,12     -  antigravity
Rata-rata:   1000      9291    0,17    0,05    0,00    0,00    0,22     -  chrome
Rata-rata:   1000      9345    0,03    0,02    0,00    0,02    0,05     -  chrome
Rata-rata:   1000      9359    0,03    0,00    0,00    0,02    0,03     -  chrome
Rata-rata:   1000      9390    0,02    0,00    0,00    0,00    0,02     -  chrome
Rata-rata:   1000      9500    0,02    0,02    0,00    0,02    0,03     -  chrome
Rata-rata:   1000      9519    0,15    0,03    0,00    0,00    0,18     -  chrome
Rata-rata:      0     49776    0,00    0,02    0,00    1,55    0,02     -  kworker/u32:0-events_unbound
Rata-rata:   1000     76014    0,03    0,02    0,00    0,00    0,05     -  chrome
Rata-rata:   1000     76025    0,02    0,02    0,00    0,00    0,03     -  chrome
Rata-rata:   1000     76063    0,00    0,02    0,00    0,00    0,02     -  chrome
Rata-rata:      0     78088    0,00    0,03    0,00    0,00    0,03     -  kworker/u32:6-kvfree_rcu_reclaim
Rata-rata:   1000     91682    0,02    0,03    0,00    0,00    0,05     -  ssh
Rata-rata:      0     92575    0,03    0,00    0,00    0,02    0,03     -  kworker/0:2-events_power_efficient
Rata-rata:      0     95637    0,00    0,02    0,00    0,00    0,02     -  kworker/3:0-mm_percpu_wq
Rata-rata:      0     97806    0,00    0,05    0,00    0,07    0,05     -  kworker/6:2-i915-unordered
Rata-rata:      0     97830    0,02    0,00    0,00    0,00    0,02     -  kworker/7:0-mm_percpu_wq
Rata-rata:   1000     98039    0,05    0,00    0,00    0,02    0,05     -  antigravity
Rata-rata:      0     98479    0,00    0,02    0,00    0,00    0,02     -  kworker/1:0-events
Rata-rata:      0     98834    0,03    0,00    0,00    0,02    0,03     -  kworker/2:0-events
Rata-rata:      0     99318    0,02    0,00    0,00    0,02    0,02     -  kworker/5:0-events
Rata-rata:   1000     99725    0,15    0,28    0,00    0,00    0,43     -  pidstat
Rata-rata:   1000     99757    7,11    0,43    0,00    0,00    7,55     -  java

Rata-rata:    UID       PID  minflt/s  majflt/s     VSZ     RSS   %MEM  Command
Rata-rata:      0         1      8,01      0,00   24652   14916   0,09  systemd
Rata-rata:      0       376      6,16      0,00  188968  108308   0,67  systemd-journal
Rata-rata:      0       408      8,10      0,00   37544   10908   0,07  systemd-udevd
Rata-rata:    115       930     25,12      0,00 1762312   25891   0,16  prometheus-node
Rata-rata:    115       933      1,07      0,00 2711492  113469   0,70  prometheus
Rata-rata:      0      1391     30,65      0,00 1421316   83932   0,52  tailscaled
Rata-rata:      0      1423      3,75      0,00 2463900   70884   0,44  containerd
Rata-rata:    114      1526      0,42      0,00  218252   29568   0,18  postgres
Rata-rata:      0      2975      7,90      0,00 1235352   14226   0,09  containerd-shim
Rata-rata:      0      2976      8,51      0,00 1235608   14852   0,09  containerd-shim
Rata-rata:      0      2977      5,96      0,00 1235352   15214   0,09  containerd-shim
Rata-rata:      0      2981      7,61      0,00 1235608   14650   0,09  containerd-shim
Rata-rata:      0      2982      6,56      0,00 1235608   15005   0,09  containerd-shim
Rata-rata:     70      3117      0,45      0,00  174540   25424   0,16  postgres
Rata-rata:   1000      4570      3,12      0,00  104171   14798   0,09  pipewire
Rata-rata:   1000      4574      3,18      0,00  110852   15701   0,10  pipewire-pulse
Rata-rata:   1000      4708     13,56      0,00 5458665  345012   2,13  gnome-shell
Rata-rata:   1000      5504      0,02      0,00  778332   19920   0,12  xdg-desktop-por
Rata-rata:      0      5954      0,03      0,00  370168   46564   0,29  fwupd
Rata-rata:   1000      6317     38,30      0,00 1461668528  315355   1,94  antigravity
Rata-rata:   1000      6757     20,79      0,00 34363677  169924   1,05  antigravity
Rata-rata:   1000      6771      0,75      0,00 33903964   81164   0,50  antigravity
Rata-rata:   1000      6820    251,31      0,00 1461418795  661779   4,08  antigravity
Rata-rata:   1000      6924      0,30      0,00 1459611392  180051   1,11  antigravity
Rata-rata:   1000      7059      0,00      0,00 4910056  358736   2,21  language_server
Rata-rata:   1000      7161      0,25      0,00 33951332   64332   0,40  antigravity
Rata-rata:   1000      7229     59,65      0,00 1461383544  129424   0,80  antigravity
Rata-rata:   1000      7244    407,03      0,00 1461351324  355194   2,19  antigravity
Rata-rata:   1000      7258      3,80      0,00 1461347760  125821   0,78  antigravity
Rata-rata:   1000      7260     28,45      0,00 1461367100  164070   1,01  antigravity
Rata-rata:   1000      8356      5,33      0,00 1459530528  100848   0,62  antigravity
Rata-rata:   1000      9291     11,28      0,00 55435272  374401   2,31  chrome
Rata-rata:   1000      9342      2,75      0,00 55467700  213584   1,32  chrome
Rata-rata:   1000      9345      6,86      0,00 54976356  135893   0,84  chrome
Rata-rata:   1000      9359      0,75      0,00 55015792   62536   0,39  chrome
Rata-rata:   1000      9519     29,70      0,00 1518553976  357190   2,20  chrome
Rata-rata:   1000     76014      0,43      0,00 1518513820  343248   2,11  chrome
Rata-rata:   1000     76063      0,27      0,00 55006444   86720   0,53  chrome
Rata-rata:   1000     99008      1,05      0,00    7664    3936   0,02  bash
Rata-rata:   1000     99725      0,85      0,00    6294    5325   0,03  pidstat
Rata-rata:   1000     99726      0,35      0,00    2676    1880   0,01  jmeter
Rata-rata:   1000     99757    481,94      0,00 3896400  211993   1,31  java

Rata-rata:    UID       PID   kB_rd/s   kB_wr/s kB_ccwr/s iodelay  Command
Rata-rata:   1000      4573      0,00      0,07      0,00       0  wireplumber
Rata-rata:   1000      4708      0,00      6,33      0,00       0  gnome-shell
Rata-rata:   1000      6317      0,00      0,33      0,00       0  antigravity
Rata-rata:   1000      7244      0,00      0,47      0,00       0  antigravity
Rata-rata:   1000      9291      0,00      2,27      0,00       0  chrome
Rata-rata:   1000      9345      0,00      3,53      0,00       0  chrome
Rata-rata:   1000     99008      0,00     15,10      6,33       0  bash
Rata-rata:   1000     99725      0,00      0,99      0,00       0  pidstat
Rata-rata:   1000     99757      0,00      0,18      0,00       0  java
