Linux 6.12.94+deb13-amd64 (debian) 	24/06/26 	_x86_64_	(8 CPU)

18:57:09      UID       PID    %usr %system  %guest   %wait    %CPU   CPU  Command
18:57:14        0        33    0,00    0,20    0,00    0,00    0,20     2  ksoftirqd/2
18:57:14        0      1468    0,20    0,20    0,00    0,00    0,40     6  tailscaled
18:57:14        0      1489    0,20    0,20    0,00    0,00    0,40     4  containerd
18:57:14        0      2351    0,40    0,00    0,00    0,00    0,40     3  dockerd
18:57:14      117      2352    0,60    0,20    0,00    0,00    0,80     3  grafana
18:57:14        0      3170    0,20    0,20    0,00    0,00    0,40     6  mount.ntfs-3g
18:57:14        0      3207    0,20    0,20    0,00    0,00    0,40     6  containerd-shim
18:57:14        0      3227    0,20    0,00    0,00    0,00    0,20     3  containerd-shim
18:57:14        0      3240    0,00    0,20    0,00    0,00    0,20     1  containerd-shim
18:57:14        0      3246    0,20    0,00    0,00    0,00    0,20     0  containerd-shim
18:57:14        0      3261    0,00    0,20    0,00    0,00    0,20     3  containerd-shim
18:57:14      999      3405    0,60    0,00    0,00    0,00    0,60     3  redis-server
18:57:14     1000      9024    1,20    1,20    0,00    0,20    2,39     6  gnome-shell
18:57:14     1000      9700    0,60    0,60    0,00    0,00    1,20     1  antigravity
18:57:14     1000      9756    0,60    0,80    0,00    0,20    1,39     0  antigravity
18:57:14     1000      9830   17,53    0,40    0,00    0,40   17,93     5  antigravity
18:57:14     1000     10074    1,39    1,20    0,00    0,20    2,59     2  language_server
18:57:14     1000     10121    0,20    0,40    0,00    0,00    0,60     3  antigravity
18:57:14     1000     10122    1,00    0,00    0,00    0,20    1,00     0  antigravity
18:57:14     1000     10187    2,79    0,20    0,00    0,20    2,99     5  antigravity
18:57:14     1000     11152    1,99    0,60    0,00    0,20    2,59     7  language_server
18:57:14        0     31798    0,20    0,00    0,00    0,20    0,20     1  kworker/1:2-events
18:57:14        0     33252    0,00    0,20    0,00    0,20    0,20     0  kworker/0:2-events
18:57:14     1000     36101    0,00    0,20    0,00    0,00    0,20     5  pidstat
18:57:14     1000     36132   87,25    5,58    0,00    0,00   92,83     7  java

18:57:09      UID       PID  minflt/s  majflt/s     VSZ     RSS   %MEM  Command
18:57:14        0      3207      2,19      0,00 1235608   15600   0,10  containerd-shim
18:57:14        0      3227      2,99      0,00 1235352   14684   0,09  containerd-shim
18:57:14        0      3240     11,75      0,00 1235608   15672   0,10  containerd-shim
18:57:14        0      3246      1,79      0,00 1235608   15668   0,10  containerd-shim
18:57:14        0      3261      9,76      0,00 1235608   15876   0,10  containerd-shim
18:57:14     1000      9024      6,97      0,00 4676764  275444   1,70  gnome-shell
18:57:14     1000      9700    143,82      0,00 1461692876  304120   1,87  antigravity
18:57:14     1000      9756      8,96      0,00 34340732  165264   1,02  antigravity
18:57:14     1000      9767      1,20      0,00 33906012   82040   0,51  antigravity
18:57:14     1000      9830    445,82      0,00 1461371372  487460   3,00  antigravity
18:57:14     1000     10109      0,40      0,00 33951332   64948   0,40  antigravity
18:57:14     1000     10121     97,61      0,00 1461391740  124752   0,77  antigravity
18:57:14     1000     10122     42,83      0,00 1461343128  284968   1,76  antigravity
18:57:14     1000     10186      2,79      0,00 1478124976  122820   0,76  antigravity
18:57:14     1000     10187    101,99      0,00 1461358904  158408   0,98  antigravity
18:57:14     1000     11274      0,20      0,00 1459530528   92980   0,57  antigravity
18:57:14     1000     36101      1,00      0,00    5920    4964   0,03  pidstat
18:57:14     1000     36102      3,78      0,00    2676    1668   0,01  jmeter
18:57:14     1000     36132   5539,84      0,00 6043924  213104   1,31  java

18:57:09      UID       PID   kB_rd/s   kB_wr/s kB_ccwr/s iodelay  Command
18:57:14     1000     36132      0,00      2,15      0,00       0  java

18:57:14      UID       PID    %usr %system  %guest   %wait    %CPU   CPU  Command
18:57:19        0         1    0,20    0,00    0,00    0,00    0,20     2  systemd
18:57:19        0       212    0,00    0,20    0,00    0,00    0,20     2  kworker/2:1H-events_highpri
18:57:19        0       721    0,00    0,20    0,00    0,00    0,20     0  kworker/u33:2-i915_flip
18:57:19      990       905    0,80    0,00    0,00    0,00    0,80     5  dbus-daemon
18:57:19      986       922    0,20    0,00    0,00    0,00    0,20     3  polkitd
18:57:19      115       926    1,20    0,40    0,00    0,00    1,60     5  prometheus-node
18:57:19      115       927    0,20    0,00    0,00    0,00    0,20     4  prometheus
18:57:19        0      1457    0,20    0,00    0,00    0,00    0,20     5  glances
18:57:19        0      1468    0,00    0,20    0,00    0,00    0,20     6  tailscaled
18:57:19        0      1489    0,40    0,00    0,00    0,00    0,40     4  containerd
18:57:19        0      2351    0,20    0,40    0,00    0,00    0,60     3  dockerd
18:57:19      117      2352    0,80    0,00    0,00    0,00    0,80     3  grafana
18:57:19        0      3170    0,20    0,20    0,00    0,00    0,40     6  mount.ntfs-3g
18:57:19        0      3246    0,00    0,20    0,00    0,00    0,20     0  containerd-shim
18:57:19        0      3261    0,20    0,00    0,00    0,00    0,20     3  containerd-shim
18:57:19      999      3405    0,40    0,00    0,00    0,00    0,40     7  redis-server
18:57:19     1000      9024    1,40    0,40    0,00    0,00    1,80     1  gnome-shell
18:57:19     1000      9700    1,20    0,40    0,00    0,00    1,60     4  antigravity
18:57:19     1000      9756    0,80    0,40    0,00    0,00    1,20     0  antigravity
18:57:19     1000      9830    4,00    0,40    0,00    0,00    4,40     4  antigravity
18:57:19     1000     10074    1,60    1,00    0,00    0,20    2,60     4  language_server
18:57:19     1000     10121    0,40    0,00    0,00    0,00    0,40     0  antigravity
18:57:19     1000     10122    0,40    0,40    0,00    0,00    0,80     3  antigravity
18:57:19     1000     10187    0,60    0,00    0,00    0,00    0,60     5  antigravity
18:57:19     1000     11152    1,40    1,40    0,00    0,00    2,80     5  language_server
18:57:19        0     25979    0,00    0,20    0,00    0,00    0,20     5  kworker/u32:4-events_unbound
18:57:19     1000     36101    0,20    0,40    0,00    0,00    0,60     7  pidstat
18:57:19     1000     36132    4,60    0,20    0,00    0,00    4,80     7  java

18:57:14      UID       PID  minflt/s  majflt/s     VSZ     RSS   %MEM  Command
18:57:19        0       381      5,80      0,00  136916   82520   0,51  systemd-journal
18:57:19      115       926     74,20      0,00 1687812   24776   0,15  prometheus-node
18:57:19        0      1468     45,80      0,00 1421636  102732   0,63  tailscaled
18:57:19      114      1588      5,00      0,00  218252   30140   0,19  postgres
18:57:19        0      3207      0,60      0,00 1235608   15600   0,10  containerd-shim
18:57:19        0      3227      6,20      0,00 1235352   14812   0,09  containerd-shim
18:57:19        0      3240      0,60      0,00 1235608   15384   0,09  containerd-shim
18:57:19        0      3246      4,20      0,00 1235608   15668   0,10  containerd-shim
18:57:19        0      3261      5,00      0,00 1235608   16004   0,10  containerd-shim
18:57:19     1000      9024      0,60      0,00 4676764  275444   1,70  gnome-shell
18:57:19     1000      9700     35,80      0,00 1461692876  303880   1,87  antigravity
18:57:19     1000      9756      7,20      0,00 34324716  165036   1,02  antigravity
18:57:19     1000      9767      0,60      0,00 33906012   82040   0,51  antigravity
18:57:19     1000      9830    102,00      0,00 1461371884  487236   3,00  antigravity
18:57:19     1000     10109      0,20      0,00 33951332   64948   0,40  antigravity
18:57:19     1000     10121     94,00      0,00 1461391740  124840   0,77  antigravity
18:57:19     1000     10122     24,20      0,00 1461343128  284968   1,76  antigravity
18:57:19     1000     10186      5,60      0,00 1478124976  122820   0,76  antigravity
18:57:19     1000     10187      5,40      0,00 1461358904  158408   0,98  antigravity
18:57:19     1000     36132     89,60      0,00 6043924  214896   1,32  java

18:57:14      UID       PID   kB_rd/s   kB_wr/s kB_ccwr/s iodelay  Command
18:57:19     1000     36101      0,00      0,81      0,00       0  pidstat
18:57:19     1000     36132      0,00      0,17      0,00       0  java

18:57:19      UID       PID    %usr %system  %guest   %wait    %CPU   CPU  Command
18:57:24        0      1468    0,20    0,00    0,00    0,00    0,20     6  tailscaled
18:57:24        0      1479    0,00    0,20    0,00    0,00    0,20     6  anydesk
18:57:24        0      1489    0,20    0,00    0,00    0,00    0,20     4  containerd
18:57:24        0      2351    0,20    0,20    0,00    0,00    0,40     3  dockerd
18:57:24      117      2352    0,60    0,60    0,00    0,00    1,20     3  grafana
18:57:24        0      3170    0,00    0,20    0,00    0,00    0,20     0  mount.ntfs-3g
18:57:24        0      3207    0,00    0,20    0,00    0,00    0,20     6  containerd-shim
18:57:24        0      3240    0,20    0,00    0,00    0,00    0,20     1  containerd-shim
18:57:24        0      3246    0,20    0,00    0,00    0,00    0,20     0  containerd-shim
18:57:24      999      3405    0,40    0,00    0,00    0,00    0,40     3  redis-server
18:57:24     1000      9024    1,60    0,00    0,00    0,00    1,60     0  gnome-shell
18:57:24     1000      9200    0,00    0,20    0,00    0,00    0,20     4  anydesk
18:57:24     1000      9700    0,60    0,00    0,00    0,00    0,60     3  antigravity
18:57:24     1000      9756    0,80    0,00    0,00    0,00    0,80     2  antigravity
18:57:24     1000      9830    2,79    0,20    0,00    0,00    2,99     2  antigravity
18:57:24     1000     10074    2,00    1,00    0,00    0,00    2,99     2  language_server
18:57:24     1000     10121    0,20    0,20    0,00    0,00    0,40     3  antigravity
18:57:24     1000     10122    0,60    0,40    0,00    0,00    1,00     4  antigravity
18:57:24     1000     10187    0,60    0,20    0,00    0,00    0,80     4  antigravity
18:57:24     1000     11152    1,60    1,20    0,00    0,00    2,79     5  language_server
18:57:24     1000     36101    0,20    0,20    0,00    0,00    0,40     7  pidstat
18:57:24     1000     36132    4,39    0,20    0,00    0,00    4,59     7  java

18:57:19      UID       PID  minflt/s  majflt/s     VSZ     RSS   %MEM  Command
18:57:24      115       927      0,60      0,00 2702228  118184   0,73  prometheus
18:57:24        0      1468      1,40      0,00 1421636  102732   0,63  tailscaled
18:57:24        0      1489      1,40      0,00 2242640   65468   0,40  containerd
18:57:24        0      3207      6,79      0,00 1235608   15280   0,09  containerd-shim
18:57:24        0      3227      9,78      0,00 1235352   14396   0,09  containerd-shim
18:57:24        0      3240      1,80      0,00 1235608   14852   0,09  containerd-shim
18:57:24        0      3246     12,97      0,00 1235608   15120   0,09  containerd-shim
18:57:24        0      3261     10,38      0,00 1235608   15400   0,09  containerd-shim
18:57:24     1000      9024      6,39      0,00 4676764  275572   1,70  gnome-shell
18:57:24     1000      9700     36,33      0,00 1461692876  303776   1,87  antigravity
18:57:24     1000      9756      1,80      0,00 34326764  165036   1,02  antigravity
18:57:24     1000      9767      0,60      0,00 33906012   82040   0,51  antigravity
18:57:24     1000      9830     86,63      0,00 1461371884  488228   3,01  antigravity
18:57:24     1000     10109      0,20      0,00 33951332   64948   0,40  antigravity
18:57:24     1000     10121     11,38      0,00 1461391740  124712   0,77  antigravity
18:57:24     1000     10122     19,96      0,00 1461343128  285224   1,76  antigravity
18:57:24     1000     10186      2,79      0,00 1478124976  122820   0,76  antigravity
18:57:24     1000     10187      2,79      0,00 1461358904  158408   0,98  antigravity
18:57:24     1000     36132     47,31      0,00 6043924  215792   1,33  java

18:57:19      UID       PID   kB_rd/s   kB_wr/s kB_ccwr/s iodelay  Command
18:57:24     1000     36101      0,00      0,89      0,00       0  pidstat
18:57:24     1000     36132      0,00      0,21      0,00       0  java

18:57:24      UID       PID    %usr %system  %guest   %wait    %CPU   CPU  Command
18:57:29        0        18    0,00    0,20    0,00    0,00    0,20     6  rcu_preempt
18:57:29        0        86    0,00    0,20    0,00    0,00    0,20     0  irq/9-acpi
18:57:29      115       927    0,20    0,20    0,00    0,00    0,40     3  prometheus
18:57:29        0      1457    0,20    0,00    0,00    0,00    0,20     5  glances
18:57:29        0      1489    0,60    0,20    0,00    0,00    0,80     4  containerd
18:57:29        0      2351    0,40    0,20    0,00    0,00    0,60     3  dockerd
18:57:29      117      2352    0,80    0,40    0,00    0,00    1,20     3  grafana
18:57:29        0      3170    0,40    0,00    0,00    0,00    0,40     4  mount.ntfs-3g
18:57:29        0      3227    0,20    0,00    0,00    0,00    0,20     3  containerd-shim
18:57:29        0      3261    0,00    0,20    0,00    0,00    0,20     3  containerd-shim
18:57:29       70      3383    0,20    0,00    0,00    0,00    0,20     7  postgres
18:57:29      999      3405    0,40    0,00    0,00    0,00    0,40     3  redis-server
18:57:29     1000      9024    0,20    0,20    0,00    0,00    0,40     0  gnome-shell
18:57:29     1000      9700    0,00    0,20    0,00    0,00    0,20     0  antigravity
18:57:29     1000      9830    0,80    0,00    0,00    0,00    0,80     4  antigravity
18:57:29     1000     10074    1,60    1,20    0,00   18,20    2,80     6  language_server
18:57:29     1000     10122    0,60    0,00    0,00    0,00    0,60     3  antigravity
18:57:29     1000     10187    0,40    0,00    0,00    0,00    0,40     3  antigravity
18:57:29     1000     11152    1,20    1,80    0,00    0,00    3,00     4  language_server
18:57:29     1000     36101    0,20    0,20    0,00    0,00    0,40     0  pidstat
18:57:29     1000     36132    5,20    0,20    0,00    0,00    5,40     7  java

18:57:24      UID       PID  minflt/s  majflt/s     VSZ     RSS   %MEM  Command
18:57:29      115       927      2,40      0,00 2702228  118184   0,73  prometheus
18:57:29        0      1468      0,20      0,00 1421636  102732   0,63  tailscaled
18:57:29        0      1489      5,20      0,00 2242640   65596   0,40  containerd
18:57:29      117      2352      3,00      0,00 1830016  333816   2,06  grafana
18:57:29        0      3207      9,20      0,00 1235608   15280   0,09  containerd-shim
18:57:29        0      3227      9,80      0,00 1235352   14524   0,09  containerd-shim
18:57:29        0      3240     11,80      0,00 1235608   14980   0,09  containerd-shim
18:57:29        0      3246     11,40      0,00 1235608   15120   0,09  containerd-shim
18:57:29        0      3261     14,60      0,00 1235608   15656   0,10  containerd-shim
18:57:29       70      3383      4,40      0,00  174540   26160   0,16  postgres
18:57:29     1000      9024      0,40      0,00 4676828  275572   1,70  gnome-shell
18:57:29     1000      9700     33,20      0,00 1461692876  304160   1,87  antigravity
18:57:29     1000      9756      1,60      0,00 34326764  165036   1,02  antigravity
18:57:29     1000      9767      0,60      0,00 33906012   82040   0,51  antigravity
18:57:29     1000      9830     66,60      0,00 1461371884  488324   3,01  antigravity
18:57:29     1000     10109      0,20      0,00 33951332   64948   0,40  antigravity
18:57:29     1000     10121      2,60      0,00 1461391740  124712   0,77  antigravity
18:57:29     1000     10122     13,60      0,00 1461343128  285224   1,76  antigravity
18:57:29     1000     10186      2,80      0,00 1478124976  122820   0,76  antigravity
18:57:29     1000     10187      2,80      0,00 1461358904  158408   0,98  antigravity
18:57:29     1000     36132     39,60      0,00 6043924  216560   1,33  java

18:57:24      UID       PID   kB_rd/s   kB_wr/s kB_ccwr/s iodelay  Command
18:57:29     1000     36101      0,00      0,77      0,00       0  pidstat
18:57:29     1000     36132      0,00      1,77      0,00       0  java

18:57:29      UID       PID    %usr %system  %guest   %wait    %CPU   CPU  Command
18:57:34        0         1    0,40    0,20    0,00    0,00    0,60     5  systemd
18:57:34        0       381    0,00    0,20    0,00    0,00    0,20     5  systemd-journal
18:57:34        0       413    0,00    0,20    0,00    0,20    0,20     4  systemd-udevd
18:57:34      990       905    0,80    0,20    0,00    0,00    1,00     0  dbus-daemon
18:57:34      115       926    1,00    0,40    0,00    0,00    1,40     5  prometheus-node
18:57:34      115       927    0,00    0,20    0,00    0,00    0,20     3  prometheus
18:57:34        0      1052    0,20    0,00    0,00    0,00    0,20     5  NetworkManager
18:57:34        0      1457    0,20    0,00    0,00    0,00    0,20     5  glances
18:57:34        0      1468    0,40    0,00    0,00    0,00    0,40     7  tailscaled
18:57:34        0      1489    0,40    0,20    0,00    0,00    0,60     4  containerd
18:57:34        0      2351    0,40    0,60    0,00    0,00    1,00     3  dockerd
18:57:34      117      2352    0,60    0,20    0,00    0,00    0,80     3  grafana
18:57:34        0      3170    0,20    0,00    0,00    0,00    0,20     6  mount.ntfs-3g
18:57:34        0      3207    0,20    0,00    0,00    0,00    0,20     6  containerd-shim
18:57:34        0      3227    0,00    0,20    0,00    0,00    0,20     3  containerd-shim
18:57:34        0      3240    0,20    0,20    0,00    0,00    0,40     1  containerd-shim
18:57:34      999      3405    0,40    0,20    0,00    0,20    0,60     1  redis-server
18:57:34     1000      8864    0,40    0,00    0,00    0,00    0,40     7  systemd
18:57:34     1000      9024    1,20    0,20    0,00    0,00    1,40     2  gnome-shell
18:57:34     1000      9138    0,20    0,00    0,00    0,00    0,20     3  gsd-housekeepin
18:57:34     1000      9700    0,20    0,00    0,00    0,00    0,20     6  antigravity
18:57:34     1000      9756    0,20    0,00    0,00    0,00    0,20     3  antigravity
18:57:34     1000      9830    0,80    0,20    0,00    0,00    1,00     2  antigravity
18:57:34     1000     10074    1,20    1,40    0,00    0,00    2,60     6  language_server
18:57:34     1000     10121    0,40    0,20    0,00    0,00    0,60     6  antigravity
18:57:34     1000     10122    0,80    0,20    0,00    0,00    1,00     5  antigravity
18:57:34     1000     10187    0,60    0,20    0,00    0,00    0,80     0  antigravity
18:57:34     1000     11152    2,00    0,80    0,00    0,00    2,80     6  language_server
18:57:34        0     16329    0,00    0,20    0,00    0,00    0,20     0  kworker/u32:2-writeback
18:57:34        0     31777    0,20    0,00    0,00    0,20    0,20     3  kworker/3:0-mm_percpu_wq
18:57:34        0     33252    0,00    0,20    0,00    0,00    0,20     0  kworker/0:2-events_power_efficient
18:57:34     1000     36101    0,00    0,40    0,00    0,00    0,40     0  pidstat
18:57:34     1000     36132    2,40    0,20    0,00    0,00    2,60     7  java
18:57:34        0     36298    0,20    0,00    0,00    0,00    0,20     1  containerd-shim
18:57:34        0     36322    8,00    2,40    0,00    0,00   10,40     7  node

18:57:29      UID       PID  minflt/s  majflt/s     VSZ     RSS   %MEM  Command
18:57:34        0       381     22,60      0,00  136916   82520   0,51  systemd-journal
18:57:34        0       413    110,20      0,00   37696   11516   0,07  systemd-udevd
18:57:34      115       926     87,60      0,00 1687812   25072   0,15  prometheus-node
18:57:34      115       927      2,80      0,00 2702228  118184   0,73  prometheus
18:57:34        0      1468     66,80      0,00 1421636  104140   0,64  tailscaled
18:57:34        0      1489      1,60      0,00 2242640   65596   0,40  containerd
18:57:34        0      3207     16,00      0,00 1235608   15536   0,10  containerd-shim
18:57:34        0      3227      5,60      0,00 1235352   14652   0,09  containerd-shim
18:57:34        0      3240     13,00      0,00 1235608   15364   0,09  containerd-shim
18:57:34        0      3246     14,20      0,00 1235608   15376   0,09  containerd-shim
18:57:34        0      3261     13,00      0,00 1235608   15912   0,10  containerd-shim
18:57:34     1000      9024      8,00      0,00 4676764  275572   1,70  gnome-shell
18:57:34     1000      9700     40,40      0,00 1461692876  303820   1,87  antigravity
18:57:34     1000      9756      6,00      0,00 34324588  165036   1,02  antigravity
18:57:34     1000      9767      1,20      0,00 33906012   82040   0,51  antigravity
18:57:34     1000      9830     91,80      0,00 1461371884  489448   3,02  antigravity
18:57:34     1000     10109      0,40      0,00 33951332   64948   0,40  antigravity
18:57:34     1000     10121    160,20      0,00 1461391740  124944   0,77  antigravity
18:57:34     1000     10122     30,60      0,00 1461343128  285352   1,76  antigravity
18:57:34     1000     10186      3,00      0,00 1478124976  122820   0,76  antigravity
18:57:34     1000     10187      3,20      0,00 1461358904  158408   0,98  antigravity
18:57:34     1000     36132     23,60      0,00 6043924  217072   1,34  java
18:57:34        0     36298    171,00      0,00 1235096   10852   0,07  containerd-shim
18:57:34        0     36322   4174,60      0,00  759420   88072   0,54  node
18:57:34        0     36330     62,00      0,00   37700    7324   0,05  (udev-worker)
18:57:34        0     36344     28,20      0,00   37700    6976   0,04  (udev-worker)
18:57:34        0     36345     28,80      0,00   37700    6976   0,04  (udev-worker)
18:57:34        0     36346     26,80      0,00   37700    7004   0,04  (udev-worker)
18:57:34        0     36347     27,80      0,00   37700    7004   0,04  (udev-worker)
18:57:34        0     36348     28,40      0,00   37700    7004   0,04  (udev-worker)
18:57:34        0     36349     27,80      0,00   37700    7004   0,04  (udev-worker)
18:57:34        0     36350     28,00      0,00   37700    7004   0,04  (udev-worker)
18:57:34        0     36352     28,60      0,00   37700    7004   0,04  (udev-worker)
18:57:34        0     36353     27,40      0,00   37700    7004   0,04  (udev-worker)
18:57:34        0     36354     28,40      0,00   37700    7004   0,04  (udev-worker)
18:57:34        0     36355     28,40      0,00   37700    7004   0,04  (udev-worker)
18:57:34        0     36356     28,40      0,00   37700    7004   0,04  (udev-worker)
18:57:34        0     36357     28,00      0,00   37700    7004   0,04  (udev-worker)
18:57:34        0     36358     27,60      0,00   37700    7004   0,04  (udev-worker)
18:57:34        0     36359     27,60      0,00   37700    7004   0,04  (udev-worker)
18:57:34        0     36369     59,20      0,00 1673248    8384   0,05  docker-proxy
18:57:34        0     36376     57,40      0,00 1746980    8360   0,05  docker-proxy

18:57:29      UID       PID   kB_rd/s   kB_wr/s kB_ccwr/s iodelay  Command
18:57:34     1000     36101      0,00      0,78      0,00       0  pidstat
18:57:34     1000     36132      0,00      1,81      0,00       0  java

18:57:34      UID       PID    %usr %system  %guest   %wait    %CPU   CPU  Command
18:57:39        0         1    0,20    0,00    0,00    0,00    0,20     6  systemd
18:57:39        0       413    0,20    0,00    0,00    0,00    0,20     7  systemd-udevd
18:57:39      990       905    0,40    0,00    0,00    0,00    0,40     5  dbus-daemon
18:57:39      115       927    0,20    0,00    0,00    0,00    0,20     3  prometheus
18:57:39        0      1468    0,20    0,00    0,00    0,00    0,20     7  tailscaled
18:57:39        0      1489    0,60    0,20    0,00    0,00    0,80     4  containerd
18:57:39      111      1556    0,00    0,20    0,00    0,00    0,20     5  mariadbd
18:57:39        0      2351    0,60    0,20    0,00    0,00    0,80     3  dockerd
18:57:39      117      2352    0,80    0,20    0,00    0,00    1,00     3  grafana
18:57:39        0      3170    0,60    0,60    0,00    0,00    1,20     4  mount.ntfs-3g
18:57:39        0      3246    0,20    0,00    0,00    0,00    0,20     0  containerd-shim
18:57:39        0      3261    0,20    0,20    0,00    0,00    0,40     3  containerd-shim
18:57:39      999      3405    0,40    0,00    0,00    0,00    0,40     7  redis-server
18:57:39     1000      8864    0,00    0,20    0,00    0,00    0,20     1  systemd
18:57:39     1000      8888    0,00    0,20    0,00    0,00    0,20     5  dbus-daemon
18:57:39     1000      9024    0,60    0,00    0,00    0,00    0,60     7  gnome-shell
18:57:39     1000      9162    0,20    0,00    0,00    0,00    0,20     3  gsd-sharing
18:57:39     1000      9166    0,20    0,00    0,00    0,00    0,20     0  gnome-software
18:57:39     1000      9366    0,00    0,20    0,00    0,00    0,20     1  goa-daemon
18:57:39     1000      9493    0,20    0,00    0,00    0,00    0,20     5  xdg-desktop-por
18:57:39     1000      9700    0,20    0,20    0,00    0,00    0,40     0  antigravity
18:57:39     1000      9756    0,20    0,20    0,00    0,00    0,40     3  antigravity
18:57:39     1000      9830    1,20    0,20    0,00    0,00    1,40     2  antigravity
18:57:39     1000     10074    1,40    1,60    0,00    0,00    3,00     5  language_server
18:57:39     1000     10121    0,20    0,00    0,00    0,00    0,20     6  antigravity
18:57:39     1000     10122    1,20    0,40    0,00    0,00    1,60     7  antigravity
18:57:39     1000     10187    1,00    0,20    0,00    0,00    1,20     3  antigravity
18:57:39     1000     11152    1,40    1,40    0,00    0,00    2,80     0  language_server
18:57:39        0     33395    0,20    0,00    0,00    0,00    0,20     5  kworker/5:3-events
18:57:39        0     34004    0,00    0,20    0,00    0,00    0,20     2  kworker/2:1-events
18:57:39     1000     36101    0,20    0,40    0,00    0,00    0,60     6  pidstat
18:57:39     1000     36132    2,80    0,00    0,00    0,00    2,80     7  java

18:57:34      UID       PID  minflt/s  majflt/s     VSZ     RSS   %MEM  Command
18:57:39        0       381     17,60      0,00  136916   82520   0,51  systemd-journal
18:57:39        0       413      2,20      0,00   37696   11516   0,07  systemd-udevd
18:57:39      115       927      1,80      0,00 2702228  118184   0,73  prometheus
18:57:39        0      1468      0,60      0,00 1421636  104140   0,64  tailscaled
18:57:39        0      1489      0,60      0,00 2242640   65596   0,40  containerd
18:57:39        0      3207     10,20      0,00 1235608   15664   0,10  containerd-shim
18:57:39        0      3227     10,40      0,00 1235352   14908   0,09  containerd-shim
18:57:39        0      3240      5,40      0,00 1235608   15364   0,09  containerd-shim
18:57:39        0      3246     10,20      0,00 1235608   15760   0,10  containerd-shim
18:57:39        0      3261      2,40      0,00 1235608   15912   0,10  containerd-shim
18:57:39     1000      9024      1,00      0,00 4676828  275572   1,70  gnome-shell
18:57:39     1000      9700     56,60      0,00 1461692876  303892   1,87  antigravity
18:57:39     1000      9756     11,80      0,00 34337132  165036   1,02  antigravity
18:57:39     1000      9767      0,60      0,00 33906012   82040   0,51  antigravity
18:57:39     1000      9830    251,40      0,00 1461371884  491760   3,03  antigravity
18:57:39     1000     10109      0,20      0,00 33951332   64948   0,40  antigravity
18:57:39     1000     10121      9,80      0,00 1461391740  124944   0,77  antigravity
18:57:39     1000     10122    355,80      0,00 1461343128  285644   1,76  antigravity
18:57:39     1000     10186      5,60      0,00 1478124976  122820   0,76  antigravity
18:57:39     1000     10187     32,60      0,00 1461358904  158648   0,98  antigravity
18:57:39     1000     36101      8,80      0,00    6052    5092   0,03  pidstat
18:57:39     1000     36132     21,20      0,00 6043924  217456   1,34  java

18:57:34      UID       PID   kB_rd/s   kB_wr/s kB_ccwr/s iodelay  Command
18:57:39     1000     10122      0,00      0,80      0,00       0  antigravity
18:57:39     1000     36101      0,00      1,38      0,00       0  pidstat
18:57:39     1000     36132      0,00      0,03      0,00       0  java

18:57:39      UID       PID    %usr %system  %guest   %wait    %CPU   CPU  Command
18:57:44        0        17    0,00    0,20    0,00    0,00    0,20     0  ksoftirqd/0
18:57:44        0        45    0,00    0,20    0,00    0,00    0,20     4  ksoftirqd/4
18:57:44        0      1457    0,20    0,20    0,00    0,00    0,40     5  glances
18:57:44        0      1468    0,20    0,00    0,00    0,00    0,20     7  tailscaled
18:57:44        0      1489    0,40    0,20    0,00    0,00    0,60     4  containerd
18:57:44        0      2351    0,40    0,20    0,00    0,00    0,60     3  dockerd
18:57:44      117      2352    0,60    0,40    0,00    0,00    1,00     3  grafana
18:57:44        0      3170    0,40    0,20    0,00    0,00    0,60     3  mount.ntfs-3g
18:57:44        0      3207    0,20    0,00    0,00    0,00    0,20     6  containerd-shim
18:57:44        0      3227    0,20    0,00    0,00    0,00    0,20     3  containerd-shim
18:57:44        0      3246    0,20    0,00    0,00    0,00    0,20     0  containerd-shim
18:57:44      999      3405    0,40    0,00    0,00    0,00    0,40     7  redis-server
18:57:44     1000      9024    0,60    0,40    0,00    0,00    1,00     7  gnome-shell
18:57:44     1000      9700    0,20    0,00    0,00    0,00    0,20     4  antigravity
18:57:44     1000      9756    0,20    0,20    0,00    0,00    0,40     3  antigravity
18:57:44     1000      9830    1,00    0,40    0,00    0,00    1,40     2  antigravity
18:57:44     1000     10074    1,20    1,60    0,00    0,00    2,80     5  language_server
18:57:44     1000     10121    0,20    0,00    0,00    0,00    0,20     6  antigravity
18:57:44     1000     10122    1,00    0,40    0,00    0,00    1,40     6  antigravity
18:57:44     1000     10187    0,60    0,00    0,00    0,00    0,60     6  antigravity
18:57:44     1000     11152    1,40    1,40    0,00    0,00    2,80     3  language_server
18:57:44        0     32097    0,00    0,20    0,00    0,00    0,20     4  kworker/4:0-events
18:57:44     1000     36101    0,00    0,40    0,00    0,00    0,40     6  pidstat
18:57:44     1000     36132    2,40    0,20    0,00    0,00    2,60     7  java

18:57:39      UID       PID  minflt/s  majflt/s     VSZ     RSS   %MEM  Command
18:57:44        0      3207     11,60      0,00 1235608   15792   0,10  containerd-shim
18:57:44        0      3227     12,80      0,00 1235352   14904   0,09  containerd-shim
18:57:44        0      3240      5,60      0,00 1235608   15492   0,10  containerd-shim
18:57:44        0      3246      2,80      0,00 1235608   15612   0,10  containerd-shim
18:57:44        0      3261      7,20      0,00 1235608   16040   0,10  containerd-shim
18:57:44     1000      9024      6,40      0,00 4676764  275572   1,70  gnome-shell
18:57:44     1000      9700     53,20      0,00 1461692876  303956   1,87  antigravity
18:57:44     1000      9756     26,00      0,00 34337132  165420   1,02  antigravity
18:57:44     1000      9767      0,60      0,00 33906012   82040   0,51  antigravity
18:57:44     1000      9830    244,40      0,00 1461371884  495468   3,05  antigravity
18:57:44     1000     10074     34,60      0,00 5034116  368576   2,27  language_server
18:57:44     1000     10109      0,20      0,00 33951332   64948   0,40  antigravity
18:57:44     1000     10121      2,00      0,00 1461391740  124944   0,77  antigravity
18:57:44     1000     10122    313,00      0,00 1461343128  285196   1,76  antigravity
18:57:44     1000     10186      2,80      0,00 1478124976  122820   0,76  antigravity
18:57:44     1000     10187     34,20      0,00 1461358904  158932   0,98  antigravity
18:57:44     1000     36101      0,00      0,00    6008    5092   0,03  pidstat
18:57:44     1000     36132     10,40      0,00 6043924  217712   1,34  java

18:57:39      UID       PID   kB_rd/s   kB_wr/s kB_ccwr/s iodelay  Command
18:57:44     1000     36101      0,00      1,00      0,00       0  pidstat
18:57:44     1000     36132      0,00      1,60      0,00       0  java

18:57:44      UID       PID    %usr %system  %guest   %wait    %CPU   CPU  Command
18:57:49        0         1    0,20    0,00    0,00    0,00    0,20     6  systemd
18:57:49        0        86    0,00    0,20    0,00    0,00    0,20     0  irq/9-acpi
18:57:49      990       905    0,80    0,00    0,00    0,00    0,80     4  dbus-daemon
18:57:49      115       926    1,20    0,60    0,00    0,00    1,80     5  prometheus-node
18:57:49      115       927    0,00    0,20    0,00    0,00    0,20     4  prometheus
18:57:49        0      1457    0,20    0,00    0,00    0,00    0,20     5  glances
18:57:49        0      1468    0,00    0,20    0,00    0,00    0,20     7  tailscaled
18:57:49        0      1489    0,40    0,00    0,00    0,00    0,40     4  containerd
18:57:49        0      2351    0,40    0,40    0,00    0,00    0,80     3  dockerd
18:57:49      117      2352    0,40    0,40    0,00    0,00    0,80     3  grafana
18:57:49        0      3170    0,40    0,60    0,00    0,00    1,00     7  mount.ntfs-3g
18:57:49        0      3207    0,00    0,20    0,00    0,00    0,20     6  containerd-shim
18:57:49        0      3240    0,00    0,20    0,00    0,00    0,20     1  containerd-shim
18:57:49        0      3261    0,00    0,20    0,00    0,00    0,20     3  containerd-shim
18:57:49      999      3405    0,20    0,20    0,00    0,00    0,40     4  redis-server
18:57:49     1000      9024    0,40    0,20    0,00    0,00    0,60     2  gnome-shell
18:57:49     1000      9700    0,20    0,20    0,00    0,00    0,40     1  antigravity
18:57:49     1000      9756    0,20    0,00    0,00    0,00    0,20     3  antigravity
18:57:49     1000      9830   12,20    0,40    0,00    0,00   12,60     6  antigravity
18:57:49     1000     10074    1,40    1,40    0,00    0,00    2,80     2  language_server
18:57:49     1000     10121    0,20    0,20    0,00    0,00    0,40     6  antigravity
18:57:49     1000     10122    0,80    0,60    0,00    0,00    1,40     0  antigravity
18:57:49     1000     10187    0,60    0,00    0,00    0,00    0,60     3  antigravity
18:57:49     1000     11152    0,80    1,80    0,00    0,20    2,60     2  language_server
18:57:49     1000     36101    0,00    0,20    0,00    0,00    0,20     6  pidstat
18:57:49     1000     36132    3,00    0,20    0,00    0,00    3,20     7  java

18:57:44      UID       PID  minflt/s  majflt/s     VSZ     RSS   %MEM  Command
18:57:49      115       926     50,00      0,00 1687812   25108   0,15  prometheus-node
18:57:49      115       927      0,40      0,00 2702228  118184   0,73  prometheus
18:57:49        0      1489      0,00      0,00 2242640   65340   0,40  containerd
18:57:49        0      2351      4,40      0,00 3433248  108444   0,67  dockerd
18:57:49        0      3207      5,00      0,00 1235608   15384   0,09  containerd-shim
18:57:49        0      3227      1,40      0,00 1235352   14904   0,09  containerd-shim
18:57:49        0      3240      1,40      0,00 1235608   15492   0,10  containerd-shim
18:57:49        0      3246      0,40      0,00 1235608   15740   0,10  containerd-shim
18:57:49        0      3261      0,20      0,00 1235608   16040   0,10  containerd-shim
18:57:49     1000      9024      0,60      0,00 4672668  275572   1,70  gnome-shell
18:57:49     1000      9700     55,80      0,00 1461692876  304540   1,88  antigravity
18:57:49     1000      9756      6,40      0,00 34336876  165000   1,02  antigravity
18:57:49     1000      9767      0,60      0,00 33906012   82040   0,51  antigravity
18:57:49     1000      9830    406,80      0,00 1461371884  488348   3,01  antigravity
18:57:49     1000     10109      0,20      0,00 33951332   64948   0,40  antigravity
18:57:49     1000     10121      2,20      0,00 1461391740  124944   0,77  antigravity
18:57:49     1000     10122    349,20      0,00 1461343128  285624   1,76  antigravity
18:57:49     1000     10186      2,80      0,00 1478124976  122820   0,76  antigravity
18:57:49     1000     10187     39,20      0,00 1461358904  159572   0,98  antigravity
18:57:49     1000     36132     20,60      0,00 6043924  218352   1,35  java

18:57:44      UID       PID   kB_rd/s   kB_wr/s kB_ccwr/s iodelay  Command
18:57:49     1000     36101      0,00      0,79      0,00       0  pidstat

18:57:49      UID       PID    %usr %system  %guest   %wait    %CPU   CPU  Command
18:57:54        0        18    0,00    0,20    0,00    0,00    0,20     7  rcu_preempt
18:57:54        0       721    0,00    0,20    0,00    0,00    0,20     0  kworker/u33:2-i915_flip
18:57:54      115       927    0,20    0,00    0,00    0,00    0,20     4  prometheus
18:57:54        0      1457    0,20    0,00    0,00    0,00    0,20     5  glances
18:57:54        0      1489    0,20    0,00    0,00    0,00    0,20     4  containerd
18:57:54        0      2351    0,40    0,00    0,00    0,00    0,40     3  dockerd
18:57:54      117      2352    0,60    0,40    0,00    0,00    1,00     3  grafana
18:57:54        0      3170    0,20    0,40    0,00    0,00    0,60     7  mount.ntfs-3g
18:57:54        0      3207    0,20    0,00    0,00    0,00    0,20     6  containerd-shim
18:57:54        0      3227    0,00    0,20    0,00    0,00    0,20     3  containerd-shim
18:57:54        0      3246    0,00    0,20    0,00    0,00    0,20     0  containerd-shim
18:57:54      999      3405    0,40    0,00    0,00    0,00    0,40     1  redis-server
18:57:54     1000      9024    0,80    0,20    0,00    0,00    1,00     5  gnome-shell
18:57:54     1000      9700    0,20    0,20    0,00    0,00    0,40     5  antigravity
18:57:54     1000      9756    0,20    0,20    0,00    0,00    0,40     4  antigravity
18:57:54     1000      9830    1,40    0,00    0,00    0,00    1,40     7  antigravity
18:57:54     1000     10074    1,40    1,80    0,00    0,00    3,20     5  language_server
18:57:54     1000     10122    1,20    0,20    0,00    0,00    1,40     0  antigravity
18:57:54     1000     10187    0,60    0,00    0,00    0,00    0,60     3  antigravity
18:57:54     1000     11152    1,40    1,60    0,00    0,00    3,00     4  language_server
18:57:54     1000     36101    0,00    0,40    0,00    0,00    0,40     6  pidstat
18:57:54     1000     36132    1,80    0,00    0,00    0,00    1,80     7  java

18:57:49      UID       PID  minflt/s  majflt/s     VSZ     RSS   %MEM  Command
18:57:54        0      3207      6,80      0,00 1235608   14968   0,09  containerd-shim
18:57:54        0      3227      7,20      0,00 1235352   14528   0,09  containerd-shim
18:57:54        0      3240      5,80      0,00 1235608   15092   0,09  containerd-shim
18:57:54        0      3246      7,40      0,00 1235608   15492   0,10  containerd-shim
18:57:54        0      3261      8,80      0,00 1235608   15040   0,09  containerd-shim
18:57:54     1000      9024      6,60      0,00 4672732  275572   1,70  gnome-shell
18:57:54     1000      9700     59,00      0,00 1461692876  303848   1,87  antigravity
18:57:54     1000      9756      7,20      0,00 34336876  165128   1,02  antigravity
18:57:54     1000      9767      1,20      0,00 33906012   82040   0,51  antigravity
18:57:54     1000      9830    251,00      0,00 1461371884  487984   3,01  antigravity
18:57:54     1000      9890      0,80      0,00 1459609232  173768   1,07  antigravity
18:57:54     1000     10109      0,40      0,00 33951332   64948   0,40  antigravity
18:57:54     1000     10121      2,20      0,00 1461391740  124944   0,77  antigravity
18:57:54     1000     10122    310,40      0,00 1461343128  286664   1,77  antigravity
18:57:54     1000     10186      2,80      0,00 1478124976  122820   0,76  antigravity
18:57:54     1000     10187     30,80      0,00 1461358904  159600   0,98  antigravity
18:57:54     1000     36132      7,00      0,00 6043924  218352   1,35  java

18:57:49      UID       PID   kB_rd/s   kB_wr/s kB_ccwr/s iodelay  Command
18:57:54     1000     36101      0,00      0,84      0,00       0  pidstat
18:57:54     1000     36132      0,00      1,60      0,00       0  java

18:57:54      UID       PID    %usr %system  %guest   %wait    %CPU   CPU  Command
18:57:59        0        27    0,00    0,20    0,00    0,00    0,20     1  ksoftirqd/1
18:57:59        0      1489    0,40    0,00    0,00    0,00    0,40     4  containerd
18:57:59        0      2351    0,20    0,20    0,00    0,00    0,40     3  dockerd
18:57:59      117      2352    0,40    0,60    0,00    0,00    1,00     3  grafana
18:57:59        0      3170    0,20    0,40    0,00    0,00    0,60     6  mount.ntfs-3g
18:57:59        0      3227    0,20    0,00    0,00    0,00    0,20     3  containerd-shim
18:57:59        0      3240    0,20    0,20    0,00    0,00    0,40     1  containerd-shim
18:57:59        0      3246    0,20    0,00    0,00    0,00    0,20     0  containerd-shim
18:57:59      999      3405    0,20    0,20    0,00    0,00    0,40     1  redis-server
18:57:59     1000      9024    0,40    0,00    0,00    0,00    0,40     2  gnome-shell
18:57:59     1000      9700    0,20    0,20    0,00    0,00    0,40     2  antigravity
18:57:59     1000      9756    0,40    0,00    0,00    0,00    0,40     4  antigravity
18:57:59     1000      9830    1,40    0,20    0,00    0,00    1,60     7  antigravity
18:57:59     1000     10074    1,60    1,40    0,00    0,00    3,00     1  language_server
18:57:59     1000     10121    0,20    0,00    0,00    0,00    0,20     6  antigravity
18:57:59     1000     10122    1,00    0,60    0,00    0,00    1,60     4  antigravity
18:57:59     1000     10187    0,40    0,00    0,00    0,00    0,40     3  antigravity
18:57:59     1000     11152    1,40    1,40    0,00    0,00    2,80     6  language_server
18:57:59     1000     36101    0,20    0,40    0,00    0,00    0,60     6  pidstat
18:57:59     1000     36132    2,20    0,00    0,00    0,00    2,20     7  java

18:57:54      UID       PID  minflt/s  majflt/s     VSZ     RSS   %MEM  Command
18:57:59        0      3207     11,40      0,00 1235608   14968   0,09  containerd-shim
18:57:59        0      3227     11,00      0,00 1235352   14784   0,09  containerd-shim
18:57:59        0      3240     11,60      0,00 1235608   15092   0,09  containerd-shim
18:57:59        0      3246     10,00      0,00 1235608   15492   0,10  containerd-shim
18:57:59        0      3261     11,40      0,00 1235608   15424   0,10  containerd-shim
18:57:59     1000      9024      0,40      0,00 4672668  275572   1,70  gnome-shell
18:57:59     1000      9700     56,80      0,00 1461692876  303844   1,87  antigravity
18:57:59     1000      9756     24,00      0,00 34336876  165384   1,02  antigravity
18:57:59     1000      9767      0,60      0,00 33906012   82040   0,51  antigravity
18:57:59     1000      9830    253,00      0,00 1461371884  489468   3,02  antigravity
18:57:59     1000     10109      0,20      0,00 33951332   64948   0,40  antigravity
18:57:59     1000     10121      4,20      0,00 1461391740  125072   0,77  antigravity
18:57:59     1000     10122    382,80      0,00 1461343128  285152   1,76  antigravity
18:57:59     1000     10186      5,60      0,00 1478124976  122820   0,76  antigravity
18:57:59     1000     10187     45,20      0,00 1461358904  159732   0,98  antigravity
18:57:59     1000     36132      4,60      0,00 6043924  218480   1,35  java

18:57:54      UID       PID   kB_rd/s   kB_wr/s kB_ccwr/s iodelay  Command
18:57:59     1000     36101      0,00      0,74      0,00       0  pidstat
18:57:59     1000     36132      0,00      1,60      0,00       0  java

18:57:59      UID       PID    %usr %system  %guest   %wait    %CPU   CPU  Command
18:58:04        0         1    0,20    0,00    0,00    0,00    0,20     1  systemd
18:58:04        0        86    0,00    0,20    0,00    0,00    0,20     0  irq/9-acpi
18:58:04      990       905    0,80    0,00    0,00    0,00    0,80     5  dbus-daemon
18:58:04      986       922    0,00    0,20    0,00    0,00    0,20     1  polkitd
18:58:04      115       926    1,00    0,60    0,00    0,00    1,60     5  prometheus-node
18:58:04      115       927    0,20    0,00    0,00    0,00    0,20     4  prometheus
18:58:04        0      1457    0,20    0,00    0,00    0,00    0,20     5  glances
18:58:04        0      1468    0,20    0,20    0,00    0,00    0,40     7  tailscaled
18:58:04        0      1479    0,00    0,20    0,00    0,00    0,20     6  anydesk
18:58:04        0      1489    0,40    0,20    0,00    0,00    0,60     4  containerd
18:58:04        0      2351    0,40    0,00    0,00    0,00    0,40     3  dockerd
18:58:04      117      2352    0,60    0,40    0,00    0,00    1,00     3  grafana
18:58:04        0      3170    0,60    0,20    0,00    0,00    0,80     1  mount.ntfs-3g
18:58:04        0      3207    0,20    0,00    0,00    0,00    0,20     6  containerd-shim
18:58:04        0      3227    0,00    0,20    0,00    0,00    0,20     3  containerd-shim
18:58:04        0      3246    0,00    0,20    0,00    0,00    0,20     0  containerd-shim
18:58:04        0      3261    0,20    0,20    0,00    0,00    0,40     3  containerd-shim
18:58:04      999      3405    0,40    0,00    0,00    0,00    0,40     4  redis-server
18:58:04     1000      9024    0,80    0,40    0,00    0,00    1,20     5  gnome-shell
18:58:04     1000      9700    0,20    0,20    0,00    0,00    0,40     0  antigravity
18:58:04     1000      9756    0,20    0,20    0,00    0,00    0,40     4  antigravity
18:58:04     1000      9830    1,60    0,20    0,00    0,00    1,80     3  antigravity
18:58:04     1000     10074    1,20    1,40    0,00    0,00    2,60     2  language_server
18:58:04     1000     10121    0,20    0,20    0,00    0,00    0,40     3  antigravity
18:58:04     1000     10122    1,00    0,40    0,00    0,00    1,40     7  antigravity
18:58:04     1000     10187    0,40    0,20    0,00    0,00    0,60     2  antigravity
18:58:04     1000     11152    1,60    1,40    0,00    0,00    3,00     5  language_server
18:58:04        0     33252    0,00    0,20    0,00    0,00    0,20     0  kworker/0:2-events_freezable
18:58:04     1000     36101    0,00    0,20    0,00    0,00    0,20     6  pidstat
18:58:04     1000     36132    3,60    0,20    0,00    0,00    3,80     7  java

18:57:59      UID       PID  minflt/s  majflt/s     VSZ     RSS   %MEM  Command
18:58:04      115       926     85,20      0,00 1687812   25224   0,16  prometheus-node
18:58:04        0      3207     14,60      0,00 1235608   15224   0,09  containerd-shim
18:58:04        0      3227     11,80      0,00 1235352   14912   0,09  containerd-shim
18:58:04        0      3240     12,40      0,00 1235608   15348   0,09  containerd-shim
18:58:04        0      3246     11,60      0,00 1235608   15748   0,10  containerd-shim
18:58:04        0      3261     13,20      0,00 1235608   15552   0,10  containerd-shim
18:58:04     1000      9024      7,00      0,00 4672732  275572   1,70  gnome-shell
18:58:04     1000      9700     56,40      0,00 1461692876  304048   1,87  antigravity
18:58:04     1000      9756     10,80      0,00 34337068  164992   1,02  antigravity
18:58:04     1000      9767      0,60      0,00 33906012   82040   0,51  antigravity
18:58:04     1000      9830    250,00      0,00 1461371884  492120   3,03  antigravity
18:58:04     1000     10074     56,00      0,00 5034116  369216   2,27  language_server
18:58:04     1000     10109      0,20      0,00 33951332   64948   0,40  antigravity
18:58:04     1000     10121     92,60      0,00 1461391740  125072   0,77  antigravity
18:58:04     1000     10122    355,00      0,00 1461343128  285704   1,76  antigravity
18:58:04     1000     10186      2,80      0,00 1478124976  122820   0,76  antigravity
18:58:04     1000     10187     28,20      0,00 1461358904  159888   0,98  antigravity
18:58:04     1000     36132     15,40      0,00 6043924  218864   1,35  java

18:57:59      UID       PID   kB_rd/s   kB_wr/s kB_ccwr/s iodelay  Command
18:58:04     1000     36101      0,00      0,69      0,00       0  pidstat
18:58:04     1000     36132      0,00      0,06      0,00       0  java

18:58:04      UID       PID    %usr %system  %guest   %wait    %CPU   CPU  Command
18:58:09        0      1457    0,20    0,00    0,00    0,00    0,20     5  glances
18:58:09        0      1468    0,20    0,00    0,00    0,00    0,20     7  tailscaled
18:58:09        0      1489    0,40    0,00    0,00    0,00    0,40     4  containerd
18:58:09        0      2351    0,40    0,20    0,00    0,00    0,60     3  dockerd
18:58:09      117      2352    0,60    0,40    0,00    0,00    1,00     3  grafana
18:58:09        0      3170    0,20    0,40    0,00    0,00    0,60     4  mount.ntfs-3g
18:58:09      999      3405    0,40    0,00    0,00    0,00    0,40     4  redis-server
18:58:09     1000      9024    0,60    0,00    0,00    0,00    0,60     5  gnome-shell
18:58:09     1000      9700    0,20    0,00    0,00    0,00    0,20     7  antigravity
18:58:09     1000      9756    0,20    0,00    0,00    0,00    0,20     3  antigravity
18:58:09     1000      9830   12,20    0,20    0,00    0,40   12,40     6  antigravity
18:58:09     1000     10074    1,80    1,00    0,00    0,20    2,80     0  language_server
18:58:09     1000     10121    0,40    0,20    0,00    0,00    0,60     4  antigravity
18:58:09     1000     10122    9,00    1,00    0,00    0,40   10,00     0  antigravity
18:58:09     1000     10187    0,60    0,00    0,00    0,00    0,60     2  antigravity
18:58:09     1000     11152    1,20    1,60    0,00    0,00    2,80     1  language_server
18:58:09     1000     36101    0,20    0,40    0,00    0,00    0,60     6  pidstat
18:58:09     1000     36132    0,60    0,00    0,00    0,00    0,60     7  java

18:58:04      UID       PID  minflt/s  majflt/s     VSZ     RSS   %MEM  Command
18:58:09      115       927      0,20      0,00 2702228  118184   0,73  prometheus
18:58:09        0      3207      0,60      0,00 1235608   15224   0,09  containerd-shim
18:58:09        0      3227      1,80      0,00 1235352   14912   0,09  containerd-shim
18:58:09        0      3240      6,20      0,00 1235608   15476   0,10  containerd-shim
18:58:09        0      3246      0,60      0,00 1235608   15748   0,10  containerd-shim
18:58:09        0      3261      0,20      0,00 1235608   15552   0,10  containerd-shim
18:58:09     1000      9024      0,20      0,00 4672668  275572   1,70  gnome-shell
18:58:09     1000      9700     52,80      0,00 1461692876  304548   1,88  antigravity
18:58:09     1000      9756      6,40      0,00 34336940  164992   1,02  antigravity
18:58:09     1000      9767      0,60      0,00 33906012   82040   0,51  antigravity
18:58:09     1000      9830    425,40      0,00 1461371884  489168   3,01  antigravity
18:58:09     1000     10109      0,20      0,00 33951332   64948   0,40  antigravity
18:58:09     1000     10121    126,40      0,00 1461391740  125316   0,77  antigravity
18:58:09     1000     10122   1003,40      0,00 1461343128  286024   1,76  antigravity
18:58:09     1000     10186      2,80      0,00 1478124976  122820   0,76  antigravity
18:58:09     1000     10187     40,80      0,00 1461358904  160656   0,99  antigravity
18:58:09     1000     29312      0,20      0,00 1459530528   88312   0,54  antigravity
18:58:09     1000     36132      3,60      0,00 6043924  218864   1,35  java

18:58:04      UID       PID   kB_rd/s   kB_wr/s kB_ccwr/s iodelay  Command
18:58:09     1000     10122      0,00      0,80      0,00       0  antigravity
18:58:09     1000     36101      0,00      0,89      0,00       0  pidstat
18:58:09     1000     36132      0,00      1,62      0,00       0  java

18:58:09      UID       PID    %usr %system  %guest   %wait    %CPU   CPU  Command
18:58:14      115       927    0,20    0,20    0,00    0,00    0,40     4  prometheus
18:58:14        0      1489    0,20    0,20    0,00    0,00    0,40     4  containerd
18:58:14        0      2351    0,20    0,40    0,00    0,00    0,60     3  dockerd
18:58:14      117      2352    0,40    0,40    0,00    0,00    0,80     3  grafana
18:58:14        0      3170    0,80    0,20    0,00    0,00    1,00     4  mount.ntfs-3g
18:58:14        0      3240    0,20    0,00    0,00    0,00    0,20     1  containerd-shim
18:58:14      999      3405    0,40    0,00    0,00    0,00    0,40     4  redis-server
18:58:14     1000      9024    1,00    0,00    0,00    0,00    1,00     6  gnome-shell
18:58:14     1000      9700    0,20    0,20    0,00    0,00    0,40     4  antigravity
18:58:14     1000      9756    0,20    0,20    0,00    0,00    0,40     3  antigravity
18:58:14     1000      9830    1,80    0,00    0,00    0,00    1,80     7  antigravity
18:58:14     1000     10074    1,40    1,60    0,00    0,00    3,00     7  language_server
18:58:14     1000     10121    0,20    0,00    0,00    0,00    0,20     7  antigravity
18:58:14     1000     10122    1,40    0,20    0,00    0,00    1,60     6  antigravity
18:58:14     1000     10186    0,00    0,20    0,00    0,00    0,20     0  antigravity
18:58:14     1000     10187    2,00    0,20    0,00    0,00    2,20     1  antigravity
18:58:14     1000     11152    1,40    1,40    0,00    0,00    2,80     4  language_server
18:58:14     1000     36101    0,20    0,20    0,00    0,00    0,40     6  pidstat
18:58:14     1000     36132   13,20    0,60    0,00    0,00   13,80     7  java

18:58:09      UID       PID  minflt/s  majflt/s     VSZ     RSS   %MEM  Command
18:58:14        0      3207      0,40      0,00 1235608   15224   0,09  containerd-shim
18:58:14        0      3240      0,60      0,00 1235608   15476   0,10  containerd-shim
18:58:14        0      3246      7,60      0,00 1235608   15876   0,10  containerd-shim
18:58:14        0      3261      0,80      0,00 1235608   15552   0,10  containerd-shim
18:58:14     1000      9024      7,00      0,00 4672732  275444   1,70  gnome-shell
18:58:14     1000      9700     62,80      0,00 1461692876  303864   1,87  antigravity
18:58:14     1000      9756     28,80      0,00 34336876  165248   1,02  antigravity
18:58:14     1000      9767      1,20      0,00 33906012   82040   0,51  antigravity
18:58:14     1000      9830    262,60      0,00 1461371884  490428   3,02  antigravity
18:58:14     1000     10109      0,40      0,00 33951332   64948   0,40  antigravity
18:58:14     1000     10121     15,40      0,00 1461391740  125316   0,77  antigravity
18:58:14     1000     10122    405,00      0,00 1461343128  286436   1,76  antigravity
18:58:14     1000     10186      2,80      0,00 1478124976  122820   0,76  antigravity
18:58:14     1000     10187     40,20      0,00 1461358904  158144   0,97  antigravity
18:58:14     1000     36132    565,40      0,00 6032616  234816   1,45  java

18:58:09      UID       PID   kB_rd/s   kB_wr/s kB_ccwr/s iodelay  Command
18:58:14     1000     10122      0,00      0,80      0,00       0  antigravity
18:58:14     1000     36101      0,00      0,70      0,00       0  pidstat
18:58:14     1000     36132      0,00     27,21      0,00       0  java

Rata-rata:    UID       PID    %usr %system  %guest   %wait    %CPU   CPU  Command
Rata-rata:      0         1    0,09    0,02    0,00    0,00    0,11     -  systemd
Rata-rata:      0        17    0,00    0,02    0,00    0,00    0,02     -  ksoftirqd/0
Rata-rata:      0        18    0,00    0,03    0,00    0,03    0,03     -  rcu_preempt
Rata-rata:      0        27    0,00    0,02    0,00    0,00    0,02     -  ksoftirqd/1
Rata-rata:      0        33    0,00    0,02    0,00    0,00    0,02     -  ksoftirqd/2
Rata-rata:      0        45    0,00    0,02    0,00    0,00    0,02     -  ksoftirqd/4
Rata-rata:      0        86    0,00    0,05    0,00    0,00    0,05     -  irq/9-acpi
Rata-rata:      0       212    0,00    0,02    0,00    0,00    0,02     -  kworker/2:1H-kblockd
Rata-rata:      0       381    0,00    0,02    0,00    0,00    0,02     -  systemd-journal
Rata-rata:      0       413    0,02    0,02    0,00    0,02    0,03     -  systemd-udevd
Rata-rata:      0       721    0,00    0,03    0,00    0,12    0,03     -  kworker/u33:2-i915_flip
Rata-rata:    990       905    0,28    0,02    0,00    0,00    0,29     -  dbus-daemon
Rata-rata:    986       922    0,02    0,02    0,00    0,00    0,03     -  polkitd
Rata-rata:    115       926    0,34    0,15    0,00    0,00    0,49     -  prometheus-node
Rata-rata:    115       927    0,09    0,06    0,00    0,00    0,15     -  prometheus
Rata-rata:      0      1052    0,02    0,00    0,00    0,00    0,02     -  NetworkManager
Rata-rata:      0      1457    0,12    0,02    0,00    0,00    0,14     -  glances
Rata-rata:      0      1468    0,12    0,06    0,00    0,00    0,18     -  tailscaled
Rata-rata:      0      1479    0,00    0,03    0,00    0,00    0,03     -  anydesk
Rata-rata:      0      1489    0,37    0,11    0,00    0,00    0,48     -  containerd
Rata-rata:    111      1556    0,00    0,02    0,00    0,00    0,02     -  mariadbd
Rata-rata:      0      2351    0,35    0,23    0,00    0,00    0,58     -  dockerd
Rata-rata:    117      2352    0,60    0,35    0,00    0,00    0,95     -  grafana
Rata-rata:      0      3170    0,34    0,28    0,00    0,00    0,62     -  mount.ntfs-3g
Rata-rata:      0      3207    0,08    0,05    0,00    0,00    0,12     -  containerd-shim
Rata-rata:      0      3227    0,06    0,05    0,00    0,00    0,11     -  containerd-shim
Rata-rata:      0      3240    0,06    0,06    0,00    0,00    0,12     -  containerd-shim
Rata-rata:      0      3246    0,08    0,05    0,00    0,00    0,12     -  containerd-shim
Rata-rata:      0      3261    0,05    0,08    0,00    0,00    0,12     -  containerd-shim
Rata-rata:     70      3383    0,02    0,00    0,00    0,00    0,02     -  postgres
Rata-rata:    999      3405    0,38    0,05    0,00    0,02    0,43     -  redis-server
Rata-rata:   1000      8864    0,03    0,02    0,00    0,00    0,05     -  systemd
Rata-rata:   1000      8888    0,00    0,02    0,00    0,00    0,02     -  dbus-daemon
Rata-rata:   1000      9024    0,83    0,25    0,00    0,02    1,08     -  gnome-shell
Rata-rata:   1000      9138    0,02    0,00    0,00    0,00    0,02     -  gsd-housekeepin
Rata-rata:   1000      9162    0,02    0,00    0,00    0,00    0,02     -  gsd-sharing
Rata-rata:   1000      9166    0,02    0,00    0,00    0,03    0,02     -  gnome-software
Rata-rata:   1000      9200    0,00    0,02    0,00    0,00    0,02     -  anydesk
Rata-rata:   1000      9366    0,00    0,02    0,00    0,00    0,02     -  goa-daemon
Rata-rata:   1000      9493    0,02    0,00    0,00    0,00    0,02     -  xdg-desktop-por
Rata-rata:   1000      9700    0,32    0,18    0,00    0,00    0,51     -  antigravity
Rata-rata:   1000      9756    0,32    0,17    0,00    0,02    0,49     -  antigravity
Rata-rata:   1000      9830    4,52    0,22    0,00    0,06    4,74     -  antigravity
Rata-rata:   1000     10074    1,48    1,35    0,00    1,45    2,83     -  language_server
Rata-rata:   1000     10121    0,22    0,11    0,00    0,00    0,32     -  antigravity
Rata-rata:   1000     10122    1,54    0,37    0,00    0,05    1,91     -  antigravity
Rata-rata:   1000     10186    0,00    0,02    0,00    0,00    0,02     -  antigravity
Rata-rata:   1000     10187    0,86    0,09    0,00    0,02    0,95     -  antigravity
Rata-rata:   1000     11152    1,45    1,37    0,00    0,03    2,81     -  language_server
Rata-rata:      0     16329    0,00    0,02    0,00    0,00    0,02     -  kworker/u32:2-events_unbound
Rata-rata:      0     25979    0,00    0,02    0,00    0,00    0,02     -  kworker/u32:4-events_unbound
Rata-rata:      0     31777    0,02    0,00    0,00    0,02    0,02     -  kworker/3:0-events
Rata-rata:      0     31798    0,02    0,00    0,00    0,02    0,02     -  kworker/1:2-mm_percpu_wq
Rata-rata:      0     32097    0,00    0,02    0,00    0,02    0,02     -  kworker/4:0-mm_percpu_wq
Rata-rata:      0     33252    0,00    0,05    0,00    0,03    0,05     -  kworker/0:2-rcu_gp
Rata-rata:      0     33395    0,02    0,00    0,00    0,00    0,02     -  kworker/5:3-events
Rata-rata:      0     34004    0,00    0,02    0,00    0,02    0,02     -  kworker/2:1-events
Rata-rata:   1000     36101    0,11    0,31    0,00    0,00    0,42     -  pidstat
Rata-rata:   1000     36132   10,29    0,58    0,00    0,00   10,87     -  java

Rata-rata:    UID       PID  minflt/s  majflt/s     VSZ     RSS   %MEM  Command
Rata-rata:      0       381      3,54      0,00  136916   82520   0,51  systemd-journal
Rata-rata:      0       413      8,64      0,00   37696   11516   0,07  systemd-udevd
Rata-rata:    115       926     22,84      0,00 1687812   25026   0,15  prometheus-node
Rata-rata:    115       927      0,63      0,00 2702228  118184   0,73  prometheus
Rata-rata:      0      1468      8,83      0,00 1421636  103648   0,64  tailscaled
Rata-rata:      0      1489      0,68      0,00 2242640   65448   0,40  containerd
Rata-rata:    114      1588      0,38      0,00  218252   30140   0,19  postgres
Rata-rata:      0      2351      0,34      0,00 3433248  108444   0,67  dockerd
Rata-rata:    117      2352      0,23      0,00 1830016  333786   2,06  grafana
Rata-rata:      0      3207      7,34      0,00 1235608   15365   0,09  containerd-shim
Rata-rata:      0      3227      6,98      0,00 1235352   14756   0,09  containerd-shim
Rata-rata:      0      3240      6,77      0,00 1235608   15314   0,09  containerd-shim
Rata-rata:      0      3246      7,32      0,00 1235608   15571   0,10  containerd-shim
Rata-rata:      0      3261      7,46      0,00 1235608   15689   0,10  containerd-shim
Rata-rata:     70      3383      0,34      0,00  174540   26160   0,16  postgres
Rata-rata:   1000      9024      3,97      0,00 4674898  275542   1,70  gnome-shell
Rata-rata:   1000      9700     57,17      0,00 1461692876  304023   1,87  antigravity
Rata-rata:   1000      9756     11,30      0,00 34333795  165124   1,02  antigravity
Rata-rata:   1000      9767      0,78      0,00 33906012   82040   0,51  antigravity
Rata-rata:   1000      9830    241,38      0,00 1461371845  489649   3,02  antigravity
Rata-rata:   1000      9890      0,06      0,00 1459609232  173768   1,07  antigravity
Rata-rata:   1000     10074      6,97      0,00 5034116  368428   2,27  language_server
Rata-rata:   1000     10109      0,26      0,00 33951332   64948   0,40  antigravity
Rata-rata:   1000     10121     47,75      0,00 1461391740  124962   0,77  antigravity
Rata-rata:   1000     10122    277,26      0,00 1461343128  285552   1,76  antigravity
Rata-rata:   1000     10186      3,46      0,00 1478124976  122820   0,76  antigravity
Rata-rata:   1000     10187     31,35      0,00 1461358904  159016   0,98  antigravity
Rata-rata:   1000     11274      0,02      0,00 1459530528   92980   0,57  antigravity
Rata-rata:   1000     29312      0,02      0,00 1459530528   88312   0,54  antigravity
Rata-rata:   1000     36101      0,75      0,00    5978    5043   0,03  pidstat
Rata-rata:   1000     36102      0,29      0,00    2676    1668   0,01  jmeter
Rata-rata:   1000     36132    492,88      0,00 6043054  218486   1,35  java

Rata-rata:    UID       PID   kB_rd/s   kB_wr/s kB_ccwr/s iodelay  Command
Rata-rata:   1000     10122      0,00      0,18      0,00       0  antigravity
Rata-rata:   1000     36101      0,00      0,79      0,00       0  pidstat
Rata-rata:   1000     36132      0,00      3,06      0,00       0  java
