Linux 6.12.96+deb13-amd64 (debian) 	29/07/26 	_x86_64_	(8 CPU)

23:40:53      UID       PID    %usr %system  %guest   %wait    %CPU   CPU  Command
23:40:58        0        18    0,00    0,20    0,00    0,00    0,20     3  rcu_preempt
23:40:58        0        57    0,00    0,99    0,00    0,00    0,99     6  ksoftirqd/6
23:40:58        0        58    0,00    0,60    0,00    1,19    0,60     6  kworker/6:0-i915-unordered
23:40:58        0       256    0,00    0,20    0,00    0,20    0,20     2  kworker/2:3-mm_percpu_wq
23:40:58        0      1646    0,20    0,00    0,00    0,00    0,20     6  glances
23:40:58        0      1654    0,40    0,00    0,00    0,00    0,40     5  tailscaled
23:40:58        0      1668    0,40    0,00    0,00    0,00    0,40     3  containerd
23:40:58        0      2676    0,00    0,40    0,00    0,00    0,40     1  dockerd
23:40:58      117      2677    0,60    0,20    0,00    0,20    0,80     6  grafana
23:40:58        0      3027    1,19    0,60    0,00    0,00    1,79     3  mount.ntfs-3g
23:40:58        0      3075    0,00    0,20    0,00    0,00    0,20     3  containerd-shim
23:40:58        0      3120    0,20    0,20    0,00    0,00    0,40     4  containerd-shim
23:40:58      999      3241    0,40    0,00    0,00    0,00    0,40     3  redis-server
23:40:58     1000      4003    0,00    0,20    0,00    0,00    0,20     3  pipewire
23:40:58     1000      4009    0,00    0,20    0,00    0,00    0,20     7  pipewire-pulse
23:40:58     1000      4211    9,34    7,75    0,00    0,20   17,10     4  gnome-shell
23:40:58     1000      5898    4,77    1,39    0,00    0,20    6,16     3  antigravity
23:40:58     1000      5952   10,74    2,58    0,00    0,00   13,32     6  antigravity
23:40:58     1000      6000   17,69    1,39    0,00    0,60   19,09     1  antigravity
23:40:58     1000      6006    0,20    0,20    0,00    0,00    0,40     5  antigravity
23:40:58     1000      6248    1,39    1,39    0,00    0,00    2,78     4  language_server
23:40:58     1000      6302    0,20    0,00    0,00    0,00    0,20     1  antigravity
23:40:58     1000      6334    0,60    0,00    0,00    0,00    0,60     3  antigravity
23:40:58     1000      6366    1,59    0,40    0,00    0,20    1,99     3  antigravity
23:40:58     1000      6381    0,40    0,20    0,00    0,00    0,60     0  antigravity
23:40:58     1000      6409    0,60    0,20    0,00    0,00    0,80     0  antigravity
23:40:58     1000      6708    1,79    0,80    0,00    0,00    2,58     5  language_server
23:40:58     1000      7203    1,59    0,99    0,00    0,00    2,58     3  language_server
23:40:58        0      8594    0,00    0,60    0,00    0,00    0,60     6  kworker/u33:0-i915_flip
23:40:58     1000      9105    0,00    0,20    0,00    0,00    0,20     0  chrome
23:40:58     1000      9152    0,20    0,00    0,00    0,00    0,20     5  chrome
23:40:58     1000      9157    0,20    0,00    0,00    0,00    0,20     5  chrome
23:40:58     1000      9378    1,19    0,00    0,00    0,20    1,19     6  gnome-terminal-
23:40:58     1000      9657    0,20    0,00    0,00   19,88    0,20     3  chrome
23:40:58     1000     10543    0,40    0,00    0,00    0,00    0,40     5  java
23:40:58     1000     10899    0,20    0,00    0,00    0,00    0,20     7  antigravity
23:40:58     1000     11011    0,20    0,20    0,00    0,00    0,40     7  pidstat
23:40:58     1000     11043  115,51    4,77    0,00    0,00  120,28     0  java

23:40:53      UID       PID  minflt/s  majflt/s     VSZ     RSS   %MEM  Command
23:40:58        0      1654      1,19      0,00 1421460   94540   0,58  tailscaled
23:40:58        0      3068     10,74      0,00 1235608   15180   0,09  containerd-shim
23:40:58        0      3075      1,19      0,00 1235608   14748   0,09  containerd-shim
23:40:58        0      3091      8,35      0,00 1235608   16028   0,10  containerd-shim
23:40:58        0      3120      5,77      0,00 1235608   14924   0,09  containerd-shim
23:40:58     1000      4003      0,00      0,00  104864   13616   0,08  pipewire
23:40:58     1000      4009      0,00      0,00  171976   14904   0,09  pipewire-pulse
23:40:58     1000      4211      7,55      0,00 5032952  308620   1,90  gnome-shell
23:40:58     1000      5898     48,11      0,00 1461722228  305124   1,88  antigravity
23:40:58     1000      5952     34,00      0,00 34399852  167796   1,03  antigravity
23:40:58     1000      5963      0,80      0,00 33906396   82644   0,51  antigravity
23:40:58     1000      6000    773,36      0,00 1461388716  408860   2,52  antigravity
23:40:58     1000      6006     27,04      0,00 1459645432  274968   1,69  antigravity
23:40:58     1000      6289      0,20      0,00 33951332   64440   0,40  antigravity
23:40:58     1000      6302      4,37      0,00 1461347888  121132   0,75  antigravity
23:40:58     1000      6303      0,80      0,00 1461367164  112296   0,69  antigravity
23:40:58     1000      6334     22,66      0,00 1461342992  258392   1,59  antigravity
23:40:58     1000      6366    660,04      0,00 1461351388  313636   1,93  antigravity
23:40:58     1000      6381     40,76      0,00 1461358904  154036   0,95  antigravity
23:40:58     1000      6409    125,45      0,00 1461383736  121028   0,75  antigravity
23:40:58     1000      6708      0,60      0,00 4256016  479888   2,96  language_server
23:40:58     1000      9105     13,12      0,00 55451112  385776   2,38  chrome
23:40:58     1000      9152      3,18      0,00 55460668  193164   1,19  chrome
23:40:58     1000      9157     15,90      0,00 54984556  132404   0,82  chrome
23:40:58     1000      9168      0,20      0,00 55021684   62848   0,39  chrome
23:40:58     1000      9642      0,20      0,00 55012336   86728   0,53  chrome
23:40:58     1000      9657    106,56      0,00 1520518568  332444   2,05  chrome
23:40:58     1000     10543      4,37      0,00 3896648  215808   1,33  java
23:40:58     1000     10937      5,96      0,00    7148    3264   0,02  run_all_tests.s
23:40:58     1000     11011      1,39      0,00    6184    5188   0,03  pidstat
23:40:58     1000     11012      4,17      0,00    2676    1644   0,01  jmeter
23:40:58     1000     11043   6491,25      0,00 3896760  233908   1,44  java
23:40:58     1000     11076     23,06      0,00    5660    1992   0,01  sleep

23:40:53      UID       PID   kB_rd/s   kB_wr/s kB_ccwr/s iodelay  Command
23:40:58     1000      4006      0,00      0,80      0,00       0  wireplumber
23:40:58     1000      5898      0,00      7,16      0,00       0  antigravity
23:40:58     1000      6334      0,00      0,80      0,00       0  antigravity
23:40:58     1000      6366      0,00      0,80      0,00       0  antigravity
23:40:58     1000      9105      0,00      2,39      0,00       0  chrome
23:40:58     1000      9157      0,80      0,00      0,00       0  chrome
23:40:58     1000     11043      0,00      2,16      0,00       0  java

23:40:58      UID       PID    %usr %system  %guest   %wait    %CPU   CPU  Command
23:41:03        0        57    0,00    1,00    0,00    0,00    1,00     6  ksoftirqd/6
23:41:03        0        58    0,00    0,60    0,00    1,00    0,60     6  kworker/6:0-i915-unordered
23:41:03        0        82    0,00    0,20    0,00    0,00    0,20     1  khugepaged
23:41:03        0       106    0,00    0,20    0,00    0,00    0,20     5  kworker/5:1-mm_percpu_wq
23:41:03      115       943    0,20    0,00    0,00    0,00    0,20     1  prometheus
23:41:03        0      1646    0,20    0,00    0,00    0,00    0,20     6  glances
23:41:03        0      1654    0,40    0,00    0,00    0,00    0,40     7  tailscaled
23:41:03        0      1668    0,00    0,40    0,00    0,00    0,40     3  containerd
23:41:03        0      2676    0,60    0,00    0,00    0,00    0,60     1  dockerd
23:41:03      117      2677    0,40    0,40    0,00    0,00    0,80     5  grafana
23:41:03        0      3027    1,00    1,20    0,00    0,00    2,20     4  mount.ntfs-3g
23:41:03        0      3068    0,20    0,00    0,00    0,00    0,20     0  containerd-shim
23:41:03        0      3076    0,20    0,00    0,00    0,00    0,20     7  containerd-shim
23:41:03        0      3091    0,20    0,20    0,00    0,00    0,40     3  containerd-shim
23:41:03      999      3241    0,40    0,20    0,00    0,00    0,60     5  redis-server
23:41:03     1000      4211    9,00    7,40    0,00    0,20   16,40     0  gnome-shell
23:41:03     1000      5898    3,80    1,60    0,00    0,20    5,40     1  antigravity
23:41:03     1000      5952    9,40    2,00    0,00    0,40   11,40     7  antigravity
23:41:03     1000      6000   18,00    1,40    0,00    0,20   19,40     3  antigravity
23:41:03     1000      6006    0,20    0,00    0,00    0,00    0,20     7  antigravity
23:41:03     1000      6248    1,80    1,20    0,00    0,00    3,00     4  language_server
23:41:03     1000      6334    7,40    0,20    0,00    0,00    7,60     2  antigravity
23:41:03     1000      6366    1,00    0,60    0,00    0,00    1,60     2  antigravity
23:41:03     1000      6381    0,80    0,00    0,00    0,00    0,80     0  antigravity
23:41:03     1000      6409    0,40    0,20    0,00    0,00    0,60     5  antigravity
23:41:03     1000      6708    1,60    1,00    0,00    0,00    2,60     5  language_server
23:41:03     1000      7203    2,40    0,80    0,00    0,00    3,20     3  language_server
23:41:03        0      8594    0,00    0,60    0,00    0,00    0,60     7  kworker/u33:0-i915_flip
23:41:03        0      8774    0,20    0,00    0,00    0,00    0,20     0  kworker/0:2-events
23:41:03     1000      9105    0,20    0,20    0,00    0,00    0,40     0  chrome
23:41:03     1000      9152    0,40    0,20    0,00    0,00    0,60     5  chrome
23:41:03     1000      9157    0,20    0,20    0,00    0,00    0,40     4  chrome
23:41:03     1000      9210    0,20    0,00    0,00    0,00    0,20     6  chrome
23:41:03     1000      9335    0,20    0,00    0,00    0,00    0,20     7  chrome
23:41:03     1000      9378    0,80    0,00    0,00    0,00    0,80     2  gnome-terminal-
23:41:03     1000      9657    0,20    0,00    0,00    0,00    0,20     3  chrome
23:41:03     1000     10543    1,00    0,00    0,00    0,00    1,00     5  java
23:41:03     1000     11011    0,20    0,40    0,00    0,00    0,60     5  pidstat
23:41:03     1000     11043    2,00    0,00    0,00    0,00    2,00     0  java

23:40:58      UID       PID  minflt/s  majflt/s     VSZ     RSS   %MEM  Command
23:41:03      115       943      0,80      0,00 2610260  103648   0,64  prometheus
23:41:03        0      1654      0,60      0,00 1421460   94540   0,58  tailscaled
23:41:03      114      1776      3,60      0,00  218252   29316   0,18  postgres
23:41:03        0      3068      3,00      0,00 1235608   15036   0,09  containerd-shim
23:41:03        0      3075      2,40      0,00 1235608   14876   0,09  containerd-shim
23:41:03        0      3076      0,40      0,00 1235608   14668   0,09  containerd-shim
23:41:03        0      3091     11,40      0,00 1235608   15604   0,10  containerd-shim
23:41:03        0      3120      0,20      0,00 1235608   14924   0,09  containerd-shim
23:41:03     1000      4003      0,00      0,00  103888   13616   0,08  pipewire
23:41:03     1000      4006      0,20      0,00  718576   27064   0,17  wireplumber
23:41:03     1000      4211      9,00      0,00 5033008  308220   1,90  gnome-shell
23:41:03     1000      5898     45,80      0,00 1461722228  305636   1,88  antigravity
23:41:03     1000      5952     27,00      0,00 34394156  168180   1,04  antigravity
23:41:03     1000      5963      0,80      0,00 33906396   82644   0,51  antigravity
23:41:03     1000      6000    386,40      0,00 1461390892  405056   2,50  antigravity
23:41:03     1000      6006     22,80      0,00 1459645432  275224   1,70  antigravity
23:41:03     1000      6289      0,20      0,00 33951332   64440   0,40  antigravity
23:41:03     1000      6302      3,20      0,00 1461347888  121132   0,75  antigravity
23:41:03     1000      6303      0,60      0,00 1461367164  112296   0,69  antigravity
23:41:03     1000      6334    420,20      0,00 1461342992  260264   1,60  antigravity
23:41:03     1000      6366    285,80      0,00 1461351388  313496   1,93  antigravity
23:41:03     1000      6381     23,60      0,00 1461358904  154152   0,95  antigravity
23:41:03     1000      6409    134,40      0,00 1461383736  121024   0,75  antigravity
23:41:03     1000      9105     23,00      0,00 55451112  385776   2,38  chrome
23:41:03     1000      9152      3,20      0,00 55460668  193164   1,19  chrome
23:41:03     1000      9157      4,80      0,00 54984556  132388   0,82  chrome
23:41:03     1000      9168      0,20      0,00 55021684   62848   0,39  chrome
23:41:03     1000      9642      0,40      0,00 55012336   86728   0,53  chrome
23:41:03     1000      9657      4,00      0,00 1520518568  332444   2,05  chrome
23:41:03     1000     10543     14,40      0,00 3896648  218028   1,34  java
23:41:03     1000     10899      0,20      0,00 1461287992  123336   0,76  antigravity
23:41:03     1000     11011      0,40      0,00    6184    5188   0,03  pidstat
23:41:03     1000     11043     15,40      0,00 3896760  216720   1,34  java

23:40:58      UID       PID   kB_rd/s   kB_wr/s kB_ccwr/s iodelay  Command
23:41:03     1000      9105      0,00      3,20      0,00       0  chrome
23:41:03     1000      9157      0,00      0,80      0,80       0  chrome
23:41:03     1000     10543      4,80      1,28      0,00       0  java
23:41:03     1000     11011      0,00      1,34      0,00       0  pidstat
23:41:03     1000     11043      0,00      0,03      0,00       0  java

23:41:03      UID       PID    %usr %system  %guest   %wait    %CPU   CPU  Command
23:41:08        0         1    0,40    0,20    0,00    0,00    0,60     7  systemd
23:41:08        0        57    0,00    1,00    0,00    0,20    1,00     6  ksoftirqd/6
23:41:08        0        58    0,00    0,80    0,00    1,00    0,80     6  kworker/6:0-i915-unordered
23:41:08        0        65    0,00    0,20    0,00    0,00    0,20     7  kworker/7:0H-events_highpri
23:41:08        0        71    0,00    0,20    0,00    0,00    0,20     1  kworker/u32:5-ext4-rsv-conversion
23:41:08        0        86    0,00    0,20    0,00    0,00    0,20     1  irq/9-acpi
23:41:08        0       375    0,20    0,00    0,00    0,00    0,20     4  systemd-journal
23:41:08        0       435    0,00    0,40    0,00    0,20    0,40     1  systemd-udevd
23:41:08        0       647    0,00    0,20    0,00    0,00    0,20     0  irq/130-iwlwifi
23:41:08      990       908    1,40    0,00    0,00    0,00    1,40     3  dbus-daemon
23:41:08      115       942    1,20    0,40    0,00    0,00    1,60     1  prometheus-node
23:41:08      115       943    0,40    0,00    0,00    0,00    0,40     1  prometheus
23:41:08        0       954    0,20    0,00    0,00    0,00    0,20     0  systemd-logind
23:41:08        0       955    0,20    0,00    0,00    0,00    0,20     3  udisksd
23:41:08        0      1081    0,20    0,00    0,00    0,00    0,20     5  NetworkManager
23:41:08        0      1654    0,40    0,20    0,00    0,00    0,60     2  tailscaled
23:41:08        0      1668    0,80    0,40    0,00    0,00    1,20     3  containerd
23:41:08        0      2676    1,20    0,20    0,00    0,00    1,40     1  dockerd
23:41:08      117      2677    0,20    0,20    0,00    0,00    0,40     3  grafana
23:41:08        0      3027    0,80    1,00    0,00    0,00    1,80     0  mount.ntfs-3g
23:41:08        0      3068    0,20    0,20    0,00    0,00    0,40     0  containerd-shim
23:41:08        0      3075    0,00    0,20    0,00    0,00    0,20     3  containerd-shim
23:41:08        0      3076    0,00    0,20    0,00    0,00    0,20     7  containerd-shim
23:41:08      999      3241    0,40    0,00    0,00    0,00    0,40     4  redis-server
23:41:08     1000      3918    0,40    0,00    0,00    0,00    0,40     2  systemd
23:41:08     1000      4002    0,20    0,00    0,00    0,00    0,20     5  dbus-daemon
23:41:08     1000      4211    9,40    7,40    0,00    0,00   16,80     7  gnome-shell
23:41:08     1000      4491    0,00    0,20    0,00    0,00    0,20     6  gsd-housekeepin
23:41:08     1000      4525    0,20    0,20    0,00    0,00    0,40     2  gsd-sharing
23:41:08     1000      4808    0,00    0,20    0,00    0,00    0,20     7  goa-daemon
23:41:08     1000      5898    4,00    1,60    0,00    0,00    5,60     1  antigravity
23:41:08     1000      5952    9,40    1,60    0,00    0,00   11,00     5  antigravity
23:41:08     1000      5963    0,20    0,00    0,00    0,00    0,20     3  antigravity
23:41:08     1000      6000    7,00    0,40    0,00    0,20    7,40     1  antigravity
23:41:08     1000      6006    0,20    0,00    0,00    0,00    0,20     1  antigravity
23:41:08     1000      6248    1,80    0,80    0,00    0,00    2,60     4  language_server
23:41:08     1000      6334    0,60    0,00    0,00    0,00    0,60     7  antigravity
23:41:08     1000      6366   15,60    1,40    0,00    0,00   17,00     7  antigravity
23:41:08     1000      6381    0,80    0,00    0,00    0,00    0,80     3  antigravity
23:41:08     1000      6409    0,20    0,40    0,00    0,00    0,60     4  antigravity
23:41:08     1000      6708    1,20    1,00    0,00    0,00    2,20     5  language_server
23:41:08     1000      7203    1,40    1,40    0,00    0,00    2,80     3  language_server
23:41:08     1000      7325    0,20    0,00    0,00    0,00    0,20     7  antigravity
23:41:08        0      8594    0,00    0,60    0,00    0,20    0,60     3  kworker/u33:0-i915_flip
23:41:08     1000      9105    0,40    0,00    0,00    0,00    0,40     6  chrome
23:41:08     1000      9210    0,00    0,20    0,00    0,00    0,20     5  chrome
23:41:08     1000      9378    1,40    0,00    0,00    0,00    1,40     4  gnome-terminal-
23:41:08     1000      9773    0,00    0,20    0,00    0,00    0,20     4  ssh
23:41:08     1000     10899    0,20    0,00    0,00    0,00    0,20     4  antigravity
23:41:08     1000     11011    0,20    0,20    0,00    0,00    0,40     2  pidstat
23:41:08     1000     11043    0,80    0,00    0,00    0,00    0,80     0  java

23:41:03      UID       PID  minflt/s  majflt/s     VSZ     RSS   %MEM  Command
23:41:08        0       375     46,60      0,00  163644   80328   0,49  systemd-journal
23:41:08        0       435     86,00      0,00   37432   10756   0,07  systemd-udevd
23:41:08      115       942     82,60      0,00 1614080   25216   0,16  prometheus-node
23:41:08      115       943     29,80      0,00 2610260  104032   0,64  prometheus
23:41:08        0      1654      0,60      0,00 1421460   94668   0,58  tailscaled
23:41:08        0      1668      5,80      0,00 2463668   69700   0,43  containerd
23:41:08        0      2676      0,20      0,00 3358484  107956   0,67  dockerd
23:41:08        0      3068      1,60      0,00 1235608   14740   0,09  containerd-shim
23:41:08        0      3075      4,40      0,00 1235608   14204   0,09  containerd-shim
23:41:08        0      3076      2,40      0,00 1235608   14212   0,09  containerd-shim
23:41:08        0      3091      8,60      0,00 1235608   14984   0,09  containerd-shim
23:41:08        0      3120      3,60      0,00 1235608   14320   0,09  containerd-shim
23:41:08     1000      4211      5,00      0,00 5032952  308220   1,90  gnome-shell
23:41:08     1000      5898     54,60      0,00 1461722228  305036   1,88  antigravity
23:41:08     1000      5952      7,80      0,00 34394668  168180   1,04  antigravity
23:41:08     1000      5963      0,80      0,00 33906396   82644   0,51  antigravity
23:41:08     1000      6000    136,80      0,00 1461391852  404396   2,49  antigravity
23:41:08     1000      6006      7,40      0,00 1459645432  275352   1,70  antigravity
23:41:08     1000      6289      0,20      0,00 33951332   64440   0,40  antigravity
23:41:08     1000      6302      3,80      0,00 1461347888  121132   0,75  antigravity
23:41:08     1000      6303      1,60      0,00 1461367164  112296   0,69  antigravity
23:41:08     1000      6334     10,40      0,00 1461342992  259564   1,60  antigravity
23:41:08     1000      6366   4198,80      0,00 1461351388  362992   2,24  antigravity
23:41:08     1000      6381     21,60      0,00 1461358904  154240   0,95  antigravity
23:41:08     1000      6409    135,20      0,00 1461383736  120852   0,74  antigravity
23:41:08     1000      6708      0,40      0,00 4256016  479888   2,96  language_server
23:41:08     1000      9105     10,80      0,00 55451112  385776   2,38  chrome
23:41:08     1000      9152      6,40      0,00 55460668  193164   1,19  chrome
23:41:08     1000      9157      5,20      0,00 54984556  132388   0,82  chrome
23:41:08     1000      9168      0,40      0,00 55021684   62848   0,39  chrome
23:41:08     1000      9642      0,20      0,00 55012336   86728   0,53  chrome
23:41:08     1000     10899     40,40      0,00 1459584120  122712   0,76  antigravity
23:41:08     1000     11043      2,60      0,00 3896760  216720   1,34  java
23:41:08        0     11225     50,80      0,00   37436    7096   0,04  (udev-worker)
23:41:08        0     11235     26,40      0,00   37436    6776   0,04  (udev-worker)
23:41:08        0     11236     57,60      0,00   37436    7032   0,04  (udev-worker)
23:41:08        0     11238     26,00      0,00   37436    6648   0,04  (udev-worker)
23:41:08        0     11239     35,40      0,00   37436    6776   0,04  (udev-worker)
23:41:08        0     11240     25,60      0,00   37436    6648   0,04  (udev-worker)
23:41:08        0     11241     26,80      0,00   37436    6648   0,04  (udev-worker)
23:41:08        0     11242     26,80      0,00   37436    6648   0,04  (udev-worker)
23:41:08        0     11243     26,60      0,00   37436    6648   0,04  (udev-worker)
23:41:08        0     11244     26,80      0,00   37436    6648   0,04  (udev-worker)
23:41:08        0     11246     26,80      0,00   37436    6648   0,04  (udev-worker)
23:41:08        0     11247     26,80      0,00   37436    6776   0,04  (udev-worker)
23:41:08        0     11248     26,00      0,00   37436    6648   0,04  (udev-worker)
23:41:08        0     11249     26,40      0,00   37436    6776   0,04  (udev-worker)
23:41:08        0     11250     26,00      0,00   37436    6648   0,04  (udev-worker)
23:41:08        0     11251     26,20      0,00   37436    6648   0,04  (udev-worker)

23:41:03      UID       PID   kB_rd/s   kB_wr/s kB_ccwr/s iodelay  Command
23:41:08     1000      5898      0,00      5,60      0,00       0  antigravity
23:41:08     1000      6366      0,00      0,80      0,00       0  antigravity
23:41:08     1000      9105      0,00      0,80      0,00       0  chrome
23:41:08     1000     11011      0,00      1,33      0,00       0  pidstat

23:41:08      UID       PID    %usr %system  %guest   %wait    %CPU   CPU  Command
23:41:13        0        18    0,00    0,20    0,00    0,00    0,20     2  rcu_preempt
23:41:13        0        57    0,00    1,20    0,00    0,00    1,20     6  ksoftirqd/6
23:41:13        0        58    0,00    0,60    0,00    1,00    0,60     6  kworker/6:0-i915-unordered
23:41:13        0       175    0,00    0,20    0,00    0,00    0,20     6  kworker/6:1H-events_highpri
23:41:13      115       943    0,20    0,00    0,00    0,00    0,20     1  prometheus
23:41:13        0      1646    0,20    0,00    0,00    0,00    0,20     6  glances
23:41:13        0      1654    0,20    0,00    0,00    0,00    0,20     5  tailscaled
23:41:13        0      1668    0,20    0,20    0,00    0,00    0,40     3  containerd
23:41:13        0      2676    0,40    0,00    0,00    0,00    0,40     1  dockerd
23:41:13      117      2677    1,20    0,20    0,00    0,00    1,40     6  grafana
23:41:13        0      3027    1,40    1,00    0,00    0,00    2,40     4  mount.ntfs-3g
23:41:13        0      3091    0,20    0,00    0,00    0,00    0,20     3  containerd-shim
23:41:13        0      3120    0,20    0,20    0,00    0,00    0,40     4  containerd-shim
23:41:13      999      3241    0,40    0,00    0,00    0,00    0,40     1  redis-server
23:41:13     1000      4002    0,00    0,20    0,00    0,00    0,20     5  dbus-daemon
23:41:13     1000      4003    0,20    0,00    0,00    0,00    0,20     1  pipewire
23:41:13     1000      4006    0,40    0,00    0,00    0,00    0,40     5  wireplumber
23:41:13     1000      4009    0,00    0,20    0,00    0,00    0,20     3  pipewire-pulse
23:41:13     1000      4211   13,40    6,20    0,00    0,00   19,60     0  gnome-shell
23:41:13     1000      4226    0,00    0,20    0,00    0,00    0,20     1  dbus-daemon
23:41:13     1000      4691    0,20    0,00    0,00    0,00    0,20     2  ibus-portal
23:41:13     1000      4757    0,20    0,00    0,00    0,00    0,20     5  gvfs-udisks2-vo
23:41:13     1000      5898    3,80    1,60    0,00    0,20    5,40     2  antigravity
23:41:13     1000      5952    9,60    2,40    0,00    0,00   12,00     3  antigravity
23:41:13     1000      6000   10,80    0,80    0,00    0,00   11,60     1  antigravity
23:41:13     1000      6006    0,20    0,00    0,00    0,00    0,20     1  antigravity
23:41:13     1000      6248    1,80    1,20    0,00    0,00    3,00     4  language_server
23:41:13     1000      6303    0,20    0,00    0,00    0,00    0,20     4  antigravity
23:41:13     1000      6334    0,40    0,00    0,00    0,00    0,40     3  antigravity
23:41:13     1000      6366    0,80    0,40    0,00    0,00    1,20     6  antigravity
23:41:13     1000      6381    1,20    0,00    0,00    0,00    1,20     5  antigravity
23:41:13     1000      6409    0,40    0,20    0,00    0,00    0,60     5  antigravity
23:41:13     1000      6708    1,60    0,80    0,00    0,00    2,40     5  language_server
23:41:13     1000      7203    1,60    1,00    0,00    0,00    2,60     3  language_server
23:41:13        0      8594    0,00    0,60    0,00    0,00    0,60     7  kworker/u33:0-i915_flip
23:41:13        0      8948    0,20    0,00    0,00    0,00    0,20     3  kworker/3:0-mm_percpu_wq
23:41:13     1000      9152    0,20    0,20    0,00    0,00    0,40     5  chrome
23:41:13     1000      9378    0,80    0,00    0,00    0,00    0,80     2  gnome-terminal-
23:41:13     1000     11011    0,20    0,60    0,00    0,00    0,80     4  pidstat
23:41:13     1000     11043    0,60    0,00    0,00    0,00    0,60     0  java

23:41:08      UID       PID  minflt/s  majflt/s     VSZ     RSS   %MEM  Command
23:41:13        0       375      4,60      0,00  163644   80328   0,49  systemd-journal
23:41:13        0       435      1,40      0,00   37432   10756   0,07  systemd-udevd
23:41:13      115       943      0,20      0,00 2610260  104032   0,64  prometheus
23:41:13        0      1654      6,60      0,00 1421460   94668   0,58  tailscaled
23:41:13        0      1668      9,40      0,00 2463668   69700   0,43  containerd
23:41:13      117      2677      2,60      0,00 1765680  336488   2,07  grafana
23:41:13        0      3068      9,20      0,00 1235608   14740   0,09  containerd-shim
23:41:13        0      3075      7,60      0,00 1235608   14204   0,09  containerd-shim
23:41:13        0      3076      7,20      0,00 1235608   14340   0,09  containerd-shim
23:41:13        0      3091      7,20      0,00 1235608   15240   0,09  containerd-shim
23:41:13        0      3120      9,40      0,00 1235608   14320   0,09  containerd-shim
23:41:13       70      3230      4,40      0,00  174540   25788   0,16  postgres
23:41:13      117      3639      0,20      0,00 1296396   35360   0,22  gpx_grafana_ela
23:41:13     1000      4002      0,60      0,00    9560    5816   0,04  dbus-daemon
23:41:13     1000      4003     36,20      0,00  104896   13680   0,08  pipewire
23:41:13     1000      4006      0,20      0,00  718576   27064   0,17  wireplumber
23:41:13     1000      4009     38,40      0,00  171976   14900   0,09  pipewire-pulse
23:41:13     1000      4211     11,00      0,00 5041144  308220   1,90  gnome-shell
23:41:13     1000      4932      0,00      0,00  735944   32056   0,20  localsearch-3
23:41:13     1000      4941      0,20      0,00  704604   20144   0,12  xdg-desktop-por
23:41:13     1000      5898     40,80      0,00 1461722228  305048   1,88  antigravity
23:41:13     1000      5952     33,40      0,00 34387052  168140   1,04  antigravity
23:41:13     1000      5963      1,60      0,00 33906396   82644   0,51  antigravity
23:41:13     1000      6000    346,80      0,00 1461391852  406896   2,51  antigravity
23:41:13     1000      6006      8,40      0,00 1459645432  275480   1,70  antigravity
23:41:13     1000      6289      0,40      0,00 33951332   64440   0,40  antigravity
23:41:13     1000      6302      6,00      0,00 1461347888  121132   0,75  antigravity
23:41:13     1000      6303      1,40      0,00 1461367164  112424   0,69  antigravity
23:41:13     1000      6334     50,40      0,00 1461342992  259396   1,60  antigravity
23:41:13     1000      6366    412,40      0,00 1461351388  365644   2,25  antigravity
23:41:13     1000      6381     20,20      0,00 1461358904  154132   0,95  antigravity
23:41:13     1000      6409    202,00      0,00 1461383736  121172   0,75  antigravity
23:41:13     1000      9105     11,80      0,00 55451112  385776   2,38  chrome
23:41:13     1000      9152      3,20      0,00 55460668  193164   1,19  chrome
23:41:13     1000      9157      3,20      0,00 54984556  132388   0,82  chrome
23:41:13     1000      9168      0,20      0,00 55021684   62848   0,39  chrome
23:41:13     1000      9642      0,20      0,00 55012336   86728   0,53  chrome
23:41:13     1000      9657      0,20      0,00 1520518568  329288   2,03  chrome
23:41:13     1000     10937      7,20      0,00    7148    3264   0,02  run_all_tests.s
23:41:13     1000     11011      7,00      0,00    6316    5316   0,03  pidstat
23:41:13     1000     11043      3,60      0,00 3896760  216720   1,34  java

23:41:08      UID       PID   kB_rd/s   kB_wr/s kB_ccwr/s iodelay  Command
23:41:13     1000      4006      0,00      0,80      0,00       0  wireplumber
23:41:13     1000      4211      0,00     71,20      0,00       0  gnome-shell
23:41:13     1000      6366      0,00      0,80      0,00       0  antigravity
23:41:13     1000      9105      0,00      6,40      0,00       0  chrome
23:41:13     1000     10937      0,00    184,99     71,20       0  run_all_tests.s
23:41:13     1000     11011      0,00      1,80      0,00       0  pidstat

23:41:13      UID       PID    %usr %system  %guest   %wait    %CPU   CPU  Command
23:41:18        0        28    0,20    0,00    0,00    0,00    0,20     1  kworker/1:0-mm_percpu_wq
23:41:18        0        57    0,00    1,20    0,00    0,00    1,20     6  ksoftirqd/6
23:41:18        0        58    0,00    0,60    0,00    0,60    0,60     6  kworker/6:0-i915-unordered
23:41:18        0      1646    0,20    0,00    0,00    0,00    0,20     6  glances
23:41:18        0      1654    0,00    0,20    0,00    0,00    0,20     7  tailscaled
23:41:18        0      1668    0,20    0,20    0,00    0,00    0,40     3  containerd
23:41:18      111      1761    0,20    0,00    0,00    0,00    0,20     6  mariadbd
23:41:18        0      2676    0,80    0,00    0,00    0,00    0,80     1  dockerd
23:41:18      117      2677    0,40    0,40    0,00    0,00    0,80     6  grafana
23:41:18        0      3027    1,40    0,60    0,00    0,00    2,00     0  mount.ntfs-3g
23:41:18        0      3075    0,20    0,00    0,00    0,00    0,20     3  containerd-shim
23:41:18        0      3076    0,20    0,00    0,00    0,00    0,20     7  containerd-shim
23:41:18      999      3241    0,40    0,00    0,00    0,00    0,40     1  redis-server
23:41:18     1000      4211    9,60    5,80    0,00    0,00   15,40     5  gnome-shell
23:41:18     1000      5898    3,40    1,80    0,00    0,00    5,20     0  antigravity
23:41:18     1000      5952    8,20    2,40    0,00    0,00   10,60     2  antigravity
23:41:18     1000      6000    5,40    1,20    0,00    0,00    6,60     6  antigravity
23:41:18     1000      6248    1,40    1,60    0,00    0,00    3,00     4  language_server
23:41:18     1000      6334    0,40    0,20    0,00    0,00    0,60     6  antigravity
23:41:18     1000      6366    1,00    0,20    0,00    0,00    1,20     5  antigravity
23:41:18     1000      6381    0,80    0,00    0,00    0,00    0,80     0  antigravity
23:41:18     1000      6409    0,20    0,20    0,00    0,00    0,40     7  antigravity
23:41:18     1000      6708    1,40    1,20    0,00    0,00    2,60     5  language_server
23:41:18     1000      7203    1,60    1,20    0,00    0,00    2,80     3  language_server
23:41:18        0      8594    0,00    0,80    0,00    0,00    0,80     0  kworker/u33:0-i915_flip
23:41:18     1000      9105    0,40    0,20    0,00    0,00    0,60     3  chrome
23:41:18     1000      9152    0,40    0,00    0,00    0,00    0,40     5  chrome
23:41:18     1000      9210    0,20    0,00    0,00    0,00    0,20     7  chrome
23:41:18     1000      9378    0,80    0,00    0,00    0,00    0,80     2  gnome-terminal-
23:41:18     1000     11011    0,20    0,20    0,00    0,00    0,40     1  pidstat
23:41:18     1000     11043    0,60    0,00    0,00    0,00    0,60     0  java

23:41:13      UID       PID  minflt/s  majflt/s     VSZ     RSS   %MEM  Command
23:41:18      115       943      1,40      0,00 2610260  104032   0,64  prometheus
23:41:18        0      1654     38,80      0,00 1421460   95564   0,59  tailscaled
23:41:18        0      1668      9,80      0,00 2463668   70212   0,43  containerd
23:41:18        0      2676      0,20      0,00 3358484  107956   0,67  dockerd
23:41:18        0      3068     12,00      0,00 1235608   14740   0,09  containerd-shim
23:41:18        0      3075     11,60      0,00 1235608   14588   0,09  containerd-shim
23:41:18        0      3076     11,60      0,00 1235608   14340   0,09  containerd-shim
23:41:18        0      3091     14,40      0,00 1235608   15240   0,09  containerd-shim
23:41:18        0      3120     12,20      0,00 1235608   14576   0,09  containerd-shim
23:41:18     1000      4003      0,00      0,00  103888   13680   0,08  pipewire
23:41:18     1000      4211      6,00      0,00 5032944  308220   1,90  gnome-shell
23:41:18     1000      5898     38,00      0,00 1461722228  304948   1,88  antigravity
23:41:18     1000      5952      6,60      0,00 34379628  168268   1,04  antigravity
23:41:18     1000      5963      0,80      0,00 33906396   82644   0,51  antigravity
23:41:18     1000      6000    116,40      0,00 1461390892  406856   2,51  antigravity
23:41:18     1000      6006     16,80      0,00 1459645432  275864   1,70  antigravity
23:41:18     1000      6289      0,20      0,00 33951332   64440   0,40  antigravity
23:41:18     1000      6302      3,20      0,00 1461347888  121132   0,75  antigravity
23:41:18     1000      6303      0,60      0,00 1461367164  112424   0,69  antigravity
23:41:18     1000      6334     23,00      0,00 1461342992  259364   1,60  antigravity
23:41:18     1000      6366    398,20      0,00 1461351388  367116   2,26  antigravity
23:41:18     1000      6381     29,20      0,00 1461358904  154408   0,95  antigravity
23:41:18     1000      6409    121,20      0,00 1461383736  121168   0,75  antigravity
23:41:18     1000      9105     33,00      0,00 55451112  385912   2,38  chrome
23:41:18     1000      9152      3,20      0,00 55460668  193164   1,19  chrome
23:41:18     1000      9157      3,40      0,00 54984556  132388   0,82  chrome
23:41:18     1000      9168      0,20      0,00 55021684   62848   0,39  chrome
23:41:18     1000      9202      0,20      0,00 1518493880  150988   0,93  chrome
23:41:18     1000      9642      0,20      0,00 55012336   86728   0,53  chrome
23:41:18     1000     10899      0,00      0,00 1459584120  122420   0,75  antigravity
23:41:18     1000     11043      2,60      0,00 3896760  216976   1,34  java

23:41:13      UID       PID   kB_rd/s   kB_wr/s kB_ccwr/s iodelay  Command
23:41:18     1000      4211      0,00      0,80      0,00       0  gnome-shell
23:41:18     1000      9105      9,60     22,40      0,00       0  chrome
23:41:18     1000     11011      0,00      1,51      0,00       0  pidstat

23:41:18      UID       PID    %usr %system  %guest   %wait    %CPU   CPU  Command
23:41:23        0         1    0,40    0,00    0,00    0,00    0,40     7  systemd
23:41:23        0        57    0,00    1,20    0,00    0,00    1,20     6  ksoftirqd/6
23:41:23        0        58    0,00    0,60    0,00    0,60    0,60     6  kworker/6:0-i915-unordered
23:41:23        0        67    0,00    0,20    0,00    0,00    0,20     5  kworker/u32:1-events_unbound
23:41:23        0        82    0,00    0,20    0,00    0,00    0,20     1  khugepaged
23:41:23        0        86    0,00    0,20    0,00    0,00    0,20     1  irq/9-acpi
23:41:23        0       214    0,00    0,20    0,00    0,00    0,20     1  kworker/1:1H-events_highpri
23:41:23      990       908    0,60    0,20    0,00    0,00    0,80     5  dbus-daemon
23:41:23      115       942    1,20    0,60    0,00    0,00    1,80     6  prometheus-node
23:41:23      115       943    0,20    0,00    0,00    0,00    0,20     1  prometheus
23:41:23        0      1668    0,20    0,40    0,00    0,00    0,60     3  containerd
23:41:23        0      2676    0,20    0,40    0,00    0,00    0,60     1  dockerd
23:41:23      117      2677    0,20    0,40    0,00    0,00    0,60     6  grafana
23:41:23        0      3027    1,20    0,60    0,00    0,00    1,80     3  mount.ntfs-3g
23:41:23        0      3068    0,20    0,00    0,00    0,00    0,20     0  containerd-shim
23:41:23        0      3091    0,20    0,00    0,00    0,00    0,20     3  containerd-shim
23:41:23      999      3241    0,40    0,00    0,00    0,00    0,40     2  redis-server
23:41:23     1000      4211    7,40    8,40    0,00    0,00   15,80     2  gnome-shell
23:41:23     1000      5898    4,20    1,20    0,00    0,00    5,40     3  antigravity
23:41:23     1000      5952    9,20    1,40    0,00    0,00   10,60     2  antigravity
23:41:23     1000      6000    6,00    0,80    0,00    0,00    6,80     6  antigravity
23:41:23     1000      6006    0,20    0,00    0,00    0,00    0,20     7  antigravity
23:41:23     1000      6248    1,60    1,40    0,00    0,00    3,00     4  language_server
23:41:23     1000      6334    0,60    0,20    0,00    0,00    0,80     6  antigravity
23:41:23     1000      6366    1,00    0,40    0,00    0,00    1,40     1  antigravity
23:41:23     1000      6381    0,60    0,00    0,00    0,00    0,60     0  antigravity
23:41:23     1000      6409    0,20    0,00    0,00    0,00    0,20     7  antigravity
23:41:23     1000      6708    1,20    1,00    0,00    0,00    2,20     5  language_server
23:41:23     1000      7203    1,40    1,20    0,00    0,00    2,60     3  language_server
23:41:23        0      8594    0,00    0,60    0,00    0,80    0,60     7  kworker/u33:0-i915_flip
23:41:23     1000      9105    0,00    0,40    0,00    0,00    0,40     5  chrome
23:41:23     1000      9152    0,20    0,20    0,00    0,00    0,40     5  chrome
23:41:23     1000      9202    0,00    0,20    0,00    0,00    0,20     7  chrome
23:41:23     1000      9378    1,00    0,00    0,00    0,00    1,00     2  gnome-terminal-
23:41:23     1000      9642    0,20    0,00    0,00    0,00    0,20     4  chrome
23:41:23     1000      9657    0,20    0,00    0,00   20,00    0,20     2  chrome
23:41:23     1000     11011    0,20    0,40    0,00    0,00    0,60     5  pidstat
23:41:23     1000     11043    0,20    0,00    0,00    0,00    0,20     0  java

23:41:18      UID       PID  minflt/s  majflt/s     VSZ     RSS   %MEM  Command
23:41:23      115       942     88,60      0,00 1614080   25248   0,16  prometheus-node
23:41:23        0      1654     19,60      0,00 1421460   96076   0,59  tailscaled
23:41:23        0      1668      3,40      0,00 2463668   70040   0,43  containerd
23:41:23      114      1776      3,60      0,00  218252   29316   0,18  postgres
23:41:23      117      2677      0,20      0,00 1765680  336488   2,07  grafana
23:41:23        0      3068      9,40      0,00 1235608   14996   0,09  containerd-shim
23:41:23        0      3075     14,60      0,00 1235608   14844   0,09  containerd-shim
23:41:23        0      3076     14,40      0,00 1235608   14724   0,09  containerd-shim
23:41:23        0      3091     19,40      0,00 1235608   15880   0,10  containerd-shim
23:41:23        0      3120     11,40      0,00 1235608   14704   0,09  containerd-shim
23:41:23     1000      4211      8,80      0,00 5033008  308216   1,90  gnome-shell
23:41:23     1000      5898     74,60      0,00 1461722228  305480   1,88  antigravity
23:41:23     1000      5952      5,80      0,00 34377580  167912   1,03  antigravity
23:41:23     1000      5963      0,80      0,00 33906396   82644   0,51  antigravity
23:41:23     1000      6000    112,20      0,00 1461390892  407472   2,51  antigravity
23:41:23     1000      6006     17,40      0,00 1459645432  276248   1,70  antigravity
23:41:23     1000      6289      0,20      0,00 33951332   64440   0,40  antigravity
23:41:23     1000      6302      3,40      0,00 1461347888  121132   0,75  antigravity
23:41:23     1000      6303      0,80      0,00 1461367164  112424   0,69  antigravity
23:41:23     1000      6334     21,80      0,00 1461342992  259360   1,60  antigravity
23:41:23     1000      6366    348,80      0,00 1461351388  369380   2,28  antigravity
23:41:23     1000      6381     27,00      0,00 1461358904  154324   0,95  antigravity
23:41:23     1000      6409      8,80      0,00 1461383736  121168   0,75  antigravity
23:41:23     1000      9105     18,80      0,00 55451112  385780   2,38  chrome
23:41:23     1000      9152      3,20      0,00 55460668  193164   1,19  chrome
23:41:23     1000      9157    104,60      0,00 54984556  133124   0,82  chrome
23:41:23     1000      9168      0,20      0,00 55021684   62848   0,39  chrome
23:41:23     1000      9642      0,40      0,00 55012336   86728   0,53  chrome
23:41:23     1000     11043      2,00      0,00 3896760  216976   1,34  java

23:41:18      UID       PID   kB_rd/s   kB_wr/s kB_ccwr/s iodelay  Command
23:41:23     1000      9105      0,00      4,00      0,00       0  chrome
23:41:23     1000      9157      0,00    204,00      0,00       0  chrome
23:41:23     1000     11011      0,00      1,13      0,00       0  pidstat

23:41:23      UID       PID    %usr %system  %guest   %wait    %CPU   CPU  Command
23:41:28        0        57    0,00    1,00    0,00    0,00    1,00     6  ksoftirqd/6
23:41:28        0        58    0,00    0,60    0,00    0,60    0,60     6  kworker/6:0-i915-unordered
23:41:28        0        90    0,00    0,20    0,00    0,00    0,20     4  kworker/4:1-mm_percpu_wq
23:41:28      115       943    0,20    0,00    0,00    0,00    0,20     1  prometheus
23:41:28        0      1646    0,20    0,00    0,00    0,00    0,20     6  glances
23:41:28        0      1654    0,20    0,00    0,00    0,00    0,20     7  tailscaled
23:41:28        0      1668    0,20    0,00    0,00    0,00    0,20     3  containerd
23:41:28        0      2676    0,20    0,20    0,00    0,00    0,40     1  dockerd
23:41:28      117      2677    0,40    0,20    0,00    0,00    0,60     6  grafana
23:41:28        0      3027    1,00    1,00    0,00    0,00    2,00     2  mount.ntfs-3g
23:41:28        0      3075    0,00    0,20    0,00    0,00    0,20     3  containerd-shim
23:41:28        0      3076    0,20    0,00    0,00    0,00    0,20     7  containerd-shim
23:41:28        0      3120    0,00    0,20    0,00    0,00    0,20     4  containerd-shim
23:41:28      999      3241    0,60    0,00    0,00    0,00    0,60     2  redis-server
23:41:28     1000      4211    8,80    7,00    0,00    0,00   15,80     1  gnome-shell
23:41:28     1000      5898    4,00    1,20    0,00    0,00    5,20     3  antigravity
23:41:28     1000      5952    8,80    2,00    0,00    0,00   10,80     1  antigravity
23:41:28     1000      6000    6,20    0,80    0,00    0,00    7,00     3  antigravity
23:41:28     1000      6248    1,60    1,40    0,00    0,00    3,00     4  language_server
23:41:28     1000      6334    0,40    0,00    0,00    0,00    0,40     7  antigravity
23:41:28     1000      6366    0,40    0,60    0,00    0,00    1,00     0  antigravity
23:41:28     1000      6381    0,80    0,00    0,00    0,00    0,80     1  antigravity
23:41:28     1000      6409    0,00    0,20    0,00    0,00    0,20     2  antigravity
23:41:28     1000      6708    1,40    1,20    0,00    0,00    2,60     5  language_server
23:41:28     1000      7203    1,80    1,00    0,00    0,00    2,80     3  language_server
23:41:28        0      8594    0,00    0,60    0,00    0,00    0,60     7  kworker/u33:0-i915_flip
23:41:28     1000      9105    0,40    0,00    0,00    0,00    0,40     6  chrome
23:41:28     1000      9152    0,00    0,20    0,00    0,00    0,20     5  chrome
23:41:28     1000      9157    0,00    0,20    0,00    0,00    0,20     5  chrome
23:41:28     1000      9378    0,80    0,00    0,00    0,00    0,80     4  gnome-terminal-
23:41:28     1000     10899    0,20    0,00    0,00    0,00    0,20     7  antigravity
23:41:28     1000     11011    0,20    0,20    0,00    0,00    0,40     2  pidstat
23:41:28     1000     11043    0,60    0,20    0,00    0,00    0,80     0  java

23:41:23      UID       PID  minflt/s  majflt/s     VSZ     RSS   %MEM  Command
23:41:28        0      1654     14,60      0,00 1421460   96204   0,59  tailscaled
23:41:28        0      1668      2,60      0,00 2463668   70040   0,43  containerd
23:41:28        0      3068      1,80      0,00 1235608   14996   0,09  containerd-shim
23:41:28        0      3075      8,40      0,00 1235608   14972   0,09  containerd-shim
23:41:28        0      3076     10,20      0,00 1235608   14980   0,09  containerd-shim
23:41:28        0      3091      1,80      0,00 1235608   15880   0,10  containerd-shim
23:41:28        0      3120     11,40      0,00 1235608   14960   0,09  containerd-shim
23:41:28     1000      4211      1,60      0,00 5033008  308216   1,90  gnome-shell
23:41:28     1000      5898     46,40      0,00 1461722228  304820   1,88  antigravity
23:41:28     1000      5952     24,20      0,00 34377580  168168   1,04  antigravity
23:41:28     1000      5963      0,80      0,00 33906396   82644   0,51  antigravity
23:41:28     1000      6000    150,20      0,00 1461390892  409152   2,52  antigravity
23:41:28     1000      6006     17,60      0,00 1459645432  276632   1,70  antigravity
23:41:28     1000      6289      0,20      0,00 33951332   64440   0,40  antigravity
23:41:28     1000      6302      3,00      0,00 1461347888  121132   0,75  antigravity
23:41:28     1000      6303      0,80      0,00 1461367164  112424   0,69  antigravity
23:41:28     1000      6334      9,60      0,00 1461342992  259488   1,60  antigravity
23:41:28     1000      6366    342,60      0,00 1461351388  371940   2,29  antigravity
23:41:28     1000      6381     20,00      0,00 1461358904  154452   0,95  antigravity
23:41:28     1000      6409      2,80      0,00 1461383736  121168   0,75  antigravity
23:41:28     1000      9105     42,40      0,00 55451112  385800   2,38  chrome
23:41:28     1000      9152      6,40      0,00 55460668  193164   1,19  chrome
23:41:28     1000      9157      5,20      0,00 54984556  132208   0,81  chrome
23:41:28     1000      9168      0,40      0,00 55021684   62848   0,39  chrome
23:41:28     1000      9642      0,20      0,00 55012336   86728   0,53  chrome
23:41:28     1000     11043      8,20      0,00 3896760  217104   1,34  java

23:41:23      UID       PID   kB_rd/s   kB_wr/s kB_ccwr/s iodelay  Command
23:41:28     1000      9105      0,00     36,80      0,00       0  chrome
23:41:28     1000      9157      0,00     16,00      0,00       0  chrome
23:41:28     1000     11011      0,00      1,22      0,00       0  pidstat

23:41:28      UID       PID    %usr %system  %guest   %wait    %CPU   CPU  Command
23:41:33        0        57    0,00    1,00    0,00    0,00    1,00     6  ksoftirqd/6
23:41:33        0        58    0,00    0,60    0,00    0,80    0,60     6  kworker/6:0-i915-unordered
23:41:33      115       943    0,20    0,00    0,00    0,00    0,20     1  prometheus
23:41:33        0      1646    0,20    0,00    0,00    0,00    0,20     6  glances
23:41:33        0      1654    0,00    0,20    0,00    0,00    0,20     7  tailscaled
23:41:33        0      1668    0,40    0,20    0,00    0,00    0,60     3  containerd
23:41:33        0      1673    0,20    0,00    0,00    0,00    0,20     7  anydesk
23:41:33        0      2676    0,40    0,20    0,00    0,00    0,60     1  dockerd
23:41:33      117      2677    0,40    0,40    0,00    0,00    0,80     6  grafana
23:41:33        0      3027    1,40    0,60    0,00    0,00    2,00     1  mount.ntfs-3g
23:41:33        0      3075    0,20    0,00    0,00    0,00    0,20     3  containerd-shim
23:41:33        0      3091    0,00    0,20    0,00    0,00    0,20     3  containerd-shim
23:41:33        0      3120    0,20    0,00    0,00    0,00    0,20     4  containerd-shim
23:41:33      999      3241    0,40    0,00    0,00    0,00    0,40     4  redis-server
23:41:33     1000      4211    6,00    9,80    0,00    0,00   15,80     3  gnome-shell
23:41:33     1000      5898    2,80    2,60    0,00    0,00    5,40     4  antigravity
23:41:33     1000      5952    8,40    2,60    0,00    0,00   11,00     3  antigravity
23:41:33     1000      6000    7,00    0,80    0,00    0,00    7,80     6  antigravity
23:41:33     1000      6006    0,20    0,20    0,00    0,00    0,40     3  antigravity
23:41:33     1000      6248    1,80    1,40    0,00    0,00    3,20     4  language_server
23:41:33     1000      6334    0,40    0,20    0,00    0,00    0,60     4  antigravity
23:41:33     1000      6366    1,20    0,40    0,00    0,00    1,60     0  antigravity
23:41:33     1000      6381    0,40    0,20    0,00    0,00    0,60     7  antigravity
23:41:33     1000      6409    0,20    0,00    0,00    0,00    0,20     2  antigravity
23:41:33     1000      6708    1,60    0,80    0,00    0,00    2,40     5  language_server
23:41:33     1000      7203    1,20    1,60    0,00    0,00    2,80     3  language_server
23:41:33        0      8594    0,00    0,80    0,00    0,00    0,80     6  kworker/u33:0-i915_flip
23:41:33     1000      9105    0,00    0,20    0,00    0,00    0,20     6  chrome
23:41:33     1000      9152    0,40    0,00    0,00    0,00    0,40     5  chrome
23:41:33     1000      9202    0,20    0,00    0,00    0,00    0,20     0  chrome
23:41:33     1000      9378    1,00    0,00    0,00    0,00    1,00     6  gnome-terminal-
23:41:33     1000      9657    0,00    0,20    0,00    0,20    0,20     4  chrome
23:41:33     1000     11011    0,20    0,40    0,00    0,00    0,60     1  pidstat
23:41:33     1000     11043    0,20    0,20    0,00    0,00    0,40     0  java

23:41:28      UID       PID  minflt/s  majflt/s     VSZ     RSS   %MEM  Command
23:41:33      115       943      0,20      0,00 2610260  104032   0,64  prometheus
23:41:33        0      1654     17,60      0,00 1421460   96588   0,60  tailscaled
23:41:33        0      1668      3,20      0,00 2463668   70168   0,43  containerd
23:41:33        0      3068      7,60      0,00 1235608   14996   0,09  containerd-shim
23:41:33        0      3075      1,80      0,00 1235608   14972   0,09  containerd-shim
23:41:33        0      3076     11,40      0,00 1235608   15108   0,09  containerd-shim
23:41:33        0      3091      6,20      0,00 1235608   15720   0,10  containerd-shim
23:41:33        0      3120      9,80      0,00 1235608   15216   0,09  containerd-shim
23:41:33     1000      4211      8,80      0,00 5032944  308216   1,90  gnome-shell
23:41:33        0      5233      0,00      0,00  514224   50004   0,31  fwupd
23:41:33     1000      5898     40,20      0,00 1461722228  304968   1,88  antigravity
23:41:33     1000      5952     16,00      0,00 34383732  168040   1,04  antigravity
23:41:33     1000      5963      1,60      0,00 33906396   82512   0,51  antigravity
23:41:33     1000      6000    161,60      0,00 1461390892  410176   2,53  antigravity
23:41:33     1000      6006     18,40      0,00 1459645432  276888   1,71  antigravity
23:41:33     1000      6289      0,40      0,00 33951332   64440   0,40  antigravity
23:41:33     1000      6302      6,20      0,00 1461347888  121132   0,75  antigravity
23:41:33     1000      6303      1,20      0,00 1461367164  112424   0,69  antigravity
23:41:33     1000      6334     11,60      0,00 1461342992  259348   1,60  antigravity
23:41:33     1000      6366    684,00      0,00 1461351388  372584   2,30  antigravity
23:41:33     1000      6381     50,80      0,00 1461358904  155080   0,96  antigravity
23:41:33     1000      6409      8,60      0,00 1461383736  121296   0,75  antigravity
23:41:33     1000      9105     13,20      0,00 55451112  385800   2,38  chrome
23:41:33     1000      9152      3,20      0,00 55460668  193164   1,19  chrome
23:41:33     1000      9157      3,20      0,00 54984556  132080   0,81  chrome
23:41:33     1000      9168      0,20      0,00 55021684   62848   0,39  chrome
23:41:33     1000      9642      0,20      0,00 55012336   86728   0,53  chrome
23:41:33     1000      9657     35,60      0,00 1518552488  325132   2,00  chrome
23:41:33     1000      9773      0,40      0,00   14440    9152   0,06  ssh
23:41:33     1000     11043      2,80      0,00 3896760  217104   1,34  java

23:41:28      UID       PID   kB_rd/s   kB_wr/s kB_ccwr/s iodelay  Command
23:41:33     1000      6366      0,00      0,80      0,00       0  antigravity
23:41:33     1000      9105      0,00      4,80      0,00       0  chrome
23:41:33     1000      9157      0,00      4,80      0,00       0  chrome
23:41:33     1000     11011      0,00      1,09      0,00       0  pidstat
23:41:33     1000     11043      0,00      0,06      0,00       0  java

23:41:33      UID       PID    %usr %system  %guest   %wait    %CPU   CPU  Command
23:41:38        0         1    0,00    0,20    0,00    0,20    0,20     7  systemd
23:41:38        0        18    0,00    0,20    0,00    0,20    0,20     6  rcu_preempt
23:41:38        0        39    0,20    0,00    0,00    0,00    0,20     3  ksoftirqd/3
23:41:38        0        57    0,00    1,00    0,00    0,20    1,00     6  ksoftirqd/6
23:41:38        0        58    0,00    0,60    0,00    0,60    0,60     6  kworker/6:0-i915-unordered
23:41:38        0        63    0,20    0,00    0,00    0,00    0,20     7  ksoftirqd/7
23:41:38        0        65    0,00    0,20    0,00    0,00    0,20     7  kworker/7:0H-events_highpri
23:41:38        0        73    0,00    0,20    0,00    0,00    0,20     0  kworker/u32:7-events_unbound
23:41:38        0        80    0,20    0,00    0,00    0,00    0,20     3  kcompactd0
23:41:38        0       106    0,00    0,20    0,00    0,00    0,20     5  kworker/5:1-mm_percpu_wq
23:41:38      990       908    0,80    0,00    0,00    0,00    0,80     5  dbus-daemon
23:41:38      115       942    1,20    0,80    0,00    0,00    2,00     4  prometheus-node
23:41:38      115       943    0,20    0,00    0,00    0,00    0,20     1  prometheus
23:41:38        0      1081    0,20    0,00    0,00    0,00    0,20     5  NetworkManager
23:41:38        0      1646    0,20    0,00    0,00    0,00    0,20     6  glances
23:41:38        0      1668    0,20    0,00    0,00    0,00    0,20     3  containerd
23:41:38        0      2676    0,20    0,20    0,00    0,00    0,40     1  dockerd
23:41:38      117      2677    0,60    0,20    0,00    0,00    0,80     6  grafana
23:41:38        0      3027    1,20    0,80    0,00    0,00    2,00     5  mount.ntfs-3g
23:41:38        0      3068    0,20    0,20    0,00    0,00    0,40     0  containerd-shim
23:41:38        0      3076    0,20    0,00    0,00    0,00    0,20     7  containerd-shim
23:41:38        0      3091    0,20    0,00    0,00    0,00    0,20     3  containerd-shim
23:41:38        0      3120    0,20    0,00    0,00    0,00    0,20     4  containerd-shim
23:41:38      999      3241    0,40    0,20    0,00    0,00    0,60     3  redis-server
23:41:38     1000      4211    8,00    7,60    0,00    0,00   15,60     0  gnome-shell
23:41:38     1000      5898    3,60    1,40    0,00    0,00    5,00     1  antigravity
23:41:38     1000      5952    8,80    2,20    0,00    0,20   11,00     7  antigravity
23:41:38     1000      6000   16,20    0,60    0,00    0,00   16,80     6  antigravity
23:41:38     1000      6248    1,80    1,00    0,00    0,00    2,80     4  language_server
23:41:38     1000      6334    0,60    0,00    0,00    0,00    0,60     4  antigravity
23:41:38     1000      6366    1,20    0,40    0,00    0,00    1,60     5  antigravity
23:41:38     1000      6381    0,60    0,00    0,00    0,00    0,60     2  antigravity
23:41:38     1000      6409    0,20    0,40    0,00    0,00    0,60     3  antigravity
23:41:38     1000      6708    1,40    1,00    0,00    0,00    2,40     5  language_server
23:41:38     1000      7203    1,20    1,40    0,00    0,00    2,60     3  language_server
23:41:38        0      8594    0,00    0,60    0,00    0,20    0,60     6  kworker/u33:0-i915_flip
23:41:38        0      8778    0,00    0,20    0,00    0,20    0,20     7  kworker/7:0-mm_percpu_wq
23:41:38     1000      9105    0,20    0,00    0,00    0,00    0,20     6  chrome
23:41:38     1000      9152    0,20    0,00    0,00    0,00    0,20     5  chrome
23:41:38     1000      9210    0,20    0,00    0,00    0,00    0,20     0  chrome
23:41:38     1000      9378    0,80    0,00    0,00    0,00    0,80     6  gnome-terminal-
23:41:38     1000     10899    0,00    0,20    0,00    0,00    0,20     0  antigravity
23:41:38     1000     11011    0,00    0,40    0,00    0,00    0,40     3  pidstat
23:41:38     1000     11043    0,40    0,00    0,00    0,00    0,40     0  java

23:41:33      UID       PID  minflt/s  majflt/s     VSZ     RSS   %MEM  Command
23:41:38      115       942     74,00      0,00 1614080   25140   0,15  prometheus-node
23:41:38      115       943     11,20      0,00 2610260  104288   0,64  prometheus
23:41:38        0      1654    110,60      0,00 1421460   98892   0,61  tailscaled
23:41:38        0      3068      0,20      0,00 1235608   14360   0,09  containerd-shim
23:41:38        0      3075      0,20      0,00 1235608   14404   0,09  containerd-shim
23:41:38        0      3076      2,20      0,00 1235608   14048   0,09  containerd-shim
23:41:38        0      3091      0,60      0,00 1235608   15000   0,09  containerd-shim
23:41:38        0      3120      5,60      0,00 1235608   14376   0,09  containerd-shim
23:41:38     1000      4211      3,60      0,00 5033008  308216   1,90  gnome-shell
23:41:38     1000      5898     36,20      0,00 1461714124  305064   1,88  antigravity
23:41:38     1000      5952      6,00      0,00 34383788  167760   1,03  antigravity
23:41:38     1000      5963      0,80      0,00 33906396   82512   0,51  antigravity
23:41:38     1000      6000    246,80      0,00 1461390892  403760   2,49  antigravity
23:41:38     1000      6006     17,40      0,00 1459645432  277272   1,71  antigravity
23:41:38     1000      6289      0,20      0,00 33951332   64440   0,40  antigravity
23:41:38     1000      6302      3,40      0,00 1461347888  121132   0,75  antigravity
23:41:38     1000      6303      0,80      0,00 1461367164  112424   0,69  antigravity
23:41:38     1000      6334     17,60      0,00 1461342992  259348   1,60  antigravity
23:41:38     1000      6366    433,00      0,00 1461351388  371676   2,29  antigravity
23:41:38     1000      6381     25,80      0,00 1461358904  155188   0,96  antigravity
23:41:38     1000      6409     85,40      0,00 1461383736  121296   0,75  antigravity
23:41:38     1000      9105     10,40      0,00 55451112  385800   2,38  chrome
23:41:38     1000      9152      3,20      0,00 55460668  193164   1,19  chrome
23:41:38     1000      9157      3,00      0,00 54984556  132216   0,81  chrome
23:41:38     1000      9168      0,20      0,00 55021684   62848   0,39  chrome
23:41:38     1000      9642      0,20      0,00 55012336   86728   0,53  chrome
23:41:38     1000     10899      0,00      0,00 1459576016  114316   0,70  antigravity
23:41:38     1000     11043      3,60      0,00 3896760  217104   1,34  java

23:41:33      UID       PID   kB_rd/s   kB_wr/s kB_ccwr/s iodelay  Command
23:41:38     1000      5898      0,00      2,40      0,00       0  antigravity
23:41:38     1000      6366      0,00      0,80      0,00       0  antigravity
23:41:38     1000      9105      0,00      5,60      0,00       0  chrome
23:41:38     1000     11011      0,00      1,19      0,00       0  pidstat

23:41:38      UID       PID    %usr %system  %guest   %wait    %CPU   CPU  Command
23:41:43        0        57    0,00    0,80    0,00    0,00    0,80     6  ksoftirqd/6
23:41:43        0        58    0,00    0,80    0,00    0,60    0,80     6  kworker/6:0-i915-unordered
23:41:43        0        67    0,00    0,20    0,00    0,00    0,20     7  kworker/u32:1-kvfree_rcu_reclaim
23:41:43        0       175    0,00    0,20    0,00    0,00    0,20     6  kworker/6:1H-events_highpri
23:41:43        0      1654    0,20    0,20    0,00    0,00    0,40     1  tailscaled
23:41:43        0      1668    0,40    0,20    0,00    0,00    0,60     3  containerd
23:41:43        0      2676    0,40    0,00    0,00    0,00    0,40     1  dockerd
23:41:43      117      2677    0,60    0,20    0,00    0,00    0,80     2  grafana
23:41:43        0      3027    1,20    1,00    0,00    0,00    2,20     0  mount.ntfs-3g
23:41:43        0      3075    0,00    0,20    0,00    0,00    0,20     3  containerd-shim
23:41:43      999      3241    0,40    0,00    0,00    0,00    0,40     5  redis-server
23:41:43     1000      4211    7,40    8,00    0,00    0,00   15,40     5  gnome-shell
23:41:43     1000      4546    0,20    0,00    0,00    0,00    0,20     1  anydesk
23:41:43     1000      5898    3,80    1,40    0,00    0,00    5,20     0  antigravity
23:41:43     1000      5952    8,20    2,40    0,00    0,00   10,60     5  antigravity
23:41:43     1000      6000    6,00    0,80    0,00    0,00    6,80     6  antigravity
23:41:43     1000      6006    0,20    0,20    0,00    0,00    0,40     3  antigravity
23:41:43     1000      6248    2,00    1,00    0,00    0,00    3,00     4  language_server
23:41:43     1000      6334    0,40    0,00    0,00    0,00    0,40     5  antigravity
23:41:43     1000      6366    0,80    0,40    0,00    0,00    1,20     3  antigravity
23:41:43     1000      6381    0,80    0,00    0,00    0,00    0,80     5  antigravity
23:41:43     1000      6409    0,40    0,00    0,00    0,00    0,40     2  antigravity
23:41:43     1000      6708    1,80    0,80    0,00    0,00    2,60     5  language_server
23:41:43     1000      7203    1,80    0,80    0,00    0,00    2,60     3  language_server
23:41:43        0      8594    0,00    0,60    0,00    0,00    0,60     1  kworker/u33:0-i915_flip
23:41:43     1000      9105    0,20    0,00    0,00    0,00    0,20     7  chrome
23:41:43     1000      9152    0,20    0,20    0,00    0,00    0,40     5  chrome
23:41:43     1000      9335    0,00    0,20    0,00    0,00    0,20     0  chrome
23:41:43     1000      9378    0,60    0,00    0,00    0,00    0,60     4  gnome-terminal-
23:41:43     1000     11011    0,40    0,20    0,00    0,00    0,60     4  pidstat
23:41:43     1000     11043    0,60    0,00    0,00    0,00    0,60     0  java

23:41:38      UID       PID  minflt/s  majflt/s     VSZ     RSS   %MEM  Command
23:41:43      115       943      0,20      0,00 2610260  104288   0,64  prometheus
23:41:43        0      1654    112,00      0,00 1421460  101068   0,62  tailscaled
23:41:43      114      1776      4,00      0,00  218252   29316   0,18  postgres
23:41:43        0      3068      6,40      0,00 1235608   14488   0,09  containerd-shim
23:41:43        0      3075      9,00      0,00 1235608   14660   0,09  containerd-shim
23:41:43        0      3076     10,60      0,00 1235608   14304   0,09  containerd-shim
23:41:43        0      3091      9,00      0,00 1235608   15000   0,09  containerd-shim
23:41:43        0      3120     10,60      0,00 1235608   14376   0,09  containerd-shim
23:41:43     1000      4211      6,80      0,00 5032944  308344   1,90  gnome-shell
23:41:43     1000      5898     33,80      0,00 1461714124  305576   1,88  antigravity
23:41:43     1000      5952     24,80      0,00 34379628  167668   1,03  antigravity
23:41:43     1000      5963      0,80      0,00 33906396   82512   0,51  antigravity
23:41:43     1000      6000    121,20      0,00 1461390892  404252   2,49  antigravity
23:41:43     1000      6006     13,00      0,00 1459645432  277400   1,71  antigravity
23:41:43     1000      6289      0,20      0,00 33951332   64440   0,40  antigravity
23:41:43     1000      6302      3,00      0,00 1461347888  121132   0,75  antigravity
23:41:43     1000      6303      0,60      0,00 1461367164  112424   0,69  antigravity
23:41:43     1000      6334     54,80      0,00 1461342992  259556   1,60  antigravity
23:41:43     1000      6366    372,20      0,00 1461351388  371860   2,29  antigravity
23:41:43     1000      6381     23,00      0,00 1461358904  154952   0,95  antigravity
23:41:43     1000      6409    154,40      0,00 1461383736  121140   0,75  antigravity
23:41:43     1000      9105     13,60      0,00 55451112  385800   2,38  chrome
23:41:43     1000      9152      3,20      0,00 55460668  193164   1,19  chrome
23:41:43     1000      9157      2,60      0,00 54984556  132216   0,81  chrome
23:41:43     1000      9168      0,20      0,00 55021684   62848   0,39  chrome
23:41:43     1000      9642      0,40      0,00 55012336   86728   0,53  chrome
23:41:43     1000      9657      0,00      0,00 1518552488  324588   2,00  chrome
23:41:43     1000     11043      3,60      0,00 3896760  217232   1,34  java

23:41:38      UID       PID   kB_rd/s   kB_wr/s kB_ccwr/s iodelay  Command
23:41:43     1000      6366      0,00      1,60      0,00       0  antigravity
23:41:43     1000      9105      0,00      4,00      0,00       0  chrome
23:41:43     1000     11011      0,00      1,34      0,00       0  pidstat

23:41:43      UID       PID    %usr %system  %guest   %wait    %CPU   CPU  Command
23:41:48        0        57    0,00    1,20    0,00    0,00    1,20     6  ksoftirqd/6
23:41:48        0        58    0,00    0,60    0,00    0,80    0,60     6  kworker/6:0-i915-unordered
23:41:48      115       943    0,20    0,00    0,00    0,00    0,20     1  prometheus
23:41:48        0      1646    0,20    0,00    0,00    0,00    0,20     6  glances
23:41:48        0      1654    0,20    0,00    0,00    0,00    0,20     2  tailscaled
23:41:48        0      1668    0,20    0,20    0,00    0,00    0,40     3  containerd
23:41:48        0      2676    0,20    0,40    0,00    0,00    0,60     1  dockerd
23:41:48      117      2677    0,40    0,40    0,00    0,00    0,80     0  grafana
23:41:48        0      3027    1,20    0,60    0,00    0,00    1,80     6  mount.ntfs-3g
23:41:48        0      3068    0,20    0,00    0,00    0,00    0,20     0  containerd-shim
23:41:48        0      3076    0,00    0,20    0,00    0,00    0,20     7  containerd-shim
23:41:48        0      3091    0,20    0,00    0,00    0,00    0,20     3  containerd-shim
23:41:48      999      3241    0,40    0,00    0,00    0,00    0,40     4  redis-server
23:41:48     1000      4211    7,00    8,60    0,00    0,00   15,60     3  gnome-shell
23:41:48     1000      5898    4,00    1,40    0,00    0,20    5,40     7  antigravity
23:41:48     1000      5952    8,80    2,00    0,00    0,00   10,80     3  antigravity
23:41:48     1000      6000    6,00    0,80    0,00    0,00    6,80     1  antigravity
23:41:48     1000      6248    1,60    1,40    0,00    0,00    3,00     4  language_server
23:41:48     1000      6303    0,00    0,20    0,00    0,00    0,20     2  antigravity
23:41:48     1000      6334    0,40    0,20    0,00    0,00    0,60     5  antigravity
23:41:48     1000      6366    1,00    0,40    0,00    0,00    1,40     1  antigravity
23:41:48     1000      6381    0,40    0,20    0,00    0,00    0,60     3  antigravity
23:41:48     1000      6409    0,20    0,00    0,00    0,00    0,20     3  antigravity
23:41:48     1000      6708    1,40    1,00    0,00    0,00    2,40     5  language_server
23:41:48     1000      7203    2,00    0,80    0,00    0,00    2,80     3  language_server
23:41:48        0      8594    0,00    0,60    0,00    0,00    0,60     7  kworker/u33:0-i915_flip
23:41:48        0      8774    0,20    0,00    0,00    0,00    0,20     0  kworker/0:2-i915-unordered
23:41:48     1000      9105    0,60    0,20    0,00    0,00    0,80     1  chrome
23:41:48     1000      9152    0,20    0,00    0,00    0,00    0,20     1  chrome
23:41:48     1000      9157    0,20    0,20    0,00    0,00    0,40     4  chrome
23:41:48     1000      9168    0,20    0,00    0,00    0,00    0,20     3  chrome
23:41:48     1000      9378    1,20    0,00    0,00    0,00    1,20     4  gnome-terminal-
23:41:48     1000      9657    0,80    0,00    0,00    0,00    0,80     0  chrome
23:41:48     1000     11011    0,20    0,40    0,00    0,00    0,60     6  pidstat
23:41:48     1000     11043    0,40    0,00    0,00    0,00    0,40     0  java

23:41:43      UID       PID  minflt/s  majflt/s     VSZ     RSS   %MEM  Command
23:41:48        0      1654     18,60      0,00 1421460  101452   0,62  tailscaled
23:41:48        0      1668      8,60      0,00 2463668   70168   0,43  containerd
23:41:48        0      3068     11,80      0,00 1235608   14872   0,09  containerd-shim
23:41:48        0      3075     11,60      0,00 1235608   14660   0,09  containerd-shim
23:41:48        0      3076     12,00      0,00 1235608   14560   0,09  containerd-shim
23:41:48        0      3091     12,40      0,00 1235608   15128   0,09  containerd-shim
23:41:48        0      3120     12,60      0,00 1235608   14760   0,09  containerd-shim
23:41:48     1000      4211      3,40      0,00 5032944  308344   1,90  gnome-shell
23:41:48     1000      5898     42,80      0,00 1461714124  305016   1,88  antigravity
23:41:48     1000      5952     23,40      0,00 34379564  167924   1,03  antigravity
23:41:48     1000      5963      0,80      0,00 33906396   82512   0,51  antigravity
23:41:48     1000      6000    104,40      0,00 1461390892  404764   2,49  antigravity
23:41:48     1000      6006      7,40      0,00 1459645432  277528   1,71  antigravity
23:41:48     1000      6289      0,20      0,00 33951332   64440   0,40  antigravity
23:41:48     1000      6302      3,00      0,00 1461347888  121132   0,75  antigravity
23:41:48     1000      6303      0,80      0,00 1461367164  112424   0,69  antigravity
23:41:48     1000      6334     49,80      0,00 1461342992  259356   1,60  antigravity
23:41:48     1000      6366    369,40      0,00 1461351388  372236   2,29  antigravity
23:41:48     1000      6381     47,00      0,00 1461358904  155460   0,96  antigravity
23:41:48     1000      6409      8,40      0,00 1461383736  121140   0,75  antigravity
23:41:48     1000      9105     94,60      0,00 55451112  385704   2,38  chrome
23:41:48     1000      9152      6,40      0,00 55460668  193164   1,19  chrome
23:41:48     1000      9157     27,00      0,00 54984556  132216   0,81  chrome
23:41:48     1000      9168      0,40      0,00 55021684   62848   0,39  chrome
23:41:48     1000      9642      0,20      0,00 55012336   86728   0,53  chrome
23:41:48     1000      9657    225,60      0,00 1520518568  328176   2,02  chrome
23:41:48     1000     11043      3,80      0,00 3896760  217232   1,34  java

23:41:43      UID       PID   kB_rd/s   kB_wr/s kB_ccwr/s iodelay  Command
23:41:48     1000      6366      0,00      0,80      0,00       0  antigravity
23:41:48     1000      9105      0,00     38,40      0,00       0  chrome
23:41:48     1000     11011      0,00      1,09      0,00       0  pidstat

23:41:48      UID       PID    %usr %system  %guest   %wait    %CPU   CPU  Command
23:41:53        0         1    0,20    0,00    0,00    0,00    0,20     4  systemd
23:41:53        0        57    0,00    1,00    0,00    0,00    1,00     6  ksoftirqd/6
23:41:53        0        58    0,00    0,60    0,00    0,80    0,60     6  kworker/6:0-i915-unordered
23:41:53        0        86    0,00    0,20    0,00    0,00    0,20     1  irq/9-acpi
23:41:53        0       113    0,00    0,20    0,00    0,00    0,20     0  kworker/0:1H-events_highpri
23:41:53        0       319    0,00    0,20    0,00    0,00    0,20     7  jbd2/sda6-8
23:41:53        0       647    0,00    0,20    0,00    0,00    0,20     0  irq/130-iwlwifi
23:41:53        0       684    0,00    0,20    0,00    0,00    0,20     1  kworker/u32:8-kvfree_rcu_reclaim
23:41:53      990       908    0,80    0,00    0,00    0,00    0,80     5  dbus-daemon
23:41:53      115       942    1,60    0,40    0,00    0,00    2,00     0  prometheus-node
23:41:53      115       943    0,20    0,20    0,00    0,00    0,40     1  prometheus
23:41:53        0      1646    0,20    0,00    0,00    0,00    0,20     6  glances
23:41:53        0      1668    0,40    0,00    0,00    0,00    0,40     3  containerd
23:41:53        0      2676    0,40    0,00    0,00    0,00    0,40     1  dockerd
23:41:53      117      2677    0,60    0,20    0,00    0,00    0,80     3  grafana
23:41:53        0      3027    1,00    1,00    0,00    0,00    2,00     5  mount.ntfs-3g
23:41:53        0      3075    0,20    0,00    0,00    0,00    0,20     3  containerd-shim
23:41:53        0      3076    0,20    0,00    0,00    0,00    0,20     7  containerd-shim
23:41:53        0      3091    0,00    0,20    0,00    0,00    0,20     3  containerd-shim
23:41:53        0      3120    0,20    0,00    0,00    0,00    0,20     4  containerd-shim
23:41:53      999      3241    0,60    0,00    0,00    0,00    0,60     6  redis-server
23:41:53     1000      4211    7,80    8,00    0,00    0,20   15,80     5  gnome-shell
23:41:53     1000      5898    3,60    1,80    0,00    0,00    5,40     0  antigravity
23:41:53     1000      5952    9,00    1,80    0,00    0,00   10,80     1  antigravity
23:41:53     1000      6000    6,40    0,60    0,00    0,00    7,00     7  antigravity
23:41:53     1000      6006    0,40    0,00    0,00    0,00    0,40     4  antigravity
23:41:53     1000      6248    1,40    1,60    0,00    0,00    3,00     4  language_server
23:41:53     1000      6334    0,60    0,00    0,00    0,00    0,60     3  antigravity
23:41:53     1000      6366    0,60    0,60    0,00    0,00    1,20     5  antigravity
23:41:53     1000      6381    0,60    0,20    0,00    0,00    0,80     7  antigravity
23:41:53     1000      6409    0,20    0,20    0,00    0,00    0,40     6  antigravity
23:41:53     1000      6708    1,20    1,20    0,00    0,00    2,40     5  language_server
23:41:53     1000      7203    1,60    1,20    0,00    0,00    2,80     3  language_server
23:41:53        0      8594    0,00    0,80    0,00    0,00    0,80     7  kworker/u33:0+i915_flip
23:41:53     1000      9105    0,20    0,20    0,00    0,00    0,40     1  chrome
23:41:53     1000      9152    0,20    0,20    0,00    0,00    0,40     2  chrome
23:41:53     1000      9378    1,00    0,00    0,00    0,00    1,00     4  gnome-terminal-
23:41:53     1000      9657    0,40    0,00    0,00    0,00    0,40     4  chrome
23:41:53     1000      9668    0,20    0,20    0,00   20,00    0,40     6  chrome
23:41:53        0     10107    0,00    0,20    0,00    0,00    0,20     2  kworker/2:0-mm_percpu_wq
23:41:53     1000     10899    0,20    0,00    0,00    0,00    0,20     2  antigravity
23:41:53     1000     11011    0,20    0,20    0,00    0,00    0,40     2  pidstat
23:41:53     1000     11043    0,40    0,00    0,00    0,00    0,40     0  java

23:41:48      UID       PID  minflt/s  majflt/s     VSZ     RSS   %MEM  Command
23:41:53      115       942     47,60      0,00 1614080   25164   0,16  prometheus-node
23:41:53        0      1654     21,00      0,00 1421460  101836   0,63  tailscaled
23:41:53        0      1668      1,80      0,00 2463668   70168   0,43  containerd
23:41:53        0      3068     14,40      0,00 1235608   15000   0,09  containerd-shim
23:41:53        0      3075      5,60      0,00 1235608   14660   0,09  containerd-shim
23:41:53        0      3076     12,80      0,00 1235608   14688   0,09  containerd-shim
23:41:53        0      3091     11,20      0,00 1235608   15512   0,10  containerd-shim
23:41:53        0      3120      8,80      0,00 1235608   14760   0,09  containerd-shim
23:41:53     1000      4211      7,00      0,00 5032944  308344   1,90  gnome-shell
23:41:53     1000      5898     36,40      0,00 1461714124  305032   1,88  antigravity
23:41:53     1000      5952      8,80      0,00 34379308  168052   1,04  antigravity
23:41:53     1000      5963      1,60      0,00 33906396   82512   0,51  antigravity
23:41:53     1000      6000    263,60      0,00 1461390892  406720   2,51  antigravity
23:41:53     1000      6006     37,20      0,00 1459645432  277388   1,71  antigravity
23:41:53     1000      6289      0,40      0,00 33951332   64440   0,40  antigravity
23:41:53     1000      6302      7,60      0,00 1461347888  121132   0,75  antigravity
23:41:53     1000      6303      1,40      0,00 1461367164  112424   0,69  antigravity
23:41:53     1000      6334     15,40      0,00 1461342992  259228   1,60  antigravity
23:41:53     1000      6366    357,00      0,00 1461351388  372404   2,29  antigravity
23:41:53     1000      6381     30,20      0,00 1461358904  155516   0,96  antigravity
23:41:53     1000      6409      2,80      0,00 1461383736  121140   0,75  antigravity
23:41:53     1000      9105     31,80      0,00 55451112  385960   2,38  chrome
23:41:53     1000      9152      3,20      0,00 55460668  193164   1,19  chrome
23:41:53     1000      9157      5,40      0,00 54984556  132088   0,81  chrome
23:41:53     1000      9168      0,20      0,00 55021684   62848   0,39  chrome
23:41:53     1000      9642      0,20      0,00 55012336   86728   0,53  chrome
23:41:53     1000      9657    264,00      0,00 1520518568  333424   2,05  chrome
23:41:53     1000     11043      1,20      0,00 3896760  217360   1,34  java

23:41:48      UID       PID   kB_rd/s   kB_wr/s kB_ccwr/s iodelay  Command
23:41:53     1000      5898      0,00      4,80      0,00       0  antigravity
23:41:53     1000      6366      0,00      0,80      0,00       0  antigravity
23:41:53     1000      9105      0,00      5,60      0,00       0  chrome
23:41:53     1000     11011      0,00      1,14      0,00       0  pidstat

Rata-rata:    UID       PID    %usr %system  %guest   %wait    %CPU   CPU  Command
Rata-rata:      0         1    0,08    0,03    0,00    0,02    0,12     -  systemd
Rata-rata:      0        18    0,00    0,05    0,00    0,03    0,05     -  rcu_preempt
Rata-rata:      0        28    0,02    0,00    0,00    0,00    0,02     -  kworker/1:0-events_freezable
Rata-rata:      0        39    0,02    0,00    0,00    0,00    0,02     -  ksoftirqd/3
Rata-rata:      0        57    0,00    1,05    0,00    0,03    1,05     -  ksoftirqd/6
Rata-rata:      0        58    0,00    0,63    0,00    0,80    0,63     -  kworker/6:0-i915-unordered
Rata-rata:      0        63    0,02    0,00    0,00    0,00    0,02     -  ksoftirqd/7
Rata-rata:      0        65    0,00    0,03    0,00    0,02    0,03     -  kworker/7:0H-events_highpri
Rata-rata:      0        67    0,00    0,03    0,00    0,00    0,03     -  kworker/u32:1-kvfree_rcu_reclaim
Rata-rata:      0        71    0,00    0,02    0,00    0,00    0,02     -  kworker/u32:5-ext4-rsv-conversion
Rata-rata:      0        73    0,00    0,02    0,00    0,00    0,02     -  kworker/u32:7-events_unbound
Rata-rata:      0        80    0,02    0,00    0,00    0,85    0,02     -  kcompactd0
Rata-rata:      0        82    0,00    0,03    0,00    0,00    0,03     -  khugepaged
Rata-rata:      0        86    0,00    0,05    0,00    0,00    0,05     -  irq/9-acpi
Rata-rata:      0        90    0,00    0,02    0,00    0,02    0,02     -  kworker/4:1-mm_percpu_wq
Rata-rata:      0       106    0,00    0,03    0,00    0,02    0,03     -  kworker/5:1-mm_percpu_wq
Rata-rata:      0       113    0,00    0,02    0,00    0,00    0,02     -  kworker/0:1H-events_highpri
Rata-rata:      0       175    0,00    0,03    0,00    0,00    0,03     -  kworker/6:1H-events_highpri
Rata-rata:      0       214    0,00    0,02    0,00    0,00    0,02     -  kworker/1:1H-kblockd
Rata-rata:      0       256    0,00    0,02    0,00    0,02    0,02     -  kworker/2:3-events
Rata-rata:      0       319    0,00    0,02    0,00    0,00    0,02     -  jbd2/sda6-8
Rata-rata:      0       375    0,02    0,00    0,00    0,00    0,02     -  systemd-journal
Rata-rata:      0       435    0,00    0,03    0,00    0,02    0,03     -  systemd-udevd
Rata-rata:      0       647    0,00    0,03    0,00    0,00    0,03     -  irq/130-iwlwifi
Rata-rata:      0       684    0,00    0,02    0,00    0,00    0,02     -  kworker/u32:8-kvfree_rcu_reclaim
Rata-rata:    990       908    0,30    0,02    0,00    0,00    0,32     -  dbus-daemon
Rata-rata:    115       942    0,43    0,18    0,00    0,00    0,62     -  prometheus-node
Rata-rata:    115       943    0,17    0,02    0,00    0,00    0,18     -  prometheus
Rata-rata:      0       954    0,02    0,00    0,00    0,00    0,02     -  systemd-logind
Rata-rata:      0       955    0,02    0,00    0,00    0,00    0,02     -  udisksd
Rata-rata:      0      1081    0,03    0,00    0,00    0,00    0,03     -  NetworkManager
Rata-rata:      0      1646    0,15    0,00    0,00    0,00    0,15     -  glances
Rata-rata:      0      1654    0,17    0,07    0,00    0,00    0,23     -  tailscaled
Rata-rata:      0      1668    0,30    0,18    0,00    0,00    0,48     -  containerd
Rata-rata:      0      1673    0,02    0,00    0,00    0,00    0,02     -  anydesk
Rata-rata:    111      1761    0,02    0,00    0,00    0,00    0,02     -  mariadbd
Rata-rata:      0      2676    0,42    0,17    0,00    0,00    0,58     -  dockerd
Rata-rata:    117      2677    0,50    0,28    0,00    0,02    0,78     -  grafana
Rata-rata:      0      3027    1,17    0,83    0,00    0,00    2,00     -  mount.ntfs-3g
Rata-rata:      0      3068    0,08    0,03    0,00    0,00    0,12     -  containerd-shim
Rata-rata:      0      3075    0,05    0,07    0,00    0,00    0,12     -  containerd-shim
Rata-rata:      0      3076    0,08    0,03    0,00    0,00    0,12     -  containerd-shim
Rata-rata:      0      3091    0,08    0,05    0,00    0,00    0,13     -  containerd-shim
Rata-rata:      0      3120    0,08    0,05    0,00    0,00    0,13     -  containerd-shim
Rata-rata:    999      3241    0,43    0,03    0,00    0,00    0,47     -  redis-server
Rata-rata:   1000      3918    0,03    0,00    0,00    0,00    0,03     -  systemd
Rata-rata:   1000      4002    0,02    0,02    0,00    0,00    0,03     -  dbus-daemon
Rata-rata:   1000      4003    0,02    0,02    0,00    0,00    0,03     -  pipewire
Rata-rata:   1000      4006    0,03    0,00    0,00    0,00    0,03     -  wireplumber
Rata-rata:   1000      4009    0,00    0,03    0,00    0,00    0,03     -  pipewire-pulse
Rata-rata:   1000      4211    8,60    7,66    0,00    0,05   16,26     -  gnome-shell
Rata-rata:   1000      4226    0,00    0,02    0,00    0,00    0,02     -  dbus-daemon
Rata-rata:   1000      4491    0,00    0,02    0,00    0,00    0,02     -  gsd-housekeepin
Rata-rata:   1000      4525    0,02    0,02    0,00    0,00    0,03     -  gsd-sharing
Rata-rata:   1000      4546    0,02    0,00    0,00    0,00    0,02     -  anydesk
Rata-rata:   1000      4691    0,02    0,00    0,00    0,00    0,02     -  ibus-portal
Rata-rata:   1000      4757    0,02    0,00    0,00    0,00    0,02     -  gvfs-udisks2-vo
Rata-rata:   1000      4808    0,00    0,02    0,00    0,00    0,02     -  goa-daemon
Rata-rata:   1000      5898    3,81    1,58    0,00    0,07    5,40     -  antigravity
Rata-rata:   1000      5952    9,05    2,12    0,00    0,05   11,16     -  antigravity
Rata-rata:   1000      5963    0,02    0,00    0,00    0,00    0,02     -  antigravity
Rata-rata:   1000      6000    9,40    0,87    0,00    0,08   10,26     -  antigravity
Rata-rata:   1000      6006    0,15    0,05    0,00    0,00    0,20     -  antigravity
Rata-rata:   1000      6248    1,67    1,28    0,00    0,00    2,95     -  language_server
Rata-rata:   1000      6302    0,02    0,00    0,00    0,00    0,02     -  antigravity
Rata-rata:   1000      6303    0,02    0,02    0,00    0,00    0,03     -  antigravity
Rata-rata:   1000      6334    1,07    0,08    0,00    0,00    1,15     -  antigravity
Rata-rata:   1000      6366    2,18    0,52    0,00    0,02    2,70     -  antigravity
Rata-rata:   1000      6381    0,68    0,07    0,00    0,00    0,75     -  antigravity
Rata-rata:   1000      6409    0,27    0,17    0,00    0,00    0,43     -  antigravity
Rata-rata:   1000      6708    1,47    0,98    0,00    0,00    2,45     -  language_server
Rata-rata:   1000      7203    1,63    1,12    0,00    0,00    2,75     -  language_server
Rata-rata:   1000      7325    0,02    0,00    0,00    0,00    0,02     -  antigravity
Rata-rata:      0      8594    0,00    0,65    0,00    0,10    0,65     -  kworker/u33:0+i915_flip
Rata-rata:      0      8774    0,03    0,00    0,00    0,03    0,03     -  kworker/0:2-events
Rata-rata:      0      8778    0,00    0,02    0,00    0,02    0,02     -  kworker/7:0-mm_percpu_wq
Rata-rata:      0      8948    0,02    0,00    0,00    0,02    0,02     -  kworker/3:0-mm_percpu_wq
Rata-rata:   1000      9105    0,22    0,13    0,00    0,02    0,35     -  chrome
Rata-rata:   1000      9152    0,22    0,10    0,00    0,00    0,32     -  chrome
Rata-rata:   1000      9157    0,05    0,05    0,00    0,00    0,10     -  chrome
Rata-rata:   1000      9168    0,02    0,00    0,00    0,00    0,02     -  chrome
Rata-rata:   1000      9202    0,02    0,02    0,00    0,00    0,03     -  chrome
Rata-rata:   1000      9210    0,05    0,02    0,00    0,00    0,07     -  chrome
Rata-rata:   1000      9335    0,02    0,02    0,00    0,00    0,03     -  chrome
Rata-rata:   1000      9378    0,95    0,00    0,00    0,02    0,95     -  gnome-terminal-
Rata-rata:   1000      9642    0,02    0,00    0,00    1,67    0,02     -  chrome
Rata-rata:   1000      9657    0,15    0,02    0,00    3,35    0,17     -  chrome
Rata-rata:   1000      9668    0,02    0,02    0,00    1,67    0,03     -  chrome
Rata-rata:   1000      9773    0,00    0,02    0,00    0,00    0,02     -  ssh
Rata-rata:      0     10107    0,00    0,02    0,00    0,00    0,02     -  kworker/2:0-mm_percpu_wq
Rata-rata:   1000     10899    0,07    0,02    0,00    0,00    0,08     -  antigravity
Rata-rata:   1000     11011    0,20    0,32    0,00    0,00    0,52     -  pidstat
Rata-rata:   1000     11043   10,24    0,43    0,00    0,00   10,68     -  java

Rata-rata:    UID       PID  minflt/s  majflt/s     VSZ     RSS   %MEM  Command
Rata-rata:      0       375      4,26      0,00  163644   80328   0,49  systemd-journal
Rata-rata:      0       435      7,28      0,00   37432   10756   0,07  systemd-udevd
Rata-rata:    115       942     24,39      0,00 1614080   25192   0,16  prometheus-node
Rata-rata:    115       943      3,65      0,00 2610260  104053   0,64  prometheus
Rata-rata:      0      1654     30,13      0,00 1421460   97175   0,60  tailscaled
Rata-rata:      0      1668      3,71      0,00 2463668   69994   0,43  containerd
Rata-rata:    114      1776      0,93      0,00  218252   29316   0,18  postgres
Rata-rata:      0      2676      0,03      0,00 3358484  107956   0,67  dockerd
Rata-rata:    117      2677      0,23      0,00 1765680  336524   2,07  grafana
Rata-rata:      0      3068      7,35      0,00 1235608   14845   0,09  containerd-shim
Rata-rata:      0      3075      6,53      0,00 1235608   14649   0,09  containerd-shim
Rata-rata:      0      3076      7,93      0,00 1235608   14553   0,09  containerd-shim
Rata-rata:      0      3091      9,21      0,00 1235608   15435   0,10  containerd-shim
Rata-rata:      0      3120      8,45      0,00 1235608   14685   0,09  containerd-shim
Rata-rata:     70      3230      0,37      0,00  174540   25788   0,16  postgres
Rata-rata:    117      3639      0,02      0,00 1296394   35328   0,22  gpx_grafana_ela
Rata-rata:   1000      4002      0,05      0,00    9560    5816   0,04  dbus-daemon
Rata-rata:   1000      4003      3,02      0,00  104053   13664   0,08  pipewire
Rata-rata:   1000      4006      0,03      0,00  718576   27064   0,17  wireplumber
Rata-rata:   1000      4009      3,20      0,00  171976   14901   0,09  pipewire-pulse
Rata-rata:   1000      4211      6,55      0,00 5033650  308283   1,90  gnome-shell
Rata-rata:   1000      4932      0,00      0,00  735944   31096   0,19  localsearch-3
Rata-rata:   1000      4941      0,02      0,00  704604   20144   0,12  xdg-desktop-por
Rata-rata:      0      5233      0,00      0,00  514224   48735   0,30  fwupd
Rata-rata:   1000      5898     44,81      0,00 1461719527  305146   1,88  antigravity
Rata-rata:   1000      5952     18,16      0,00 34384711  168007   1,04  antigravity
Rata-rata:   1000      5963      1,00      0,00 33906396   82589   0,51  antigravity
Rata-rata:   1000      6000    243,58      0,00 1461390871  406530   2,50  antigravity
Rata-rata:   1000      6006     17,57      0,00 1459645432  276354   1,70  antigravity
Rata-rata:   1000      6289      0,25      0,00 33951332   64440   0,40  antigravity
Rata-rata:   1000      6302      4,18      0,00 1461347888  121132   0,75  antigravity
Rata-rata:   1000      6303      0,95      0,00 1461367164  112392   0,69  antigravity
Rata-rata:   1000      6334     58,92      0,00 1461342992  259389   1,60  antigravity
Rata-rata:   1000      6366    738,48      0,00 1461351388  360414   2,22  antigravity
Rata-rata:   1000      6381     29,94      0,00 1461358904  154662   0,95  antigravity
Rata-rata:   1000      6409     82,48      0,00 1461383736  121133   0,75  antigravity
Rata-rata:   1000      6708      0,08      0,00 4256016  479888   2,96  language_server
Rata-rata:   1000      9105     26,37      0,00 55451112  385805   2,38  chrome
Rata-rata:   1000      9152      4,00      0,00 55460668  193164   1,19  chrome
Rata-rata:   1000      9157     15,29      0,00 54984556  132342   0,82  chrome
Rata-rata:   1000      9168      0,25      0,00 55021684   62848   0,39  chrome
Rata-rata:   1000      9202      0,02      0,00 1518493880  150988   0,93  chrome
Rata-rata:   1000      9642      0,25      0,00 55012336   86728   0,53  chrome
Rata-rata:   1000      9657     53,02      0,00 1520027048  329245   2,03  chrome
Rata-rata:   1000      9773      0,03      0,00   14440    9152   0,06  ssh
Rata-rata:   1000     10899      3,38      0,00 1459865397  119920   0,74  antigravity
Rata-rata:   1000     10937      1,10      0,00    7148    3264   0,02  run_all_tests.s
Rata-rata:   1000     11011      0,73      0,00    6283    5284   0,03  pidstat
Rata-rata:   1000     11012      0,35      0,00    2676    1644   0,01  jmeter
Rata-rata:   1000     11043    548,03      0,00 3896760  218430   1,35  java

Rata-rata:    UID       PID   kB_rd/s   kB_wr/s kB_ccwr/s iodelay  Command
Rata-rata:   1000      4006      0,00      0,13      0,00       0  wireplumber
Rata-rata:   1000      4211      0,00      6,00      0,00       0  gnome-shell
Rata-rata:   1000      5898      0,00      1,67      0,00       0  antigravity
Rata-rata:   1000      6334      0,00      0,07      0,00       0  antigravity
Rata-rata:   1000      6366      0,00      0,60      0,00       0  antigravity
Rata-rata:   1000      9105      0,80     11,19      0,00       0  chrome
Rata-rata:   1000      9157      0,07     18,79      0,07       0  chrome
Rata-rata:   1000     10937      0,00     15,41      5,93       0  run_all_tests.s
Rata-rata:   1000     11011      0,00      1,18      0,00       0  pidstat
Rata-rata:   1000     11043      0,00      0,19      0,00       0  java
