Linux 6.12.96+deb13-amd64 (debian) 	29/07/26 	_x86_64_	(8 CPU)

23:42:58      UID       PID    %usr %system  %guest   %wait    %CPU   CPU  Command
23:43:03        0        57    0,00    1,19    0,00    0,00    1,19     6  ksoftirqd/6
23:43:03        0        58    0,00    0,60    0,00    2,39    0,60     6  kworker/6:0-i915-unordered
23:43:03        0      1646    0,20    0,20    0,00    0,00    0,40     6  glances
23:43:03        0      1654    0,40    0,20    0,00    0,00    0,60     6  tailscaled
23:43:03        0      1668    0,40    0,00    0,00    0,00    0,40     3  containerd
23:43:03      111      1761    0,20    0,00    0,00    0,00    0,20     6  mariadbd
23:43:03        0      2676    0,40    0,20    0,00    0,00    0,60     1  dockerd
23:43:03      117      2677    0,60    0,20    0,00    0,20    0,80     4  grafana
23:43:03        0      3027    0,00    0,20    0,00    0,00    0,20     4  mount.ntfs-3g
23:43:03        0      3076    0,20    0,00    0,00    0,00    0,20     7  containerd-shim
23:43:03      999      3241    0,40    0,00    0,00    0,00    0,40     6  redis-server
23:43:03     1000      4211    8,15    8,95    0,00    0,20   17,10     2  gnome-shell
23:43:03        0      4928    0,00    0,20    0,00    0,00    0,20     4  kworker/u32:9-i915
23:43:03     1000      5898    4,97    1,59    0,00    0,40    6,56     4  antigravity
23:43:03     1000      5952   10,54    2,98    0,00    0,00   13,52     5  antigravity
23:43:03     1000      6000   28,03    1,19    0,00    0,40   29,22     6  antigravity
23:43:03     1000      6006    0,20    0,00    0,00    0,00    0,20     0  antigravity
23:43:03     1000      6248    1,79    0,99    0,00    0,00    2,78     4  language_server
23:43:03     1000      6334    0,60    0,20    0,00    0,00    0,80     4  antigravity
23:43:03     1000      6366    1,79    0,40    0,00    0,00    2,19     0  antigravity
23:43:03     1000      6381    3,38    0,20    0,00    0,40    3,58     6  antigravity
23:43:03     1000      6409    0,40    0,20    0,00    0,00    0,60     2  antigravity
23:43:03     1000      6708    1,79    0,40    0,00    0,00    2,19     5  language_server
23:43:03     1000      7203    1,59    1,19    0,00    0,00    2,78     3  language_server
23:43:03        0      8594    0,00    0,80    0,00    0,20    0,80     7  kworker/u33:0+i915_flip
23:43:03     1000      9105    0,20    0,00    0,00    0,20    0,20     0  chrome
23:43:03     1000      9152    0,20    0,00    0,00    0,00    0,20     2  chrome
23:43:03     1000      9210    0,20    0,00    0,00    0,00    0,20     6  chrome
23:43:03     1000      9378    1,59    0,20    0,00    0,00    1,79     0  gnome-terminal-
23:43:03     1000     11751    0,20    0,20    0,00    0,00    0,40     1  pidstat
23:43:03     1000     11783  113,12    5,17    0,00    0,00  118,29     7  java

23:42:58      UID       PID  minflt/s  majflt/s     VSZ     RSS   %MEM  Command
23:43:03        0      1668      0,00      0,00 2463668   69988   0,43  containerd
23:43:03      114      1776      3,58      0,00  218252   29316   0,18  postgres
23:43:03        0      3068      4,77      0,00 1235608   15008   0,09  containerd-shim
23:43:03        0      3075      0,80      0,00 1235608   14784   0,09  containerd-shim
23:43:03        0      3076      0,80      0,00 1235608   14792   0,09  containerd-shim
23:43:03        0      3091      9,15      0,00 1235608   15684   0,10  containerd-shim
23:43:03        0      3120      6,56      0,00 1235608   14976   0,09  containerd-shim
23:43:03     1000      4211      2,98      0,00 5032960  307960   1,90  gnome-shell
23:43:03     1000      5898    169,98      0,00 1461714124  306348   1,89  antigravity
23:43:03     1000      5952     47,91      0,00 34388096  167780   1,03  antigravity
23:43:03     1000      5963      0,80      0,00 33906396   82512   0,51  antigravity
23:43:03     1000      6000    676,34      0,00 1461390892  405336   2,50  antigravity
23:43:03     1000      6006     13,32      0,00 1459645432  273152   1,68  antigravity
23:43:03     1000      6289      0,20      0,00 33951332   64440   0,40  antigravity
23:43:03     1000      6302      2,98      0,00 1461347888  121260   0,75  antigravity
23:43:03     1000      6303      0,60      0,00 1461367164  112424   0,69  antigravity
23:43:03     1000      6334     36,78      0,00 1461342992  259252   1,60  antigravity
23:43:03     1000      6366    209,34      0,00 1461351388  304540   1,88  antigravity
23:43:03     1000      6381     41,55      0,00 1461358904  154744   0,95  antigravity
23:43:03     1000      6409    168,39      0,00 1461383736  121424   0,75  antigravity
23:43:03     1000      7325      3,58      0,00 1459530528   86076   0,53  antigravity
23:43:03     1000      9105     11,53      0,00 55447012  385732   2,38  chrome
23:43:03     1000      9152      3,18      0,00 55460668  193164   1,19  chrome
23:43:03     1000      9157      3,58      0,00 54984556  132220   0,81  chrome
23:43:03     1000      9168      0,20      0,00 55021684   62848   0,39  chrome
23:43:03     1000      9642      0,20      0,00 55012336   86728   0,53  chrome
23:43:03     1000     10937      6,36      0,00    7664    3776   0,02  run_all_tests.s
23:43:03     1000     11751      1,59      0,00    6184    5152   0,03  pidstat
23:43:03     1000     11752      3,78      0,00    2676    1520   0,01  jmeter
23:43:03     1000     11783   6303,18      0,00 4495724  231936   1,43  java
23:43:03     1000     11853     23,26      0,00    5660    2072   0,01  sleep

23:42:58      UID       PID   kB_rd/s   kB_wr/s kB_ccwr/s iodelay  Command
23:43:03     1000      9105      0,00      4,77      0,00       0  chrome
23:43:03     1000     11783      0,00      2,30      0,00       0  java

23:43:03      UID       PID    %usr %system  %guest   %wait    %CPU   CPU  Command
23:43:08        0         1    0,00    0,20    0,00    0,00    0,20     4  systemd
23:43:08        0        18    0,00    0,20    0,00    0,00    0,20     5  rcu_preempt
23:43:08        0        57    0,00    1,00    0,00    0,20    1,00     6  ksoftirqd/6
23:43:08        0        58    0,00    0,80    0,00    1,20    0,80     6  kworker/6:0-i915-unordered
23:43:08        0        82    0,00    0,20    0,00    0,00    0,20     6  khugepaged
23:43:08        0        86    0,00    0,20    0,00    0,00    0,20     1  irq/9-acpi
23:43:08      990       908    0,60    0,20    0,00    0,00    0,80     7  dbus-daemon
23:43:08      115       942    1,00    1,00    0,00    0,00    2,00     6  prometheus-node
23:43:08      115       943    0,40    0,00    0,00    0,00    0,40     1  prometheus
23:43:08        0      1646    0,20    0,00    0,00    0,00    0,20     6  glances
23:43:08        0      1654    0,20    0,00    0,00    0,00    0,20     7  tailscaled
23:43:08        0      1668    0,00    0,40    0,00    0,00    0,40     3  containerd
23:43:08        0      2676    0,40    0,00    0,00    0,00    0,40     1  dockerd
23:43:08      117      2677    0,40    0,20    0,00    0,00    0,60     7  grafana
23:43:08        0      3027    1,20    0,80    0,00    0,00    2,00     3  mount.ntfs-3g
23:43:08        0      3068    0,20    0,00    0,00    0,00    0,20     0  containerd-shim
23:43:08        0      3075    0,00    0,20    0,00    0,00    0,20     3  containerd-shim
23:43:08        0      3076    0,00    0,20    0,00    0,00    0,20     7  containerd-shim
23:43:08        0      3091    0,20    0,00    0,00    0,00    0,20     3  containerd-shim
23:43:08        0      3120    0,00    0,20    0,00    0,00    0,20     4  containerd-shim
23:43:08      999      3241    0,40    0,00    0,00    0,00    0,40     6  redis-server
23:43:08     1000      4211    8,20    7,80    0,00    0,20   16,00     1  gnome-shell
23:43:08     1000      5898    3,80    1,60    0,00    0,00    5,40     5  antigravity
23:43:08     1000      5952    9,80    1,40    0,00    0,00   11,20     1  antigravity
23:43:08     1000      6000    6,40    1,20    0,00    0,00    7,60     0  antigravity
23:43:08     1000      6006    0,20    0,20    0,00    0,00    0,40     2  antigravity
23:43:08     1000      6248    1,40    1,60    0,00    0,00    3,00     4  language_server
23:43:08     1000      6303    0,20    0,00    0,00    0,00    0,20     6  antigravity
23:43:08     1000      6334    0,60    0,20    0,00    0,00    0,80     0  antigravity
23:43:08     1000      6366   14,60    1,20    0,00    0,00   15,80     5  antigravity
23:43:08     1000      6381    0,60    0,00    0,00    0,00    0,60     6  antigravity
23:43:08     1000      6409    0,40    0,20    0,00    0,00    0,60     2  antigravity
23:43:08     1000      6708    1,60    0,80    0,00    0,00    2,40     5  language_server
23:43:08     1000      7203    1,20    1,60    0,00    0,00    2,80     3  language_server
23:43:08        0      8594    0,00    0,60    0,00    0,00    0,60     7  kworker/u33:0-i915_flip
23:43:08        0      8774    0,20    0,00    0,00    0,00    0,20     0  kworker/0:2-events
23:43:08     1000      9105    0,20    0,00    0,00    0,00    0,20     1  chrome
23:43:08     1000      9152    0,00    0,40    0,00    0,00    0,40     2  chrome
23:43:08     1000      9168    0,20    0,00    0,00    0,00    0,20     6  chrome
23:43:08     1000      9378    1,00    0,00    0,00    0,00    1,00     1  gnome-terminal-
23:43:08        0     10107    0,00    0,20    0,00    0,00    0,20     2  kworker/2:0-events
23:43:08     1000     10899    0,00    0,20    0,00    0,00    0,20     0  antigravity
23:43:08     1000     11751    0,00    0,40    0,00    0,00    0,40     2  pidstat
23:43:08     1000     11783    9,80    0,60    0,00    0,00   10,40     7  java

23:43:03      UID       PID  minflt/s  majflt/s     VSZ     RSS   %MEM  Command
23:43:08      115       942     93,40      0,00 1614080   25800   0,16  prometheus-node
23:43:08        0      3068      1,00      0,00 1235608   14404   0,09  containerd-shim
23:43:08        0      3075      1,80      0,00 1235608   14452   0,09  containerd-shim
23:43:08        0      3076      8,80      0,00 1235608   14080   0,09  containerd-shim
23:43:08        0      3091      9,60      0,00 1235608   15000   0,09  containerd-shim
23:43:08        0      3120      8,00      0,00 1235608   14828   0,09  containerd-shim
23:43:08     1000      4211      9,40      0,00 5032944  307920   1,90  gnome-shell
23:43:08     1000      5898     71,20      0,00 1461714124  308648   1,90  antigravity
23:43:08     1000      5952     11,00      0,00 34377388  167908   1,03  antigravity
23:43:08     1000      5963      0,80      0,00 33906396   82512   0,51  antigravity
23:43:08     1000      6000    230,00      0,00 1461388716  407764   2,51  antigravity
23:43:08     1000      6006      8,80      0,00 1459645432  273280   1,68  antigravity
23:43:08     1000      6289      0,20      0,00 33951332   64440   0,40  antigravity
23:43:08     1000      6302      3,00      0,00 1461347888  121260   0,75  antigravity
23:43:08     1000      6303      1,00      0,00 1461367164  112424   0,69  antigravity
23:43:08     1000      6334     63,20      0,00 1461342992  259312   1,60  antigravity
23:43:08     1000      6366   4897,20      0,00 1461351388  377828   2,33  antigravity
23:43:08     1000      6381     26,80      0,00 1461358904  154864   0,95  antigravity
23:43:08     1000      6409    165,40      0,00 1461383736  121764   0,75  antigravity
23:43:08     1000      9105     14,20      0,00 55447012  385732   2,38  chrome
23:43:08     1000      9152      6,40      0,00 55460668  193164   1,19  chrome
23:43:08     1000      9157      6,00      0,00 54984556  132220   0,81  chrome
23:43:08     1000      9168      0,40      0,00 55021684   62848   0,39  chrome
23:43:08     1000      9642      0,40      0,00 55012336   86728   0,53  chrome
23:43:08     1000     11751      0,40      0,00    6184    5152   0,03  pidstat
23:43:08     1000     11783     79,40      0,00 4495724  223488   1,38  java

23:43:03      UID       PID   kB_rd/s   kB_wr/s kB_ccwr/s iodelay  Command
23:43:08     1000      6366      0,00      0,80      0,00       0  antigravity
23:43:08     1000      9105      0,00      0,80      0,00       0  chrome
23:43:08     1000     11751      0,00      1,12      0,00       0  pidstat
23:43:08     1000     11783      0,00      0,05      0,00       0  java

23:43:08      UID       PID    %usr %system  %guest   %wait    %CPU   CPU  Command
23:43:13        0         1    0,40    0,20    0,00    0,00    0,60     5  systemd
23:43:13        0        51    0,20    0,00    0,00    0,20    0,20     5  ksoftirqd/5
23:43:13        0        57    0,00    1,20    0,00    0,00    1,20     6  ksoftirqd/6
23:43:13        0        58    0,00    0,60    0,00    1,00    0,60     6  kworker/6:0-i915-unordered
23:43:13        0        67    0,00    0,20    0,00    0,00    0,20     2  kworker/u32:1-events_unbound
23:43:13        0       175    0,00    0,20    0,00    0,00    0,20     6  kworker/6:1H-events_highpri
23:43:13        0       435    0,00    0,20    0,00    0,00    0,20     0  systemd-udevd
23:43:13      990       908    0,40    0,20    0,00    0,20    0,60     0  dbus-daemon
23:43:13        0      1081    0,20    0,20    0,00    0,20    0,40     3  NetworkManager
23:43:13        0      1654    0,20    0,40    0,00    0,00    0,60     5  tailscaled
23:43:13        0      1668    1,00    0,00    0,00    0,00    1,00     3  containerd
23:43:13        0      2676    1,00    0,80    0,00    0,00    1,80     1  dockerd
23:43:13      117      2677    0,80    0,40    0,00    0,00    1,20     7  grafana
23:43:13        0      3027    1,20    0,80    0,00    0,00    2,00     0  mount.ntfs-3g
23:43:13        0      3091    0,00    0,20    0,00    0,00    0,20     3  containerd-shim
23:43:13        0      3120    0,20    0,00    0,00    0,00    0,20     4  containerd-shim
23:43:13      999      3241    0,40    0,20    0,00    0,00    0,60     5  redis-server
23:43:13      117      3639    0,20    0,00    0,00    0,00    0,20     5  gpx_grafana_ela
23:43:13     1000      3918    0,40    0,20    0,00    0,00    0,60     2  systemd
23:43:13     1000      4002    0,20    0,00    0,00    0,00    0,20     4  dbus-daemon
23:43:13     1000      4211    9,80    6,20    0,00    0,00   16,00     3  gnome-shell
23:43:13     1000      4491    0,20    0,00    0,00    0,00    0,20     7  gsd-housekeepin
23:43:13     1000      4525    0,20    0,00    0,00    0,00    0,20     6  gsd-sharing
23:43:13     1000      4757    0,00    0,20    0,00    0,00    0,20     6  gvfs-udisks2-vo
23:43:13        0      5233    0,00    0,20    0,00    0,20    0,20     1  fwupd
23:43:13     1000      5898    4,40    1,00    0,00    0,20    5,40     2  antigravity
23:43:13     1000      5952    8,60    2,40    0,00    0,00   11,00     1  antigravity
23:43:13     1000      6000    6,20    0,60    0,00    0,00    6,80     3  antigravity
23:43:13     1000      6248    1,20    1,60    0,00    0,00    2,80     4  language_server
23:43:13     1000      6334    0,40    0,20    0,00    0,00    0,60     1  antigravity
23:43:13     1000      6366    1,00    0,40    0,00    0,00    1,40     4  antigravity
23:43:13     1000      6381    0,80    0,00    0,00    0,00    0,80     2  antigravity
23:43:13     1000      6409    0,40    0,20    0,00    0,00    0,60     4  antigravity
23:43:13     1000      6708    1,00    1,20    0,00    0,00    2,20     5  language_server
23:43:13     1000      7203    1,80    0,80    0,00    0,00    2,60     3  language_server
23:43:13        0      8594    0,00    0,60    0,00    0,20    0,60     0  kworker/u33:0-i915_flip
23:43:13        0      8948    0,20    0,00    0,00    0,00    0,20     3  kworker/3:0-events
23:43:13     1000      9105    0,20    0,20    0,00    0,00    0,40     0  chrome
23:43:13     1000      9152    0,20    0,20    0,00    0,00    0,40     2  chrome
23:43:13     1000      9378    1,00    0,00    0,00    0,00    1,00     0  gnome-terminal-
23:43:13     1000      9642    0,00    0,20    0,00    0,00    0,20     0  chrome
23:43:13     1000      9668    0,20    0,00    0,00    0,00    0,20     6  chrome
23:43:13     1000      9773    0,00    0,20    0,00    0,00    0,20     5  ssh
23:43:13     1000     11751    0,20    0,40    0,00    0,00    0,60     4  pidstat
23:43:13     1000     11783    3,60    0,20    0,00    0,00    3,80     7  java

23:43:08      UID       PID  minflt/s  majflt/s     VSZ     RSS   %MEM  Command
23:43:13        0       375     47,40      0,00  163644   80328   0,49  systemd-journal
23:43:13        0       435     86,40      0,00   37432   10756   0,07  systemd-udevd
23:43:13      115       943      0,60      0,00 2610260  107016   0,66  prometheus
23:43:13        0      1668      0,80      0,00 2463668   69928   0,43  containerd
23:43:13        0      2676      0,80      0,20 3358484  108084   0,67  dockerd
23:43:13      117      2677      2,60      0,00 1765560  336616   2,07  grafana
23:43:13        0      3068      9,20      0,00 1235608   14660   0,09  containerd-shim
23:43:13        0      3075      9,00      0,00 1235608   14580   0,09  containerd-shim
23:43:13        0      3076      8,80      0,00 1235608   14080   0,09  containerd-shim
23:43:13        0      3091      9,00      0,00 1235608   15000   0,09  containerd-shim
23:43:13        0      3120     10,40      0,00 1235608   14500   0,09  containerd-shim
23:43:13       70      3230      5,40      0,00  174540   25788   0,16  postgres
23:43:13     1000      4211      1,40      0,00 5032944  307920   1,90  gnome-shell
23:43:13     1000      5898     36,80      0,00 1461714124  308524   1,90  antigravity
23:43:13     1000      5952     25,20      0,00 34377196  167712   1,03  antigravity
23:43:13     1000      5963      1,60      0,00 33906396   82512   0,51  antigravity
23:43:13     1000      6000     71,20      0,00 1461388716  408532   2,52  antigravity
23:43:13     1000      6006     17,40      0,00 1459645432  273664   1,69  antigravity
23:43:13     1000      6289      0,40      0,00 33951332   64440   0,40  antigravity
23:43:13     1000      6302      3,80      0,00 1461347888  121260   0,75  antigravity
23:43:13     1000      6303      2,00      0,00 1461367164  112424   0,69  antigravity
23:43:13     1000      6334     14,40      0,00 1461342992  259292   1,60  antigravity
23:43:13     1000      6366    245,00      0,00 1461351388  377652   2,33  antigravity
23:43:13     1000      6381     23,20      0,00 1461358904  154964   0,95  antigravity
23:43:13     1000      6409    135,40      0,00 1461383736  121620   0,75  antigravity
23:43:13     1000      9105      7,20      0,00 55447012  385732   2,38  chrome
23:43:13     1000      9152      3,20      0,00 55460668  193164   1,19  chrome
23:43:13     1000      9157      3,40      0,00 54984556  132220   0,81  chrome
23:43:13     1000      9168      0,20      0,00 55021684   62848   0,39  chrome
23:43:13     1000      9642      0,20      0,00 55012336   86728   0,53  chrome
23:43:13     1000      9657      0,00      0,00 1518552488  327088   2,02  chrome
23:43:13     1000      9773     12,40      0,00   14476    9136   0,06  ssh
23:43:13     1000     11783     42,00      0,00 4495724  224128   1,38  java
23:43:13        0     11943     50,80      0,00   37436    7096   0,04  (udev-worker)
23:43:13        0     11951     27,60      0,00   37436    6648   0,04  (udev-worker)
23:43:13        0     11952     27,20      0,00   37436    6776   0,04  (udev-worker)
23:43:13        0     11953     26,80      0,00   37436    6648   0,04  (udev-worker)
23:43:13        0     11954     27,60      0,00   37436    6648   0,04  (udev-worker)
23:43:13        0     11955     27,40      0,00   37436    6776   0,04  (udev-worker)
23:43:13        0     11956     26,80      0,00   37436    6648   0,04  (udev-worker)
23:43:13        0     11957     27,80      0,00   37436    6776   0,04  (udev-worker)
23:43:13        0     11958     27,60      0,00   37436    6516   0,04  (udev-worker)
23:43:13        0     11959     63,00      0,00   37436    7032   0,04  (udev-worker)
23:43:13        0     11961     28,00      0,00   37436    6776   0,04  (udev-worker)
23:43:13        0     11962     36,80      0,00   37436    6776   0,04  (udev-worker)
23:43:13        0     11963     27,20      0,00   37436    6708   0,04  (udev-worker)
23:43:13        0     11965     27,20      0,00   37436    6648   0,04  (udev-worker)
23:43:13        0     11966     26,80      0,00   37436    6648   0,04  (udev-worker)
23:43:13        0     11967     27,00      0,00   37436    6648   0,04  (udev-worker)

23:43:08      UID       PID   kB_rd/s   kB_wr/s kB_ccwr/s iodelay  Command
23:43:13     1000      6366      0,00      0,80      0,00       0  antigravity
23:43:13     1000     11751      0,00      1,29      0,00       0  pidstat
23:43:13     1000     11783      3,20      0,00      0,00       0  java

23:43:13      UID       PID    %usr %system  %guest   %wait    %CPU   CPU  Command
23:43:18        0        57    0,00    1,20    0,00    0,00    1,20     6  ksoftirqd/6
23:43:18        0        58    0,00    0,60    0,00    0,60    0,60     6  kworker/6:0-i915-unordered
23:43:18        0       647    0,00    0,20    0,00    0,00    0,20     0  irq/130-iwlwifi
23:43:18      115       943    0,20    0,00    0,00    0,00    0,20     1  prometheus
23:43:18        0      1646    0,20    0,00    0,00    0,00    0,20     6  glances
23:43:18        0      1668    0,40    0,20    0,00    0,00    0,60     3  containerd
23:43:18        0      2676    0,20    0,00    0,00    0,00    0,20     1  dockerd
23:43:18      117      2677    0,60    0,20    0,00    0,00    0,80     2  grafana
23:43:18        0      3027    1,40    0,60    0,00    0,20    2,00     1  mount.ntfs-3g
23:43:18        0      3075    0,20    0,00    0,00    0,00    0,20     3  containerd-shim
23:43:18        0      3076    0,00    0,20    0,00    0,00    0,20     7  containerd-shim
23:43:18        0      3120    0,00    0,20    0,00    0,00    0,20     4  containerd-shim
23:43:18      999      3241    0,60    0,00    0,00    0,00    0,60     6  redis-server
23:43:18     1000      4211    9,60    6,40    0,00    0,00   16,00     4  gnome-shell
23:43:18        0      4928    0,00    0,20    0,00    0,00    0,20     2  kworker/u32:9-kvfree_rcu_reclaim
23:43:18     1000      5898    3,80    1,20    0,00    0,00    5,00     3  antigravity
23:43:18     1000      5952    7,60    3,20    0,00    0,00   10,80     7  antigravity
23:43:18     1000      6000    6,40    0,60    0,00    0,00    7,00     1  antigravity
23:43:18     1000      6006    0,20    0,00    0,00    0,00    0,20     7  antigravity
23:43:18     1000      6248    1,40    1,60    0,00    0,00    3,00     4  language_server
23:43:18     1000      6334    0,40    0,00    0,00    0,00    0,40     6  antigravity
23:43:18     1000      6366    0,60    0,60    0,00    0,00    1,20     0  antigravity
23:43:18     1000      6381    0,60    0,20    0,00    0,00    0,80     1  antigravity
23:43:18     1000      6708    1,40    1,20    0,00    0,00    2,60     5  language_server
23:43:18     1000      7203    1,60    1,20    0,00    0,00    2,80     3  language_server
23:43:18        0      8594    0,00    0,60    0,00    0,00    0,60     7  kworker/u33:0-i915_flip
23:43:18     1000      9105    0,20    0,00    0,00    0,00    0,20     0  chrome
23:43:18     1000      9152    0,20    0,00    0,00    0,00    0,20     2  chrome
23:43:18     1000      9378    1,00    0,00    0,00    0,00    1,00     7  gnome-terminal-
23:43:18     1000     10899    0,20    0,00    0,00    0,00    0,20     7  antigravity
23:43:18     1000     11751    0,20    0,40    0,00    0,00    0,60     5  pidstat
23:43:18     1000     11783    2,20    0,20    0,00    0,00    2,40     7  java
23:43:18     1000     12089    0,60    0,00    0,00    0,00    0,60     0  gnome-screensho

23:43:13      UID       PID  minflt/s  majflt/s     VSZ     RSS   %MEM  Command
23:43:18        0       435      1,40      0,00   37432   10756   0,07  systemd-udevd
23:43:18      115       943      0,60      0,00 2610260  107016   0,66  prometheus
23:43:18        0      1668      0,40      0,00 2463668   69928   0,43  containerd
23:43:18        0      3068     11,60      0,00 1235608   14660   0,09  containerd-shim
23:43:18        0      3075     11,60      0,00 1235608   14708   0,09  containerd-shim
23:43:18        0      3076     12,40      0,00 1235608   14336   0,09  containerd-shim
23:43:18        0      3091      7,40      0,00 1235608   15256   0,09  containerd-shim
23:43:18        0      3120     12,00      0,00 1235608   14628   0,09  containerd-shim
23:43:18     1000      4211      8,20      0,00 5033520  308048   1,90  gnome-shell
23:43:18     1000      5898     34,40      0,00 1461714124  308964   1,90  antigravity
23:43:18     1000      5952      9,00      0,00 34377196  167840   1,03  antigravity
23:43:18     1000      5963      0,80      0,00 33906396   82512   0,51  antigravity
23:43:18     1000      6000    123,80      0,00 1461388716  408236   2,51  antigravity
23:43:18     1000      6006     17,60      0,00 1459645432  274048   1,69  antigravity
23:43:18     1000      6289      0,20      0,00 33951332   64440   0,40  antigravity
23:43:18     1000      6302      6,60      0,00 1461347888  121260   0,75  antigravity
23:43:18     1000      6303      1,60      0,00 1461367164  112424   0,69  antigravity
23:43:18     1000      6334     19,80      0,00 1461342992  259028   1,60  antigravity
23:43:18     1000      6366    236,40      0,00 1461351388  377624   2,33  antigravity
23:43:18     1000      6381     20,80      0,00 1461358904  154812   0,95  antigravity
23:43:18     1000      6409     11,20      0,00 1461383736  121748   0,75  antigravity
23:43:18     1000      9105     16,60      0,00 55447012  385732   2,38  chrome
23:43:18     1000      9152      3,20      0,00 55460668  193164   1,19  chrome
23:43:18     1000      9157      3,00      0,00 54984556  132220   0,81  chrome
23:43:18     1000      9168      0,20      0,00 55021684   62848   0,39  chrome
23:43:18     1000      9642      0,20      0,00 55012336   86728   0,53  chrome
23:43:18     1000     10937      6,00      0,00    7664    3776   0,02  run_all_tests.s
23:43:18     1000     11751      7,40      0,00    6316    5280   0,03  pidstat
23:43:18     1000     11783     13,40      0,00 4495724  224384   1,38  java
23:43:18     1000     12089    256,80      0,00  407860   18804   0,12  gnome-screensho

23:43:13      UID       PID   kB_rd/s   kB_wr/s kB_ccwr/s iodelay  Command
23:43:18     1000      6366      0,00      0,80      0,00       0  antigravity
23:43:18     1000      9105      0,00     16,00      0,00       0  chrome
23:43:18     1000     11751      0,00      1,68      0,00       0  pidstat
23:43:18     1000     11783      0,00      1,60      0,00       0  java

23:43:18      UID       PID    %usr %system  %guest   %wait    %CPU   CPU  Command
23:43:23        0         1    0,20    0,00    0,00    0,00    0,20     5  systemd
23:43:23        0        57    0,00    1,00    0,00    0,00    1,00     6  ksoftirqd/6
23:43:23        0        58    0,00    0,80    0,00    1,00    0,80     6  kworker/6:0-i915-unordered
23:43:23        0        65    0,00    0,20    0,00    0,00    0,20     7  kworker/7:0H-events_highpri
23:43:23        0        73    0,00    0,20    0,00    0,00    0,20     3  kworker/u32:7-events_unbound
23:43:23      990       908    1,00    0,00    0,00    0,00    1,00     4  dbus-daemon
23:43:23      115       942    1,20    0,60    0,00    0,00    1,80     5  prometheus-node
23:43:23      115       943    0,20    0,00    0,00    0,00    0,20     1  prometheus
23:43:23        0      1646    0,20    0,00    0,00    0,00    0,20     6  glances
23:43:23        0      1654    0,00    0,20    0,00    0,00    0,20     3  tailscaled
23:43:23        0      1668    0,40    0,00    0,00    0,00    0,40     3  containerd
23:43:23        0      1673    0,00    0,20    0,00    0,00    0,20     7  anydesk
23:43:23       33      1794    0,00    0,20    0,00    0,00    0,20     5  apache2
23:43:23        0      2676    0,20    0,40    0,00    0,00    0,60     1  dockerd
23:43:23      117      2677    0,60    0,20    0,00    0,00    0,80     5  grafana
23:43:23        0      3027    1,20    1,20    0,00    0,00    2,40     0  mount.ntfs-3g
23:43:23        0      3068    0,20    0,00    0,00    0,00    0,20     0  containerd-shim
23:43:23        0      3076    0,20    0,00    0,00    0,00    0,20     7  containerd-shim
23:43:23        0      3091    0,20    0,00    0,00    0,00    0,20     3  containerd-shim
23:43:23        0      3120    0,20    0,00    0,00    0,00    0,20     4  containerd-shim
23:43:23      999      3241    0,20    0,20    0,00    0,00    0,40     7  redis-server
23:43:23     1000      4003    0,40    0,20    0,00    0,00    0,60     3  pipewire
23:43:23     1000      4006    0,40    0,00    0,00    0,00    0,40     7  wireplumber
23:43:23     1000      4009    0,20    0,00    0,00    0,00    0,20     2  pipewire-pulse
23:43:23     1000      4211   12,40    6,60    0,00    0,00   19,00     7  gnome-shell
23:43:23     1000      5898    3,80    1,60    0,00    0,00    5,40     2  antigravity
23:43:23     1000      5952    9,40    2,00    0,00    0,20   11,40     1  antigravity
23:43:23     1000      6000    8,60    0,60    0,00    0,00    9,20     5  antigravity
23:43:23     1000      6006    0,20    0,00    0,00    0,00    0,20     2  antigravity
23:43:23     1000      6248    1,40    1,40    0,00    0,00    2,80     4  language_server
23:43:23     1000      6334    0,40    0,20    0,00    0,00    0,60     5  antigravity
23:43:23     1000      6366    0,60    0,80    0,00    0,00    1,40     4  antigravity
23:43:23     1000      6381    1,00    0,00    0,00    0,00    1,00     1  antigravity
23:43:23     1000      6409    0,40    0,20    0,00    0,00    0,60     3  antigravity
23:43:23     1000      6708    1,40    0,60    0,00    0,00    2,00     5  language_server
23:43:23     1000      7203    1,20    1,20    0,00    0,00    2,40     3  language_server
23:43:23        0      8594    0,00    0,80    0,00    0,80    0,80     3  kworker/u33:0+i915_flip
23:43:23     1000      9105    0,20    0,00    0,00    5,40    0,20     2  chrome
23:43:23     1000      9152    0,20    0,00    0,00    0,00    0,20     2  chrome
23:43:23     1000      9157    0,00    0,20    0,00    8,40    0,20     7  chrome
23:43:23     1000      9202    0,20    0,00    0,00    0,00    0,20     3  chrome
23:43:23     1000      9210    0,20    0,00    0,00    0,00    0,20     0  chrome
23:43:23     1000      9378    0,60    0,00    0,00    0,00    0,60     2  gnome-terminal-
23:43:23     1000     11751    0,20    0,40    0,00    0,00    0,60     4  pidstat
23:43:23     1000     11783    3,00    0,20    0,00    0,00    3,20     7  java

23:43:18      UID       PID  minflt/s  majflt/s     VSZ     RSS   %MEM  Command
23:43:23      115       942     69,80      0,00 1614080   25696   0,16  prometheus-node
23:43:23      115       943      3,80      0,00 2610260  107144   0,66  prometheus
23:43:23      114      1776      3,60      0,00  218252   29316   0,18  postgres
23:43:23        0      3068      9,40      0,00 1235608   14788   0,09  containerd-shim
23:43:23        0      3075     12,60      0,00 1235608   14836   0,09  containerd-shim
23:43:23        0      3076     10,20      0,00 1235608   14720   0,09  containerd-shim
23:43:23        0      3091     12,40      0,00 1235608   15512   0,10  containerd-shim
23:43:23        0      3120     10,40      0,00 1235608   14756   0,09  containerd-shim
23:43:23     1000      4003     36,20      0,00  104896   13816   0,09  pipewire
23:43:23     1000      4009     38,40      0,00  171976   14924   0,09  pipewire-pulse
23:43:23     1000      4210      0,20      0,00  381168    7124   0,04  at-spi-bus-laun
23:43:23     1000      4211    121,00      0,00 5024752  315700   1,94  gnome-shell
23:43:23     1000      4941      0,20      0,00  704604   20144   0,12  xdg-desktop-por
23:43:23     1000      5898     38,60      0,00 1461714124  309476   1,91  antigravity
23:43:23     1000      5952     13,80      0,00 34384556  167968   1,03  antigravity
23:43:23     1000      5963      0,80      0,00 33906396   82512   0,51  antigravity
23:43:23     1000      6000    233,20      0,00 1461391852  410164   2,53  antigravity
23:43:23     1000      6006     18,40      0,00 1459645432  274304   1,69  antigravity
23:43:23     1000      6289      0,20      0,00 33951332   64440   0,40  antigravity
23:43:23     1000      6302      3,00      0,00 1461347888  121260   0,75  antigravity
23:43:23     1000      6303      0,80      0,00 1461367164  112424   0,69  antigravity
23:43:23     1000      6334      7,60      0,00 1461342992  259028   1,60  antigravity
23:43:23     1000      6366    340,40      0,00 1461351388  378360   2,33  antigravity
23:43:23     1000      6381     29,20      0,00 1461358904  154732   0,95  antigravity
23:43:23     1000      6409    216,20      0,00 1461383736  122488   0,75  antigravity
23:43:23     1000      9105      6,60      0,00 55447012  385732   2,38  chrome
23:43:23     1000      9152      3,20      0,00 55460668  193164   1,19  chrome
23:43:23     1000      9157      3,80      0,00 54984556  132220   0,81  chrome
23:43:23     1000      9168      0,20      0,00 55021684   62848   0,39  chrome
23:43:23     1000      9335      0,20      0,00 1518471656  109448   0,67  chrome
23:43:23     1000      9642      0,20      0,00 55012336   86728   0,53  chrome
23:43:23     1000     10937      1,40      0,00    7664    3776   0,02  run_all_tests.s
23:43:23     1000     11783     20,00      0,00 4495724  225024   1,39  java

23:43:18      UID       PID   kB_rd/s   kB_wr/s kB_ccwr/s iodelay  Command
23:43:23     1000      4006      0,00      0,80      0,00       0  wireplumber
23:43:23     1000      4211      0,00     72,00      0,00       0  gnome-shell
23:43:23     1000      9157      0,00      6,40      0,00       0  chrome
23:43:23     1000     10937      0,00    185,95     72,00       0  run_all_tests.s
23:43:23     1000     11751      0,00      1,17      0,00       0  pidstat

23:43:23      UID       PID    %usr %system  %guest   %wait    %CPU   CPU  Command
23:43:28        0        18    0,00    0,20    0,00    0,00    0,20     0  rcu_preempt
23:43:28        0        57    0,00    1,40    0,00    0,20    1,40     6  ksoftirqd/6
23:43:28        0        58    0,00    0,60    0,00    0,80    0,60     6  kworker/6:0-i915-unordered
23:43:28      115       943    0,20    0,00    0,00    0,00    0,20     1  prometheus
23:43:28        0      1654    0,20    0,00    0,00    0,00    0,20     4  tailscaled
23:43:28        0      1668    0,20    0,20    0,00    0,00    0,40     3  containerd
23:43:28        0      2676    0,40    0,00    0,00    0,00    0,40     1  dockerd
23:43:28      117      2677    0,20    0,40    0,00    0,00    0,60     3  grafana
23:43:28        0      3027    1,40    0,40    0,00    0,00    1,80     1  mount.ntfs-3g
23:43:28        0      3068    0,00    0,20    0,00    0,00    0,20     0  containerd-shim
23:43:28        0      3075    0,00    0,20    0,00    0,00    0,20     3  containerd-shim
23:43:28      999      3241    0,40    0,00    0,00    0,00    0,40     7  redis-server
23:43:28     1000      4211   10,00    5,40    0,00    0,00   15,40     2  gnome-shell
23:43:28     1000      4546    0,20    0,00    0,00    0,00    0,20     5  anydesk
23:43:28     1000      5898    3,60    1,40    0,00    0,00    5,00     3  antigravity
23:43:28     1000      5952    8,40    2,20    0,00    0,00   10,60     2  antigravity
23:43:28     1000      6000    5,80    1,00    0,00    0,00    6,80     3  antigravity
23:43:28     1000      6248    1,60    1,20    0,00    0,00    2,80     4  language_server
23:43:28     1000      6303    0,20    0,00    0,00    0,00    0,20     0  antigravity
23:43:28     1000      6334    0,40    0,20    0,00    0,00    0,60     6  antigravity
23:43:28     1000      6366    0,80    0,40    0,00    0,00    1,20     4  antigravity
23:43:28     1000      6381    1,00    0,00    0,00    0,00    1,00     2  antigravity
23:43:28     1000      6409    0,20    0,20    0,00    0,00    0,40     4  antigravity
23:43:28     1000      6708    1,20    1,40    0,00    0,00    2,60     5  language_server
23:43:28     1000      7203    1,40    1,40    0,00    0,00    2,80     3  language_server
23:43:28        0      8594    0,00    0,60    0,00    0,00    0,60     6  kworker/u33:0+i915_flip
23:43:28     1000      9105    0,20    0,00    0,00    0,00    0,20     3  chrome
23:43:28     1000      9152    0,20    0,20    0,00    0,00    0,40     2  chrome
23:43:28     1000      9157    0,20    0,00    0,00    0,00    0,20     7  chrome
23:43:28     1000      9202    0,00    0,20    0,00    0,00    0,20     6  chrome
23:43:28     1000      9378    1,20    0,00    0,00    0,00    1,20     5  gnome-terminal-
23:43:28     1000     11751    0,00    0,40    0,00    0,00    0,40     1  pidstat
23:43:28     1000     11783    1,20    0,40    0,00    0,00    1,60     7  java

23:43:23      UID       PID  minflt/s  majflt/s     VSZ     RSS   %MEM  Command
23:43:28        0      3068      0,60      0,00 1235608   14788   0,09  containerd-shim
23:43:28        0      3075     11,60      0,00 1235608   14964   0,09  containerd-shim
23:43:28        0      3076      8,40      0,00 1235608   14720   0,09  containerd-shim
23:43:28        0      3091      6,80      0,00 1235608   15512   0,10  containerd-shim
23:43:28        0      3120      2,20      0,00 1235608   14756   0,09  containerd-shim
23:43:28     1000      4003      0,00      0,00  103888   13620   0,08  pipewire
23:43:28     1000      4211      7,20      0,00 5032944  315700   1,94  gnome-shell
23:43:28     1000      5898     39,20      0,00 1461714124  309200   1,90  antigravity
23:43:28     1000      5952     31,60      0,00 34379436  167820   1,03  antigravity
23:43:28     1000      5963      0,80      0,00 33906396   82512   0,51  antigravity
23:43:28     1000      6000    109,80      0,00 1461390892  410404   2,53  antigravity
23:43:28     1000      6006     17,40      0,00 1459645432  274688   1,69  antigravity
23:43:28     1000      6289      0,20      0,00 33951332   64440   0,40  antigravity
23:43:28     1000      6302      3,00      0,00 1461347888  121260   0,75  antigravity
23:43:28     1000      6303      0,60      0,00 1461367164  112424   0,69  antigravity
23:43:28     1000      6334      7,60      0,00 1461342992  259028   1,60  antigravity
23:43:28     1000      6366    423,40      0,00 1461351388  376840   2,32  antigravity
23:43:28     1000      6381     24,60      0,00 1461358904  154872   0,95  antigravity
23:43:28     1000      6409     14,00      0,00 1461383736  121924   0,75  antigravity
23:43:28     1000      9105     14,60      0,00 55447012  385732   2,38  chrome
23:43:28     1000      9152      6,40      0,00 55460668  193164   1,19  chrome
23:43:28     1000      9157      6,00      0,00 54984556  132220   0,81  chrome
23:43:28     1000      9168      0,40      0,00 55021684   62848   0,39  chrome
23:43:28     1000      9642      0,40      0,00 55012336   86728   0,53  chrome
23:43:28     1000     11783      8,00      0,00 4495724  225152   1,39  java

23:43:23      UID       PID   kB_rd/s   kB_wr/s kB_ccwr/s iodelay  Command
23:43:28     1000      6366      0,00      1,60      0,00       0  antigravity
23:43:28     1000     11751      0,00      1,44      0,00       0  pidstat
23:43:28     1000     11783      0,00      1,60      0,00       0  java

23:43:28      UID       PID    %usr %system  %guest   %wait    %CPU   CPU  Command
23:43:33        0        17    0,20    0,00    0,00    0,00    0,20     0  ksoftirqd/0
23:43:33        0        28    0,00    0,20    0,00    0,00    0,20     1  kworker/1:0-events_freezable
23:43:33        0        57    0,00    1,00    0,00    0,00    1,00     6  ksoftirqd/6
23:43:33        0        58    0,00    0,60    0,00    0,80    0,60     6  kworker/6:0-i915-unordered
23:43:33        0        67    0,00    0,20    0,00    0,00    0,20     1  kworker/u32:1-kvfree_rcu_reclaim
23:43:33      115       943    0,00    0,20    0,00    0,00    0,20     1  prometheus
23:43:33        0      1646    0,20    0,00    0,00    0,00    0,20     6  glances
23:43:33        0      1668    0,20    0,00    0,00    0,00    0,20     3  containerd
23:43:33        0      2676    0,80    0,00    0,00    0,00    0,80     1  dockerd
23:43:33      117      2677    0,60    0,20    0,00    0,00    0,80     6  grafana
23:43:33        0      3027    1,40    0,60    0,00    0,00    2,00     1  mount.ntfs-3g
23:43:33        0      3076    0,20    0,00    0,00    0,00    0,20     7  containerd-shim
23:43:33        0      3091    0,20    0,00    0,00    0,00    0,20     3  containerd-shim
23:43:33      999      3241    0,60    0,00    0,00    0,00    0,60     2  redis-server
23:43:33     1000      4211    8,60    6,60    0,00    0,00   15,20     4  gnome-shell
23:43:33     1000      5898    3,60    1,80    0,00    0,00    5,40     1  antigravity
23:43:33     1000      5952    9,60    1,60    0,00    0,00   11,20     0  antigravity
23:43:33     1000      6000    6,80    0,80    0,00    0,00    7,60     7  antigravity
23:43:33     1000      6006    0,20    0,00    0,00    0,00    0,20     6  antigravity
23:43:33     1000      6248    2,00    1,20    0,00    0,00    3,20     4  language_server
23:43:33     1000      6334    0,60    0,00    0,00    0,00    0,60     3  antigravity
23:43:33     1000      6366    1,00    0,60    0,00    0,00    1,60     2  antigravity
23:43:33     1000      6381    0,40    0,20    0,00    0,00    0,60     2  antigravity
23:43:33     1000      6409    0,40    0,20    0,00    0,00    0,60     4  antigravity
23:43:33     1000      6708    1,20    1,00    0,00    0,00    2,20     5  language_server
23:43:33     1000      7203    1,60    1,00    0,00    0,00    2,60     3  language_server
23:43:33        0      8594    0,00    0,60    0,00    0,00    0,60     3  kworker/u33:0+i915_flip
23:43:33     1000      9105    0,00    0,20    0,00    0,00    0,20     2  chrome
23:43:33     1000      9152    0,20    0,00    0,00    0,00    0,20     2  chrome
23:43:33     1000      9378    0,80    0,00    0,00    0,00    0,80     2  gnome-terminal-
23:43:33     1000      9657    0,20    0,00    0,00    0,00    0,20     4  chrome
23:43:33     1000     11751    0,40    0,20    0,00    0,00    0,60     6  pidstat
23:43:33     1000     11783    2,20    0,00    0,00    0,00    2,20     7  java

23:43:28      UID       PID  minflt/s  majflt/s     VSZ     RSS   %MEM  Command
23:43:33        0      1654      6,00      0,00 1421460  106316   0,65  tailscaled
23:43:33        0      3068      1,40      0,00 1235608   14788   0,09  containerd-shim
23:43:33        0      3075      8,60      0,00 1235608   15220   0,09  containerd-shim
23:43:33        0      3076      2,60      0,00 1235608   14848   0,09  containerd-shim
23:43:33        0      3091     10,00      0,00 1235608   15640   0,10  containerd-shim
23:43:33        0      3120      0,60      0,00 1235608   14756   0,09  containerd-shim
23:43:33     1000      4211      2,60      0,00 5032944  315700   1,94  gnome-shell
23:43:33     1000      5898     64,20      0,00 1461714124  309164   1,90  antigravity
23:43:33     1000      5952     11,40      0,00 34377004  167444   1,03  antigravity
23:43:33     1000      5963      1,60      0,00 33906396   82512   0,51  antigravity
23:43:33     1000      6000    168,60      0,00 1461388716  411568   2,54  antigravity
23:43:33     1000      6006     18,40      0,00 1459645432  274944   1,69  antigravity
23:43:33     1000      6289      0,40      0,00 33951332   64440   0,40  antigravity
23:43:33     1000      6302      3,60      0,00 1461347888  121260   0,75  antigravity
23:43:33     1000      6303      0,80      0,00 1461367164  112424   0,69  antigravity
23:43:33     1000      6334     11,80      0,00 1461342992  258892   1,59  antigravity
23:43:33     1000      6366    382,00      0,00 1461351388  377408   2,33  antigravity
23:43:33     1000      6381     23,60      0,00 1461358904  155100   0,96  antigravity
23:43:33     1000      6409    137,60      0,00 1461383736  122136   0,75  antigravity
23:43:33     1000      9105     11,20      0,00 55447012  385860   2,38  chrome
23:43:33     1000      9152      3,20      0,00 55460668  193164   1,19  chrome
23:43:33     1000      9157      4,20      0,00 54984556  132220   0,81  chrome
23:43:33     1000      9168      0,20      0,00 55021684   62848   0,39  chrome
23:43:33     1000      9642      0,20      0,00 55012336   86728   0,53  chrome
23:43:33     1000     11783     13,80      0,00 4495724  225536   1,39  java

23:43:28      UID       PID   kB_rd/s   kB_wr/s kB_ccwr/s iodelay  Command
23:43:33     1000      6366      0,00      0,80      0,00       0  antigravity
23:43:33     1000     11751      0,00      1,07      0,00       0  pidstat
23:43:33     1000     11783      0,00      0,06      0,00       0  java

23:43:33      UID       PID    %usr %system  %guest   %wait    %CPU   CPU  Command
23:43:38        0         1    0,20    0,00    0,00    0,00    0,20     5  systemd
23:43:38        0        27    0,20    0,00    0,00    0,00    0,20     1  ksoftirqd/1
23:43:38        0        57    0,00    1,20    0,00    0,00    1,20     6  ksoftirqd/6
23:43:38        0        58    0,00    0,60    0,00    0,80    0,60     6  kworker/6:0-i915-unordered
23:43:38        0        86    0,00    0,20    0,00    0,00    0,20     1  irq/9-acpi
23:43:38      990       908    0,60    0,00    0,00    0,00    0,60     0  dbus-daemon
23:43:38      115       942    1,20    0,80    0,00    0,00    2,00     7  prometheus-node
23:43:38      115       943    0,20    0,00    0,00    0,00    0,20     1  prometheus
23:43:38        0      1646    0,20    0,00    0,00    0,00    0,20     6  glances
23:43:38        0      1654    0,20    0,20    0,00    0,00    0,40     6  tailscaled
23:43:38        0      1668    0,20    0,40    0,00    0,00    0,60     3  containerd
23:43:38        0      2676    0,40    0,00    0,00    0,00    0,40     1  dockerd
23:43:38      117      2677    0,40    0,40    0,00    0,00    0,80     5  grafana
23:43:38        0      3027    1,40    0,80    0,00    0,00    2,20     0  mount.ntfs-3g
23:43:38        0      3068    0,00    0,20    0,00    0,00    0,20     0  containerd-shim
23:43:38        0      3075    0,20    0,20    0,00    0,00    0,40     3  containerd-shim
23:43:38        0      3091    0,00    0,20    0,00    0,00    0,20     3  containerd-shim
23:43:38        0      3120    0,20    0,00    0,00    0,00    0,20     4  containerd-shim
23:43:38      999      3241    0,40    0,00    0,00    0,00    0,40     4  redis-server
23:43:38     1000      4211   10,20    5,80    0,00    0,20   16,00     2  gnome-shell
23:43:38     1000      5898    3,60    1,40    0,00    0,00    5,00     0  antigravity
23:43:38     1000      5952    9,80    1,20    0,00    0,00   11,00     7  antigravity
23:43:38     1000      6000   16,40    1,20    0,00    0,20   17,60     0  antigravity
23:43:38     1000      6006    0,20    0,00    0,00    0,00    0,20     7  antigravity
23:43:38     1000      6248    1,60    1,40    0,00    0,00    3,00     4  language_server
23:43:38     1000      6303    0,00    0,20    0,00    0,00    0,20     7  antigravity
23:43:38     1000      6334    0,40    0,00    0,00    0,00    0,40     6  antigravity
23:43:38     1000      6366    1,00    0,40    0,00    0,20    1,40     0  antigravity
23:43:38     1000      6381    0,60    0,20    0,00    0,00    0,80     0  antigravity
23:43:38     1000      6409    0,40    0,00    0,00    0,00    0,40     5  antigravity
23:43:38     1000      6708    1,40    1,00    0,00    0,00    2,40     5  language_server
23:43:38     1000      7203    1,40    1,40    0,00    0,00    2,80     3  language_server
23:43:38        0      8594    0,00    0,60    0,00    0,20    0,60     7  kworker/u33:0-i915_flip
23:43:38        0      8778    0,00    0,20    0,00    0,00    0,20     7  kworker/7:0-events
23:43:38     1000      9105    0,20    0,00    0,00    0,00    0,20     3  chrome
23:43:38     1000      9152    0,40    0,00    0,00    0,00    0,40     2  chrome
23:43:38     1000      9378    1,40    0,00    0,00    0,00    1,40     3  gnome-terminal-
23:43:38     1000     10899    0,20    0,00    0,00    0,00    0,20     1  antigravity
23:43:38     1000     11751    0,20    0,20    0,00    0,00    0,40     3  pidstat
23:43:38     1000     11783    5,20    0,20    0,00    0,00    5,40     7  java

23:43:33      UID       PID  minflt/s  majflt/s     VSZ     RSS   %MEM  Command
23:43:38      115       942     73,00      0,00 1614080   25348   0,16  prometheus-node
23:43:38        0      3068     11,00      0,00 1235608   14580   0,09  containerd-shim
23:43:38        0      3075      4,20      0,00 1235608   14452   0,09  containerd-shim
23:43:38        0      3076      0,60      0,00 1235608   14212   0,09  containerd-shim
23:43:38        0      3091      5,00      0,00 1235608   14760   0,09  containerd-shim
23:43:38        0      3120      5,40      0,00 1235608   15012   0,09  containerd-shim
23:43:38     1000      4211      7,80      0,00 5032944  315828   1,95  gnome-shell
23:43:38     1000      5898     37,40      0,00 1461714124  309216   1,90  antigravity
23:43:38     1000      5952     16,40      0,00 34379180  167444   1,03  antigravity
23:43:38     1000      5963      0,80      0,00 33906396   82512   0,51  antigravity
23:43:38     1000      6000    241,80      0,00 1461390892  403768   2,49  antigravity
23:43:38     1000      6006     17,60      0,00 1459645432  275328   1,70  antigravity
23:43:38     1000      6289      0,20      0,00 33951332   64440   0,40  antigravity
23:43:38     1000      6302      6,00      0,00 1461347888  121260   0,75  antigravity
23:43:38     1000      6303      1,40      0,00 1461367164  112424   0,69  antigravity
23:43:38     1000      6334     14,40      0,00 1461342992  259020   1,60  antigravity
23:43:38     1000      6366    417,20      0,00 1461351388  377324   2,32  antigravity
23:43:38     1000      6381     20,80      0,00 1461358904  155076   0,96  antigravity
23:43:38     1000      6409     83,00      0,00 1461383736  122136   0,75  antigravity
23:43:38     1000      9105      7,40      0,00 55447012  385860   2,38  chrome
23:43:38     1000      9152      3,20      0,00 55460668  193164   1,19  chrome
23:43:38     1000      9157      2,60      0,00 54984556  132220   0,81  chrome
23:43:38     1000      9168      0,20      0,00 55021684   62848   0,39  chrome
23:43:38     1000      9642      0,20      0,00 55012336   86728   0,53  chrome
23:43:38     1000     10899      3,60      0,00 1459576016  117124   0,72  antigravity
23:43:38     1000     11783    413,80      0,00 4495724  233856   1,44  java

23:43:33      UID       PID   kB_rd/s   kB_wr/s kB_ccwr/s iodelay  Command
23:43:38     1000      6366      0,00      0,80      0,00       0  antigravity
23:43:38     1000     11751      0,00      1,08      0,00       0  pidstat
23:43:38     1000     11783      0,00      1,60      0,00       0  java

23:43:38      UID       PID    %usr %system  %guest   %wait    %CPU   CPU  Command
23:43:43        0        57    0,00    1,00    0,00    0,00    1,00     6  ksoftirqd/6
23:43:43        0        58    0,00    0,60    0,00    0,40    0,60     6  kworker/6:0-i915-unordered
23:43:43        0       113    0,00    0,20    0,00    0,00    0,20     0  kworker/0:1H-events_highpri
23:43:43        0       175    0,00    0,20    0,00    0,00    0,20     6  kworker/6:1H-events_highpri
23:43:43        0      1668    0,20    0,20    0,00    0,00    0,40     3  containerd
23:43:43        0      2676    0,60    0,00    0,00    0,00    0,60     1  dockerd
23:43:43      117      2677    0,60    0,40    0,00    0,00    1,00     3  grafana
23:43:43        0      3027    1,20    0,60    0,00    0,00    1,80     3  mount.ntfs-3g
23:43:43        0      3068    0,20    0,00    0,00    0,00    0,20     0  containerd-shim
23:43:43        0      3076    0,20    0,20    0,00    0,00    0,40     7  containerd-shim
23:43:43        0      3120    0,00    0,20    0,00    0,00    0,20     4  containerd-shim
23:43:43      999      3241    0,40    0,20    0,00    0,00    0,60     6  redis-server
23:43:43     1000      4211    8,40    6,80    0,00    0,00   15,20     2  gnome-shell
23:43:43     1000      5898    3,40    1,80    0,00    0,20    5,20     0  antigravity
23:43:43     1000      5952    9,40    1,40    0,00    0,00   10,80     3  antigravity
23:43:43     1000      6000    6,20    0,80    0,00    0,00    7,00     6  antigravity
23:43:43     1000      6006    0,20    0,00    0,00    0,00    0,20     1  antigravity
23:43:43     1000      6248    1,20    1,80    0,00    0,00    3,00     4  language_server
23:43:43     1000      6334    0,20    0,20    0,00    0,00    0,40     0  antigravity
23:43:43     1000      6366    0,80    0,40    0,00    0,00    1,20     5  antigravity
23:43:43     1000      6381    0,40    0,20    0,00    0,00    0,60     4  antigravity
23:43:43     1000      6409    0,20    0,00    0,00    0,00    0,20     2  antigravity
23:43:43     1000      6708    0,80    1,60    0,00    0,00    2,40     5  language_server
23:43:43     1000      7203    1,60    1,20    0,00    0,00    2,80     3  language_server
23:43:43        0      8594    0,00    0,80    0,00    0,00    0,80     6  kworker/u33:0+i915_flip
23:43:43     1000      9105    0,00    0,20    0,00    0,00    0,20     3  chrome
23:43:43     1000      9152    0,20    0,00    0,00    0,00    0,20     2  chrome
23:43:43     1000      9210    0,20    0,00    0,00    0,00    0,20     7  chrome
23:43:43     1000      9378    0,80    0,00    0,00    0,00    0,80     7  gnome-terminal-
23:43:43     1000     11751    0,40    0,20    0,00    0,00    0,60     5  pidstat
23:43:43     1000     11783    1,80    0,00    0,00    0,00    1,80     7  java

23:43:38      UID       PID  minflt/s  majflt/s     VSZ     RSS   %MEM  Command
23:43:43      114      1776      4,00      0,00  218252   29316   0,18  postgres
23:43:43      117      2677      0,20      0,00 1765560  336616   2,07  grafana
23:43:43        0      3068      5,80      0,00 1235608   14708   0,09  containerd-shim
23:43:43        0      3075      7,80      0,00 1235608   14452   0,09  containerd-shim
23:43:43        0      3076      8,80      0,00 1235608   14340   0,09  containerd-shim
23:43:43        0      3091      9,00      0,00 1235608   15016   0,09  containerd-shim
23:43:43        0      3120      9,00      0,00 1235608   14504   0,09  containerd-shim
23:43:43     1000      4211      0,80      0,00 5032944  315828   1,95  gnome-shell
23:43:43     1000      5898     34,40      0,00 1461714124  309728   1,91  antigravity
23:43:43     1000      5952     18,60      0,00 34379180  167368   1,03  antigravity
23:43:43     1000      5963      0,80      0,00 33906396   82512   0,51  antigravity
23:43:43     1000      6000    128,40      0,00 1461390892  404284   2,49  antigravity
23:43:43     1000      6006      8,80      0,00 1459645432  275584   1,70  antigravity
23:43:43     1000      6289      0,20      0,00 33951332   64440   0,40  antigravity
23:43:43     1000      6302      3,00      0,00 1461347888  121260   0,75  antigravity
23:43:43     1000      6303      0,60      0,00 1461367164  112424   0,69  antigravity
23:43:43     1000      6334     10,00      0,00 1461342992  259148   1,60  antigravity
23:43:43     1000      6366    303,20      0,00 1461351388  377128   2,32  antigravity
23:43:43     1000      6381     20,00      0,00 1461358904  155136   0,96  antigravity
23:43:43     1000      6409     17,80      0,00 1461383736  121952   0,75  antigravity
23:43:43     1000      7325      0,20      0,00 1459530528   86076   0,53  antigravity
23:43:43     1000      9105      7,80      0,00 55447012  385860   2,38  chrome
23:43:43     1000      9152      3,20      0,00 55460668  193164   1,19  chrome
23:43:43     1000      9157     17,80      0,00 54984556  132256   0,81  chrome
23:43:43     1000      9168      0,20      0,00 55021684   62848   0,39  chrome
23:43:43     1000      9642      0,20      0,00 55012336   86728   0,53  chrome
23:43:43     1000     11783      9,80      0,00 4495724  228512   1,41  java

23:43:38      UID       PID   kB_rd/s   kB_wr/s kB_ccwr/s iodelay  Command
23:43:43     1000      6366      0,00      0,80      0,00       0  antigravity
23:43:43     1000      9105      0,00      1,60      0,00       0  chrome
23:43:43     1000      9157      0,00     22,40      0,00       0  chrome
23:43:43     1000     11751      0,00      1,21      0,00       0  pidstat

23:43:43      UID       PID    %usr %system  %guest   %wait    %CPU   CPU  Command
23:43:48        0        45    0,20    0,00    0,00    0,00    0,20     4  ksoftirqd/4
23:43:48        0        57    0,00    1,20    0,00    0,00    1,20     6  ksoftirqd/6
23:43:48        0        58    0,00    0,60    0,00    0,80    0,60     6  kworker/6:0-i915-unordered
23:43:48        0        65    0,00    0,20    0,00    0,00    0,20     7  kworker/7:0H-events_highpri
23:43:48      115       943    0,20    0,00    0,00    0,00    0,20     1  prometheus
23:43:48        0      1646    0,20    0,00    0,00    0,00    0,20     6  glances
23:43:48        0      1654    0,00    0,20    0,00    0,00    0,20     6  tailscaled
23:43:48        0      1668    0,20    0,00    0,00    0,00    0,20     3  containerd
23:43:48        0      2676    0,40    0,00    0,00    0,00    0,40     1  dockerd
23:43:48      117      2677    0,40    0,20    0,00    0,00    0,60     6  grafana
23:43:48        0      3027    1,20    1,00    0,00    0,00    2,20     0  mount.ntfs-3g
23:43:48        0      3075    0,00    0,20    0,00    0,00    0,20     3  containerd-shim
23:43:48      999      3241    0,40    0,00    0,00    0,00    0,40     3  redis-server
23:43:48     1000      4211    9,20    6,60    0,00    0,00   15,80     5  gnome-shell
23:43:48     1000      5898    3,40    2,00    0,00    0,00    5,40     3  antigravity
23:43:48     1000      5952    8,80    2,20    0,00    0,00   11,00     1  antigravity
23:43:48     1000      6000    6,00    0,60    0,00    0,00    6,60     4  antigravity
23:43:48     1000      6006    0,20    0,20    0,00    0,00    0,40     6  antigravity
23:43:48     1000      6248    2,00    0,80    0,00    0,00    2,80     4  language_server
23:43:48     1000      6334    0,60    0,00    0,00    0,00    0,60     2  antigravity
23:43:48     1000      6366    1,00    0,20    0,00    0,00    1,20     3  antigravity
23:43:48     1000      6381    0,60    0,20    0,00    0,00    0,80     4  antigravity
23:43:48     1000      6409    0,40    0,20    0,00    0,00    0,60     2  antigravity
23:43:48     1000      6708    0,80    1,60    0,00    0,00    2,40     5  language_server
23:43:48     1000      7203    1,60    1,00    0,00    0,00    2,60     3  language_server
23:43:48        0      8594    0,00    0,60    0,00    0,00    0,60     7  kworker/u33:0+i915_flip
23:43:48        0      8774    0,20    0,00    0,00    0,00    0,20     0  kworker/0:2-events
23:43:48        0      8948    0,20    0,00    0,00    0,00    0,20     3  kworker/3:0-events
23:43:48     1000      9105    0,20    0,40    0,00    0,00    0,60     3  chrome
23:43:48     1000      9152    0,40    0,20    0,00    0,00    0,60     2  chrome
23:43:48     1000      9157    0,20    0,00    0,00    0,00    0,20     2  chrome
23:43:48     1000      9378    0,80    0,00    0,00    0,00    0,80     3  gnome-terminal-
23:43:48     1000      9657    0,20    0,20    0,00    0,00    0,40     0  chrome
23:43:48     1000     11751    0,20    0,40    0,00    0,00    0,60     2  pidstat
23:43:48     1000     11783    2,60    0,00    0,00    0,00    2,60     7  java

23:43:43      UID       PID  minflt/s  majflt/s     VSZ     RSS   %MEM  Command
23:43:48        0      2676      0,40      0,00 3358484  108084   0,67  dockerd
23:43:48        0      3068     10,80      0,00 1235608   14836   0,09  containerd-shim
23:43:48        0      3075     11,60      0,00 1235608   14708   0,09  containerd-shim
23:43:48        0      3076     11,20      0,00 1235608   14596   0,09  containerd-shim
23:43:48        0      3091     12,80      0,00 1235608   15272   0,09  containerd-shim
23:43:48        0      3120     13,20      0,00 1235608   14760   0,09  containerd-shim
23:43:48     1000      4211      9,20      0,00 5024816  315700   1,94  gnome-shell
23:43:48     1000      5898     45,80      0,00 1461714124  309100   1,90  antigravity
23:43:48     1000      5952     24,40      0,00 34379180  167188   1,03  antigravity
23:43:48     1000      5963      0,80      0,00 33906396   82512   0,51  antigravity
23:43:48     1000      6000    113,00      0,00 1461390892  404972   2,49  antigravity
23:43:48     1000      6006      7,60      0,00 1459645432  275712   1,70  antigravity
23:43:48     1000      6289      0,20      0,00 33951332   64440   0,40  antigravity
23:43:48     1000      6302      3,60      0,00 1461347888  121260   0,75  antigravity
23:43:48     1000      6303      0,80      0,00 1461367164  112424   0,69  antigravity
23:43:48     1000      6334     16,80      0,00 1461342992  259148   1,60  antigravity
23:43:48     1000      6366    353,60      0,00 1461351388  377308   2,32  antigravity
23:43:48     1000      6381     22,40      0,00 1461358904  155128   0,96  antigravity
23:43:48     1000      6409      3,00      0,00 1461383736  121952   0,75  antigravity
23:43:48     1000      9105     92,60      0,00 55447012  385704   2,38  chrome
23:43:48     1000      9152      6,40      0,00 55460668  193164   1,19  chrome
23:43:48     1000      9157      7,80      0,00 54984556  132256   0,81  chrome
23:43:48     1000      9168      0,40      0,00 55021684   62848   0,39  chrome
23:43:48     1000      9642      0,40      0,00 55012336   86728   0,53  chrome
23:43:48     1000      9657     51,00      0,00 1520518568  327924   2,02  chrome
23:43:48     1000     11783     11,20      0,00 4495724  228896   1,41  java

23:43:43      UID       PID   kB_rd/s   kB_wr/s kB_ccwr/s iodelay  Command
23:43:48     1000      6366      0,00      0,80      0,00       0  antigravity
23:43:48     1000      9105      0,00     27,20      0,00       0  chrome
23:43:48     1000      9157      0,00      0,80      0,80       0  chrome
23:43:48     1000     11751      0,00      1,09      0,00       0  pidstat

23:43:48      UID       PID    %usr %system  %guest   %wait    %CPU   CPU  Command
23:43:53        0         1    0,00    0,20    0,00    0,00    0,20     2  systemd
23:43:53        0        18    0,00    0,20    0,00    0,00    0,20     2  rcu_preempt
23:43:53        0        57    0,00    1,00    0,00    0,00    1,00     6  ksoftirqd/6
23:43:53        0        58    0,00    0,60    0,00    0,80    0,60     6  kworker/6:0-i915-unordered
23:43:53        0        67    0,00    0,20    0,00    0,00    0,20     4  kworker/u32:1-events_unbound
23:43:53        0        86    0,00    0,20    0,00    0,00    0,20     1  irq/9-acpi
23:43:53        0        90    0,00    0,20    0,00    0,00    0,20     4  kworker/4:1-mm_percpu_wq
23:43:53      990       908    0,80    0,20    0,00    0,00    1,00     5  dbus-daemon
23:43:53      115       942    1,20    0,40    0,00    0,00    1,60     2  prometheus-node
23:43:53      115       943    0,20    0,00    0,00    0,00    0,20     1  prometheus
23:43:53        0      1668    0,40    0,00    0,00    0,00    0,40     3  containerd
23:43:53        0      2676    0,40    0,00    0,00    0,00    0,40     1  dockerd
23:43:53      117      2677    0,20    0,40    0,00    0,00    0,60     2  grafana
23:43:53        0      3027    1,20    0,80    0,00    0,00    2,00     3  mount.ntfs-3g
23:43:53        0      3091    0,00    0,20    0,00    0,00    0,20     3  containerd-shim
23:43:53        0      3120    0,20    0,00    0,00    0,00    0,20     4  containerd-shim
23:43:53      999      3241    0,40    0,00    0,00    0,00    0,40     5  redis-server
23:43:53     1000      4211   10,80    4,40    0,00    0,00   15,20     4  gnome-shell
23:43:53     1000      5898    3,20    2,20    0,00    0,00    5,40     7  antigravity
23:43:53     1000      5952    8,80    2,20    0,00    0,00   11,00     6  antigravity
23:43:53     1000      6000    6,00    1,00    0,00    0,00    7,00     7  antigravity
23:43:53     1000      6006    0,20    0,00    0,00    0,00    0,20     7  antigravity
23:43:53     1000      6248    2,00    1,60    0,00    0,00    3,60     4  language_server
23:43:53     1000      6334    0,40    0,20    0,00    0,00    0,60     2  antigravity
23:43:53     1000      6366    1,20    0,20    0,00    0,00    1,40     3  antigravity
23:43:53     1000      6381    0,40    0,20    0,00    0,00    0,60     7  antigravity
23:43:53     1000      6409    0,00    0,20    0,00    0,00    0,20     7  antigravity
23:43:53     1000      6708    1,60    0,60    0,00    0,00    2,20     5  language_server
23:43:53     1000      7203    1,60    1,20    0,00    0,00    2,80     3  language_server
23:43:53        0      8594    0,00    0,60    0,00    0,00    0,60     6  kworker/u33:0+i915_flip
23:43:53     1000      9105    0,00    0,20    0,00    0,00    0,20     2  chrome
23:43:53     1000      9152    0,20    0,00    0,00    0,00    0,20     2  chrome
23:43:53     1000      9335    0,20    0,00    0,00    0,00    0,20     6  chrome
23:43:53     1000      9378    1,20    0,00    0,00    0,00    1,20     7  gnome-terminal-
23:43:53     1000      9642    0,20    0,00    0,00    0,00    0,20     5  chrome
23:43:53     1000      9657    0,40    0,00    0,00    0,00    0,40     1  chrome
23:43:53     1000     10899    0,20    0,00    0,00    0,00    0,20     2  antigravity
23:43:53     1000     11751    0,20    0,20    0,00    0,00    0,40     5  pidstat
23:43:53     1000     11783    2,60    0,20    0,00    0,00    2,80     7  java

23:43:48      UID       PID  minflt/s  majflt/s     VSZ     RSS   %MEM  Command
23:43:53      115       942     66,60      0,00 1614080   25332   0,16  prometheus-node
23:43:53      115       943      0,40      0,00 2610260  107144   0,66  prometheus
23:43:53        0      3068     12,40      0,00 1235608   14836   0,09  containerd-shim
23:43:53        0      3075     12,60      0,00 1235608   14964   0,09  containerd-shim
23:43:53        0      3076      9,20      0,00 1235608   14724   0,09  containerd-shim
23:43:53        0      3091     14,40      0,00 1235608   15528   0,10  containerd-shim
23:43:53        0      3120      8,60      0,00 1235608   14888   0,09  containerd-shim
23:43:53     1000      4211      0,80      0,00 5032944  315700   1,94  gnome-shell
23:43:53     1000      5898     39,00      0,00 1461714124  309092   1,90  antigravity
23:43:53     1000      5952     23,60      0,00 34379244  167700   1,03  antigravity
23:43:53     1000      5963      1,60      0,00 33906396   82512   0,51  antigravity
23:43:53     1000      6000    113,60      0,00 1461390892  405796   2,50  antigravity
23:43:53     1000      6006     46,40      0,00 1459645432  275828   1,70  antigravity
23:43:53     1000      6077      0,80      0,00 1459609232  168440   1,04  antigravity
23:43:53     1000      6289      0,40      0,00 33951332   64440   0,40  antigravity
23:43:53     1000      6302      4,00      0,00 1461347888  121260   0,75  antigravity
23:43:53     1000      6303      0,60      0,00 1461367164  112424   0,69  antigravity
23:43:53     1000      6334     10,20      0,00 1461342992  259148   1,60  antigravity
23:43:53     1000      6366    374,80      0,00 1461351388  377400   2,32  antigravity
23:43:53     1000      6381     21,80      0,00 1461358904  155248   0,96  antigravity
23:43:53     1000      6409      3,00      0,00 1461383736  122080   0,75  antigravity
23:43:53     1000      9105      7,20      0,00 55447012  385704   2,38  chrome
23:43:53     1000      9152      3,20      0,00 55460668  193164   1,19  chrome
23:43:53     1000      9157      2,80      0,00 54984556  132256   0,81  chrome
23:43:53     1000      9168      0,20      0,00 55021684   62848   0,39  chrome
23:43:53     1000      9642      0,20      0,00 55012336   86728   0,53  chrome
23:43:53     1000      9657    144,40      0,00 1520518568  330740   2,04  chrome
23:43:53     1000     11783     10,40      0,00 4495724  229024   1,41  java

23:43:48      UID       PID   kB_rd/s   kB_wr/s kB_ccwr/s iodelay  Command
23:43:53     1000      5898      0,00      4,80      0,00       0  antigravity
23:43:53     1000      6366      0,00      0,80      0,00       0  antigravity
23:43:53     1000     11751      0,00      1,14      0,00       0  pidstat
23:43:53     1000     11783      0,00      1,60      0,00       0  java

23:43:53      UID       PID    %usr %system  %guest   %wait    %CPU   CPU  Command
23:43:58        0        57    0,00    1,20    0,00    0,20    1,20     6  ksoftirqd/6
23:43:58        0        58    0,00    0,80    0,00    0,60    0,80     6  kworker/6:0-i915-unordered
23:43:58        0        73    0,00    0,20    0,00    0,00    0,20     6  kworker/u32:7-flush-8:0
23:43:58        0        82    0,00    0,20    0,00    0,00    0,20     2  khugepaged
23:43:58        0      1646    0,20    0,00    0,00    0,00    0,20     6  glances
23:43:58        0      1668    0,60    0,00    0,00    0,00    0,60     3  containerd
23:43:58        0      1673    0,20    0,00    0,00    0,00    0,20     6  anydesk
23:43:58        0      2676    0,40    0,40    0,00    0,00    0,80     1  dockerd
23:43:58      117      2677    0,40    0,40    0,00    0,00    0,80     7  grafana
23:43:58        0      3027    1,20    0,80    0,00    0,00    2,00     1  mount.ntfs-3g
23:43:58        0      3068    0,20    0,20    0,00    0,00    0,40     0  containerd-shim
23:43:58        0      3075    0,00    0,20    0,00    0,00    0,20     3  containerd-shim
23:43:58        0      3076    0,00    0,20    0,00    0,00    0,20     7  containerd-shim
23:43:58      999      3241    0,40    0,00    0,00    0,00    0,40     6  redis-server
23:43:58     1000      4211    8,60    6,80    0,00    0,00   15,40     3  gnome-shell
23:43:58     1000      5898    4,20    1,20    0,00    0,00    5,40     1  antigravity
23:43:58     1000      5952    8,00    2,60    0,00    0,00   10,60     6  antigravity
23:43:58     1000      6000    6,20    0,60    0,00    0,00    6,80     5  antigravity
23:43:58     1000      6006    0,20    0,00    0,00    0,00    0,20     7  antigravity
23:43:58     1000      6248    1,40    1,40    0,00    0,00    2,80     4  language_server
23:43:58     1000      6334    0,40    0,00    0,00    0,00    0,40     0  antigravity
23:43:58     1000      6366    1,20    0,20    0,00    0,00    1,40     2  antigravity
23:43:58     1000      6381    0,60    0,00    0,00    0,00    0,60     7  antigravity
23:43:58     1000      6409    0,20    0,20    0,00    0,00    0,40     7  antigravity
23:43:58     1000      6708    1,40    1,00    0,00    0,00    2,40     5  language_server
23:43:58     1000      7203    1,60    1,20    0,00    0,00    2,80     3  language_server
23:43:58        0      8594    0,00    0,80    0,00    0,00    0,80     4  kworker/u33:0-i915_flip
23:43:58     1000      9105    0,20    0,00    0,00    0,00    0,20     2  chrome
23:43:58     1000      9152    0,20    0,20    0,00    0,00    0,40     2  chrome
23:43:58     1000      9378    0,80    0,20    0,00    0,00    1,00     3  gnome-terminal-
23:43:58     1000     11751    0,20    0,20    0,00    0,00    0,40     7  pidstat
23:43:58     1000     11783    2,60    0,20    0,00    0,00    2,80     7  java

23:43:53      UID       PID  minflt/s  majflt/s     VSZ     RSS   %MEM  Command
23:43:58        0      1668      0,40      0,00 2463668   69928   0,43  containerd
23:43:58        0      3068      9,40      0,00 1235608   14964   0,09  containerd-shim
23:43:58        0      3075      8,80      0,00 1235608   14964   0,09  containerd-shim
23:43:58        0      3076      3,20      0,00 1235608   14724   0,09  containerd-shim
23:43:58        0      3091      9,80      0,00 1235608   15528   0,10  containerd-shim
23:43:58        0      3120      0,60      0,00 1235608   14888   0,09  containerd-shim
23:43:58     1000      4211      7,20      0,00 5032944  315700   1,94  gnome-shell
23:43:58     1000      5898     39,40      0,00 1461714124  311132   1,92  antigravity
23:43:58     1000      5952      9,60      0,00 34379244  167572   1,03  antigravity
23:43:58     1000      5963      0,80      0,00 33906396   82512   0,51  antigravity
23:43:58     1000      6000    138,00      0,00 1461390892  406656   2,51  antigravity
23:43:58     1000      6006     19,40      0,00 1459645432  276212   1,70  antigravity
23:43:58     1000      6289      0,20      0,00 33951332   64440   0,40  antigravity
23:43:58     1000      6302      7,40      0,00 1461347888  121260   0,75  antigravity
23:43:58     1000      6303      1,40      0,00 1461367164  112424   0,69  antigravity
23:43:58     1000      6334     14,20      0,00 1461342992  259020   1,60  antigravity
23:43:58     1000      6366    406,00      0,00 1461351388  377344   2,32  antigravity
23:43:58     1000      6381     20,60      0,00 1461358904  155124   0,96  antigravity
23:43:58     1000      6409     21,40      0,00 1461383736  122208   0,75  antigravity
23:43:58     1000      9105      8,40      0,00 55447012  385704   2,38  chrome
23:43:58     1000      9152      3,20      0,00 55460668  193164   1,19  chrome
23:43:58     1000      9157      3,20      0,00 54984556  132256   0,81  chrome
23:43:58     1000      9168      0,20      0,00 55021684   62848   0,39  chrome
23:43:58     1000      9642      0,20      0,00 55012336   86728   0,53  chrome
23:43:58     1000     11783     14,20      0,00 4495724  229280   1,41  java

23:43:53      UID       PID   kB_rd/s   kB_wr/s kB_ccwr/s iodelay  Command
23:43:58     1000      5898      0,00      4,80      0,00       0  antigravity
23:43:58     1000      6366      0,00      0,80      0,00       0  antigravity
23:43:58     1000      9105      0,00      3,20      0,00       0  chrome
23:43:58     1000     11751      0,00      1,24      0,00       0  pidstat

23:43:58      UID       PID    %usr %system  %guest   %wait    %CPU   CPU  Command
23:44:03        0        39    0,20    0,00    0,00    0,20    0,20     3  ksoftirqd/3
23:44:03        0        57    0,00    1,20    0,00    0,00    1,20     6  ksoftirqd/6
23:44:03        0        58    0,00    0,60    0,00    0,80    0,60     6  kworker/6:0-i915-unordered
23:44:03        0       175    0,00    0,20    0,00    0,00    0,20     6  kworker/6:1H-events_highpri
23:44:03      115       943    0,20    0,00    0,00    0,00    0,20     1  prometheus
23:44:03        0      1646    0,20    0,00    0,00    0,00    0,20     6  glances
23:44:03        0      1654    0,20    0,20    0,00    0,00    0,40     4  tailscaled
23:44:03        0      1668    0,40    0,00    0,00    0,00    0,40     3  containerd
23:44:03        0      2676    0,20    0,20    0,00    0,00    0,40     1  dockerd
23:44:03      117      2677    0,40    0,20    0,00    0,00    0,60     0  grafana
23:44:03        0      3027    1,00    1,00    0,00    0,00    2,00     6  mount.ntfs-3g
23:44:03        0      3076    0,20    0,00    0,00    0,00    0,20     7  containerd-shim
23:44:03        0      3091    0,20    0,20    0,00    0,00    0,40     3  containerd-shim
23:44:03        0      3120    0,00    0,20    0,00    0,00    0,20     4  containerd-shim
23:44:03      999      3241    0,40    0,00    0,00    0,00    0,40     0  redis-server
23:44:03     1000      4211    7,00    8,60    0,00    0,00   15,60     5  gnome-shell
23:44:03     1000      5898    3,60    2,00    0,00    0,00    5,60     1  antigravity
23:44:03     1000      5952    8,60    2,20    0,00    0,00   10,80     5  antigravity
23:44:03     1000      6000    7,00    0,60    0,00    0,00    7,60     3  antigravity
23:44:03     1000      6006    0,20    0,00    0,00    0,00    0,20     2  antigravity
23:44:03     1000      6248    2,20    1,00    0,00    0,00    3,20     4  language_server
23:44:03     1000      6334    0,60    0,20    0,00    0,00    0,80     4  antigravity
23:44:03     1000      6366    1,00    0,40    0,00    0,00    1,40     2  antigravity
23:44:03     1000      6381    0,60    0,00    0,00    0,00    0,60     6  antigravity
23:44:03     1000      6409    0,40    0,20    0,00    0,00    0,60     3  antigravity
23:44:03     1000      6708    4,00    0,80    0,00    0,00    4,80     5  language_server
23:44:03     1000      7203    4,00    1,00    0,00    0,00    5,00     3  language_server
23:44:03        0      8594    0,00    0,60    0,00    0,20    0,60     0  kworker/u33:0-i915_flip
23:44:03     1000      9105    0,20    0,00    0,00    0,00    0,20     2  chrome
23:44:03     1000      9152    0,20    0,00    0,00    0,00    0,20     2  chrome
23:44:03     1000      9210    0,20    0,00    0,00    0,00    0,20     7  chrome
23:44:03     1000      9378    1,00    0,00    0,00    0,00    1,00     3  gnome-terminal-
23:44:03     1000     11751    0,20    0,40    0,00    0,00    0,60     2  pidstat
23:44:03     1000     11783    2,80    0,00    0,00    0,00    2,80     7  java

23:43:58      UID       PID  minflt/s  majflt/s     VSZ     RSS   %MEM  Command
23:44:03      115       943      0,40      0,00 2610260  107144   0,66  prometheus
23:44:03      114      1776      3,60      0,00  218252   29316   0,18  postgres
23:44:03        0      3068     12,60      0,00 1235608   15220   0,09  containerd-shim
23:44:03        0      3075     10,80      0,00 1235608   15092   0,09  containerd-shim
23:44:03        0      3076     11,40      0,00 1235608   14980   0,09  containerd-shim
23:44:03        0      3091      4,00      0,00 1235608   15528   0,10  containerd-shim
23:44:03        0      3120      5,80      0,00 1235608   14888   0,09  containerd-shim
23:44:03     1000      4211      2,80      0,00 5032944  315700   1,94  gnome-shell
23:44:03     1000      5898     58,00      0,00 1461714124  311764   1,92  antigravity
23:44:03     1000      5952     14,60      0,00 34379244  167572   1,03  antigravity
23:44:03     1000      5963      0,80      0,00 33906396   82512   0,51  antigravity
23:44:03     1000      6000    195,00      0,00 1461390892  408280   2,52  antigravity
23:44:03     1000      6006     20,60      0,00 1459645432  276596   1,70  antigravity
23:44:03     1000      6289      0,20      0,00 33951332   64440   0,40  antigravity
23:44:03     1000      6302      3,60      0,00 1461347888  121260   0,75  antigravity
23:44:03     1000      6303      0,80      0,00 1461367164  112424   0,69  antigravity
23:44:03     1000      6334     20,20      0,00 1461342992  259148   1,60  antigravity
23:44:03     1000      6366    304,80      0,00 1461351388  377104   2,32  antigravity
23:44:03     1000      6381     35,00      0,00 1461358904  155044   0,96  antigravity
23:44:03     1000      6409    122,20      0,00 1461383736  122068   0,75  antigravity
23:44:03     1000      6708      0,20      0,00 4256016  479888   2,96  language_server
23:44:03     1000      9105     11,00      0,00 55447012  385832   2,38  chrome
23:44:03     1000      9152      3,20      0,00 55460668  193164   1,19  chrome
23:44:03     1000      9157      2,20      0,00 54984556  132256   0,81  chrome
23:44:03     1000      9168      0,20      0,00 55021684   62848   0,39  chrome
23:44:03     1000      9642      0,20      0,00 55012336   86728   0,53  chrome
23:44:03     1000     11783     33,40      0,00 4495724  229792   1,42  java

23:43:58      UID       PID   kB_rd/s   kB_wr/s kB_ccwr/s iodelay  Command
23:44:03     1000      6366      0,00      0,80      0,00       0  antigravity
23:44:03     1000      9105      0,00      0,80      0,00       0  chrome
23:44:03     1000     11751      0,00      1,07      0,00       0  pidstat
23:44:03     1000     11783      0,00      1,73      0,00       0  java

Rata-rata:    UID       PID    %usr %system  %guest   %wait    %CPU   CPU  Command
Rata-rata:      0         1    0,06    0,05    0,00    0,00    0,11     -  systemd
Rata-rata:      0        17    0,02    0,00    0,00    0,00    0,02     -  ksoftirqd/0
Rata-rata:      0        18    0,00    0,05    0,00    0,05    0,05     -  rcu_preempt
Rata-rata:      0        27    0,02    0,00    0,00    0,00    0,02     -  ksoftirqd/1
Rata-rata:      0        28    0,00    0,02    0,00    0,03    0,02     -  kworker/1:0-i915-unordered
Rata-rata:      0        39    0,02    0,00    0,00    0,02    0,02     -  ksoftirqd/3
Rata-rata:      0        45    0,02    0,00    0,00    0,00    0,02     -  ksoftirqd/4
Rata-rata:      0        51    0,02    0,00    0,00    0,02    0,02     -  ksoftirqd/5
Rata-rata:      0        57    0,00    1,14    0,00    0,05    1,14     -  ksoftirqd/6
Rata-rata:      0        58    0,00    0,65    0,00    0,92    0,65     -  kworker/6:0-i915-unordered
Rata-rata:      0        65    0,00    0,03    0,00    0,02    0,03     -  kworker/7:0H-events_highpri
Rata-rata:      0        67    0,00    0,05    0,00    0,00    0,05     -  kworker/u32:1-events_unbound
Rata-rata:      0        73    0,00    0,03    0,00    0,00    0,03     -  kworker/u32:7-events_unbound
Rata-rata:      0        82    0,00    0,03    0,00    0,00    0,03     -  khugepaged
Rata-rata:      0        86    0,00    0,05    0,00    0,00    0,05     -  irq/9-acpi
Rata-rata:      0        90    0,00    0,02    0,00    0,02    0,02     -  kworker/4:1-events
Rata-rata:      0       113    0,00    0,02    0,00    0,00    0,02     -  kworker/0:1H-events_highpri
Rata-rata:      0       175    0,00    0,05    0,00    0,00    0,05     -  kworker/6:1H-events_highpri
Rata-rata:      0       435    0,00    0,02    0,00    0,00    0,02     -  systemd-udevd
Rata-rata:      0       647    0,00    0,02    0,00    0,00    0,02     -  irq/130-iwlwifi
Rata-rata:    990       908    0,26    0,05    0,00    0,02    0,31     -  dbus-daemon
Rata-rata:    115       942    0,35    0,22    0,00    0,00    0,57     -  prometheus-node
Rata-rata:    115       943    0,14    0,02    0,00    0,00    0,15     -  prometheus
Rata-rata:      0      1081    0,02    0,02    0,00    0,02    0,03     -  NetworkManager
Rata-rata:      0      1646    0,14    0,02    0,00    0,00    0,15     -  glances
Rata-rata:      0      1654    0,11    0,11    0,00    0,00    0,22     -  tailscaled
Rata-rata:      0      1668    0,35    0,11    0,00    0,00    0,46     -  containerd
Rata-rata:      0      1673    0,02    0,02    0,00    0,00    0,03     -  anydesk
Rata-rata:    111      1761    0,02    0,00    0,00    0,00    0,02     -  mariadbd
Rata-rata:     33      1794    0,00    0,02    0,00    0,00    0,02     -  apache2
Rata-rata:      0      2676    0,45    0,15    0,00    0,00    0,60     -  dockerd
Rata-rata:    117      2677    0,48    0,29    0,00    0,02    0,77     -  grafana
Rata-rata:      0      3027    1,15    0,74    0,00    0,02    1,89     -  mount.ntfs-3g
Rata-rata:      0      3068    0,06    0,05    0,00    0,00    0,11     -  containerd-shim
Rata-rata:      0      3075    0,03    0,08    0,00    0,00    0,11     -  containerd-shim
Rata-rata:      0      3076    0,08    0,06    0,00    0,00    0,14     -  containerd-shim
Rata-rata:      0      3091    0,06    0,06    0,00    0,00    0,12     -  containerd-shim
Rata-rata:      0      3120    0,06    0,06    0,00    0,00    0,12     -  containerd-shim
Rata-rata:    999      3241    0,42    0,05    0,00    0,00    0,46     -  redis-server
Rata-rata:    117      3639    0,02    0,00    0,00    0,00    0,02     -  gpx_grafana_ela
Rata-rata:   1000      3918    0,03    0,02    0,00    0,00    0,05     -  systemd
Rata-rata:   1000      4002    0,02    0,00    0,00    0,00    0,02     -  dbus-daemon
Rata-rata:   1000      4003    0,03    0,02    0,00    0,00    0,05     -  pipewire
Rata-rata:   1000      4006    0,03    0,00    0,00    0,00    0,03     -  wireplumber
Rata-rata:   1000      4009    0,02    0,00    0,00    0,00    0,02     -  pipewire-pulse
Rata-rata:   1000      4211    9,30    6,69    0,00    0,05   15,99     -  gnome-shell
Rata-rata:   1000      4491    0,02    0,00    0,00    0,00    0,02     -  gsd-housekeepin
Rata-rata:   1000      4525    0,02    0,00    0,00    0,00    0,02     -  gsd-sharing
Rata-rata:   1000      4546    0,02    0,00    0,00    0,00    0,02     -  anydesk
Rata-rata:   1000      4757    0,00    0,02    0,00    0,00    0,02     -  gvfs-udisks2-vo
Rata-rata:      0      4928    0,00    0,03    0,00    0,02    0,03     -  kworker/u32:9-flush-8:0
Rata-rata:      0      5233    0,00    0,02    0,00    0,02    0,02     -  fwupd
Rata-rata:   1000      5898    3,80    1,60    0,00    0,06    5,40     -  antigravity
Rata-rata:   1000      5952    9,03    2,12    0,00    0,02   11,15     -  antigravity
Rata-rata:   1000      6000    8,93    0,83    0,00    0,05    9,76     -  antigravity
Rata-rata:   1000      6006    0,17    0,03    0,00    0,00    0,20     -  antigravity
Rata-rata:   1000      6248    1,63    1,35    0,00    0,00    2,98     -  language_server
Rata-rata:   1000      6303    0,03    0,02    0,00    0,00    0,05     -  antigravity
Rata-rata:   1000      6334    0,46    0,12    0,00    0,00    0,58     -  antigravity
Rata-rata:   1000      6366    2,05    0,48    0,00    0,02    2,52     -  antigravity
Rata-rata:   1000      6381    0,85    0,11    0,00    0,03    0,95     -  antigravity
Rata-rata:   1000      6409    0,29    0,15    0,00    0,00    0,45     -  antigravity
Rata-rata:   1000      6708    1,51    1,01    0,00    0,00    2,52     -  language_server
Rata-rata:   1000      7203    1,71    1,18    0,00    0,00    2,89     -  language_server
Rata-rata:      0      8594    0,00    0,66    0,00    0,12    0,66     -  kworker/u33:0-i915_flip
Rata-rata:      0      8774    0,03    0,00    0,00    0,03    0,03     -  kworker/0:2-events
Rata-rata:      0      8778    0,00    0,02    0,00    0,02    0,02     -  kworker/7:0-i915-unordered
Rata-rata:      0      8948    0,03    0,00    0,00    0,02    0,03     -  kworker/3:0-events
Rata-rata:   1000      9105    0,15    0,09    0,00    0,43    0,25     -  chrome
Rata-rata:   1000      9152    0,22    0,09    0,00    0,00    0,31     -  chrome
Rata-rata:   1000      9157    0,03    0,02    0,00    0,65    0,05     -  chrome
Rata-rata:   1000      9168    0,02    0,00    0,00    0,00    0,02     -  chrome
Rata-rata:   1000      9202    0,02    0,02    0,00    0,00    0,03     -  chrome
Rata-rata:   1000      9210    0,06    0,00    0,00    0,00    0,06     -  chrome
Rata-rata:   1000      9335    0,02    0,00    0,00    0,00    0,02     -  chrome
Rata-rata:   1000      9378    1,01    0,03    0,00    0,00    1,05     -  gnome-terminal-
Rata-rata:   1000      9642    0,02    0,02    0,00    0,00    0,03     -  chrome
Rata-rata:   1000      9657    0,06    0,02    0,00    0,00    0,08     -  chrome
Rata-rata:   1000      9668    0,02    0,00    0,00    1,54    0,02     -  chrome
Rata-rata:   1000      9773    0,00    0,02    0,00    0,00    0,02     -  ssh
Rata-rata:      0     10107    0,00    0,02    0,00    0,00    0,02     -  kworker/2:0-events
Rata-rata:   1000     10899    0,05    0,02    0,00    0,00    0,06     -  antigravity
Rata-rata:   1000     11751    0,20    0,31    0,00    0,00    0,51     -  pidstat
Rata-rata:   1000     11783   11,79    0,57    0,00    0,00   12,36     -  java

Rata-rata:    UID       PID  minflt/s  majflt/s     VSZ     RSS   %MEM  Command
Rata-rata:      0       375      3,64      0,00  163644   80328   0,49  systemd-journal
Rata-rata:      0       435      6,75      0,00   37432   10756   0,07  systemd-udevd
Rata-rata:    115       942     23,28      0,00 1614080   25551   0,16  prometheus-node
Rata-rata:    115       943      0,45      0,00 2610260  107105   0,66  prometheus
Rata-rata:      0      1654      0,46      0,00 1421460  106257   0,65  tailscaled
Rata-rata:      0      1668      0,12      0,00 2463668   69937   0,43  containerd
Rata-rata:    114      1776      1,14      0,00  218252   29316   0,18  postgres
Rata-rata:      0      2676      0,09      0,02 3358484  108064   0,67  dockerd
Rata-rata:    117      2677      0,22      0,00 1765569  336596   2,07  grafana
Rata-rata:      0      3068      7,69      0,00 1235608   14788   0,09  containerd-shim
Rata-rata:      0      3075      8,60      0,00 1235608   14783   0,09  containerd-shim
Rata-rata:      0      3076      7,41      0,00 1235608   14550   0,09  containerd-shim
Rata-rata:      0      3091      9,18      0,00 1235608   15326   0,09  containerd-shim
Rata-rata:      0      3120      7,14      0,00 1235608   14780   0,09  containerd-shim
Rata-rata:     70      3230      0,42      0,00  174540   25788   0,16  postgres
Rata-rata:   1000      4003      2,78      0,00  103966   13654   0,08  pipewire
Rata-rata:   1000      4009      2,95      0,00  171976   14917   0,09  pipewire-pulse
Rata-rata:   1000      4210      0,02      0,00  381168    7124   0,04  at-spi-bus-laun
Rata-rata:   1000      4211     13,95      0,00 5031734  313339   1,93  gnome-shell
Rata-rata:   1000      4941      0,02      0,00  704604   20144   0,12  xdg-desktop-por
Rata-rata:   1000      5898     54,54      0,00 1461714124  309258   1,91  antigravity
Rata-rata:   1000      5952     19,79      0,00 34379703  167640   1,03  antigravity
Rata-rata:   1000      5963      0,98      0,00 33906396   82512   0,51  antigravity
Rata-rata:   1000      6000    195,82      0,00 1461390296  407366   2,51  antigravity
Rata-rata:   1000      6006     17,82      0,00 1459645432  274872   1,69  antigravity
Rata-rata:   1000      6077      0,06      0,00 1459609232  168440   1,04  antigravity
Rata-rata:   1000      6289      0,25      0,00 33951332   64440   0,40  antigravity
Rata-rata:   1000      6302      4,12      0,00 1461347888  121260   0,75  antigravity
Rata-rata:   1000      6303      1,00      0,00 1461367164  112424   0,69  antigravity
Rata-rata:   1000      6334     19,01      0,00 1461342992  259113   1,60  antigravity
Rata-rata:   1000      6366    683,88      0,00 1461351388  371835   2,29  antigravity
Rata-rata:   1000      6381     25,42      0,00 1461358904  154988   0,95  antigravity
Rata-rata:   1000      6409     84,55      0,00 1461383736  121962   0,75  antigravity
Rata-rata:   1000      6708      0,02      0,00 4256016  479888   2,96  language_server
Rata-rata:   1000      7325      0,29      0,00 1459530528   86076   0,53  antigravity
Rata-rata:   1000      9105     16,64      0,00 55447012  385763   2,38  chrome
Rata-rata:   1000      9152      3,94      0,00 55460668  193164   1,19  chrome
Rata-rata:   1000      9157      5,11      0,00 54984556  132234   0,81  chrome
Rata-rata:   1000      9168      0,25      0,00 55021684   62848   0,39  chrome
Rata-rata:   1000      9335      0,02      0,00 1518471656  109448   0,67  chrome
Rata-rata:   1000      9642      0,25      0,00 55012336   86728   0,53  chrome
Rata-rata:   1000      9657     15,02      0,00 1519157436  328257   2,02  chrome
Rata-rata:   1000      9773      0,95      0,00   14470    9138   0,06  ssh
Rata-rata:   1000     10899      0,28      0,00 1459576016  116986   0,72  antigravity
Rata-rata:   1000     10937      1,06      0,00    7664    3776   0,02  run_all_tests.s
Rata-rata:   1000     11751      0,72      0,00    6286    5250   0,03  pidstat
Rata-rata:   1000     11752      0,29      0,00    2676    1520   0,01  jmeter
Rata-rata:   1000     11783    539,01      0,00 4495724  227616   1,40  java

Rata-rata:    UID       PID   kB_rd/s   kB_wr/s kB_ccwr/s iodelay  Command
Rata-rata:   1000      4006      0,00      0,06      0,00       0  wireplumber
Rata-rata:   1000      4211      0,00      5,54      0,00       0  gnome-shell
Rata-rata:   1000      5898      0,00      0,74      0,00       0  antigravity
Rata-rata:   1000      6366      0,00      0,74      0,00       0  antigravity
Rata-rata:   1000      9105      0,00      4,18      0,00       0  chrome
Rata-rata:   1000      9157      0,00      2,28      0,06       0  chrome
Rata-rata:   1000     10937      0,00     14,30      5,54       0  run_all_tests.s
Rata-rata:   1000     11751      0,00      1,12      0,00       0  pidstat
Rata-rata:   1000     11783      0,25      0,81      0,00       0  java
