Linux 6.12.94+deb13-amd64 (debian) 	02/07/26 	_x86_64_	(8 CPU)

00:31:54      UID       PID    %usr %system  %guest   %wait    %CPU   CPU  Command
00:31:59        0         1    0,20    0,20    0,00    0,20    0,40     4  systemd
00:31:59        0        27    0,00    0,20    0,00    0,00    0,20     1  ksoftirqd/1
00:31:59        0        35    0,00    0,20    0,00    0,00    0,20     2  kworker/2:0H-kblockd
00:31:59        0       120    0,00    0,20    0,00    0,00    0,20     6  kworker/u33:0-i915_flip
00:31:59        0       233    0,00    0,20    0,00    0,00    0,20     6  kworker/6:1H-events_highpri
00:31:59        0       376    0,20    0,20    0,00    0,00    0,40     4  systemd-journal
00:31:59        0       408    0,00    0,20    0,00    0,20    0,20     3  systemd-udevd
00:31:59      990       903    0,60    0,00    0,00    0,20    0,60     3  dbus-daemon
00:31:59      115       933    0,20    0,00    0,00    0,00    0,20     1  prometheus
00:31:59        0       943    0,20    0,00    0,00    0,00    0,20     6  udisksd
00:31:59        0      1079    0,20    0,00    0,00    0,00    0,20     4  NetworkManager
00:31:59        0      1391    0,20    0,20    0,00    0,20    0,40     0  tailscaled
00:31:59        0      1423    1,00    0,20    0,00    0,00    1,20     2  containerd
00:31:59        0      2310    1,00    0,80    0,00    0,00    1,79     0  dockerd
00:31:59      117      2312    0,60    0,00    0,00    0,00    0,60     3  grafana
00:31:59        0      2932    0,20    0,20    0,00    0,00    0,40     4  mount.ntfs-3g
00:31:59        0      2975    0,20    0,00    0,00    0,00    0,20     7  containerd-shim
00:31:59        0      2976    0,20    0,00    0,00    0,00    0,20     6  containerd-shim
00:31:59        0      2977    0,20    0,20    0,00    0,00    0,40     7  containerd-shim
00:31:59        0      2981    0,20    0,20    0,00    0,00    0,40     0  containerd-shim
00:31:59      999      3130    0,40    0,00    0,00    0,00    0,40     3  redis-server
00:31:59     1000      4549    0,20    0,00    0,00    0,00    0,20     4  systemd
00:31:59     1000      4708    3,39    0,40    0,00    0,20    3,78     7  gnome-shell
00:31:59     1000      5021    0,20    0,00    0,00    0,00    0,20     3  gsd-housekeepin
00:31:59     1000      5055    0,20    0,00    0,00    0,20    0,20     7  gsd-sharing
00:31:59     1000      5268    0,20    0,00    0,00    0,00    0,20     3  gvfs-udisks2-vo
00:31:59        0      5954    0,20    0,00    0,00    0,00    0,20     0  fwupd
00:31:59     1000      6317    1,20    0,20    0,00    0,00    1,39     2  antigravity
00:31:59     1000      6339    0,40    0,00    0,00    0,20    0,40     6  gnome-terminal-
00:31:59     1000      6757    2,59    0,40    0,00    0,00    2,99     5  antigravity
00:31:59     1000      6820   13,75    1,00    0,00    0,20   14,74     4  antigravity
00:31:59     1000      7059    1,39    1,59    0,00    0,00    2,99     3  language_server
00:31:59     1000      7229    0,40    0,60    0,00    0,00    1,00     6  antigravity
00:31:59     1000      7244    1,59    0,40    0,00    0,00    1,99     2  antigravity
00:31:59     1000      7260    2,79    0,40    0,00    0,00    3,19     6  antigravity
00:31:59     1000      8267    2,59    1,00    0,00    0,00    3,59     7  language_server
00:31:59     1000      8356    0,20    0,00    0,00    0,00    0,20     4  antigravity
00:31:59     1000      9291    0,00    0,20    0,00    0,00    0,20     4  chrome
00:31:59     1000      9519    0,20    0,00    0,00    0,00    0,20     3  chrome
00:31:59     1000     76014    0,00    0,20    0,00    0,00    0,20     6  chrome
00:31:59        0     93905    0,00    0,20    0,00    0,20    0,20     7  kworker/u32:7-kvfree_rcu_reclaim
00:31:59        0     97830    0,20    0,00    0,00    0,20    0,20     7  kworker/7:0-events
00:31:59     1000    101330    0,20    0,20    0,00    0,00    0,40     1  pidstat
00:31:59     1000    101362   85,46    4,98    0,00    0,00   90,44     6  java

00:31:54      UID       PID  minflt/s  majflt/s     VSZ     RSS   %MEM  Command
00:31:59        0       376     47,01      0,00  188968  108308   0,67  systemd-journal
00:31:59        0       408     95,02      0,00   37544   10908   0,07  systemd-udevd
00:31:59        0      1423      0,40      0,00 2463900   70888   0,44  containerd
00:31:59        0      2975      5,98      0,00 1235352   13432   0,08  containerd-shim
00:31:59        0      2976      0,60      0,00 1235608   14732   0,09  containerd-shim
00:31:59        0      2977      3,19      0,00 1235352   14900   0,09  containerd-shim
00:31:59        0      2981      2,99      0,00 1235608   14152   0,09  containerd-shim
00:31:59        0      2982      2,59      0,00 1235608   14800   0,09  containerd-shim
00:31:59     1000      4708     11,55      0,00 5446340  346792   2,14  gnome-shell
00:31:59        0      5954      0,20      0,00  370168   46692   0,29  fwupd
00:31:59     1000      6317     42,63      0,00 1461668528  314996   1,94  antigravity
00:31:59     1000      6757     58,76      0,00 34362492  169660   1,05  antigravity
00:31:59     1000      6771      0,60      0,00 33903964   81164   0,50  antigravity
00:31:59     1000      6820    525,10      0,00 1461417264  664292   4,09  antigravity
00:31:59     1000      7161      0,20      0,00 33951332   64332   0,40  antigravity
00:31:59     1000      7229    189,64      0,00 1461383544  129492   0,80  antigravity
00:31:59     1000      7244     14,34      0,00 1461351324  418200   2,58  antigravity
00:31:59     1000      7258      3,78      0,00 1461347760  125896   0,78  antigravity
00:31:59     1000      7260      6,97      0,00 1461367100  163884   1,01  antigravity
00:31:59     1000      8356      5,18      0,00 1459530528  100844   0,62  antigravity
00:31:59     1000      9291     10,96      0,00 55435272  374424   2,31  chrome
00:31:59     1000      9342      2,19      0,00 55467700  213584   1,32  chrome
00:31:59     1000      9345      3,98      0,00 54976356  136144   0,84  chrome
00:31:59     1000      9359      0,60      0,00 55015792   62536   0,39  chrome
00:31:59     1000     76014      0,40      0,00 1518513820  343632   2,12  chrome
00:31:59     1000     76063      0,20      0,00 55006444   86720   0,53  chrome
00:31:59     1000     99008      6,37      0,00    7664    3936   0,02  bash
00:31:59     1000    101330      1,39      0,00    6052    5088   0,03  pidstat
00:31:59     1000    101331      4,18      0,00    2676    1764   0,01  jmeter
00:31:59     1000    101362   4847,81      0,00 4495476  204904   1,26  java
00:31:59     1000    101586     24,50      0,00    5660    2164   0,01  sleep

00:31:54      UID       PID   kB_rd/s   kB_wr/s kB_ccwr/s iodelay  Command
00:31:59     1000    101362      0,00      2,14      0,00       0  java

00:31:59      UID       PID    %usr %system  %guest   %wait    %CPU   CPU  Command
00:32:04        0         1    0,20    0,00    0,00    0,00    0,20     1  systemd
00:32:04        0        57    0,00    0,20    0,00    0,00    0,20     6  ksoftirqd/6
00:32:04        0        86    0,00    0,20    0,00    0,00    0,20     1  irq/9-acpi
00:32:04      990       903    0,80    0,00    0,00    0,00    0,80     2  dbus-daemon
00:32:04      115       930    1,20    0,20    0,00    0,00    1,40     7  prometheus-node
00:32:04      115       933    0,20    0,00    0,00    0,00    0,20     1  prometheus
00:32:04        0      1383    0,20    0,00    0,00    0,00    0,20     7  glances
00:32:04        0      1391    0,20    0,20    0,00    0,00    0,40     0  tailscaled
00:32:04        0      1423    0,20    0,00    0,00    0,00    0,20     2  containerd
00:32:04        0      2310    0,20    0,20    0,00    0,00    0,40     0  dockerd
00:32:04      117      2312    1,00    0,40    0,00    0,00    1,40     3  grafana
00:32:04        0      2932    0,40    0,60    0,00    0,00    1,00     6  mount.ntfs-3g
00:32:04        0      2982    0,00    0,20    0,00    0,00    0,20     1  containerd-shim
00:32:04      999      3130    0,40    0,00    0,00    0,00    0,40     5  redis-server
00:32:04     1000      4708    1,20    0,60    0,00    0,00    1,80     7  gnome-shell
00:32:04     1000      6317    0,20    0,20    0,00    0,00    0,40     0  antigravity
00:32:04     1000      6339    1,00    0,00    0,00    0,00    1,00     6  gnome-terminal-
00:32:04     1000      6757    0,40    0,60    0,00    0,00    1,00     5  antigravity
00:32:04     1000      6820    2,60    0,60    0,00    0,00    3,20     3  antigravity
00:32:04     1000      7059    1,80    1,60    0,00    0,00    3,40     7  language_server
00:32:04     1000      7229    0,20    0,00    0,00    0,00    0,20     6  antigravity
00:32:04     1000      7244    1,60    0,20    0,00    0,00    1,80     6  antigravity
00:32:04     1000      7258    0,20    0,00    0,00    0,00    0,20     7  antigravity
00:32:04     1000      7260    0,80    0,00    0,00    0,00    0,80     3  antigravity
00:32:04     1000      8267    1,40    1,40    0,00    0,00    2,80     7  language_server
00:32:04     1000      9291    0,20    0,20    0,00    0,00    0,40     4  chrome
00:32:04     1000      9345    0,20    0,00    0,00    0,00    0,20     1  chrome
00:32:04     1000      9359    0,00    0,20    0,00    0,00    0,20     1  chrome
00:32:04     1000      9519    0,20    0,00    0,00    0,00    0,20     7  chrome
00:32:04     1000     91682    0,20    0,00    0,00    0,00    0,20     4  ssh
00:32:04        0     97806    0,00    0,20    0,00    0,00    0,20     6  kworker/6:2-mm_percpu_wq
00:32:04        0     99318    0,00    0,20    0,00    0,00    0,20     5  kworker/5:0-events
00:32:04     1000    101330    0,20    0,40    0,00    0,00    0,60     4  pidstat
00:32:04     1000    101362    3,60    0,00    0,00    0,00    3,60     6  java

00:31:59      UID       PID  minflt/s  majflt/s     VSZ     RSS   %MEM  Command
00:32:04        0         1      0,20      0,00   24652   14916   0,09  systemd
00:32:04      115       930     85,20      0,00 1762312   26084   0,16  prometheus-node
00:32:04      115       933      2,40      0,00 2711492  112956   0,70  prometheus
00:32:04      117      2312      2,40      0,00 1765240  349640   2,15  grafana
00:32:04        0      2975      9,80      0,00 1235352   13560   0,08  containerd-shim
00:32:04        0      2976      9,20      0,00 1235608   14732   0,09  containerd-shim
00:32:04        0      2977     11,20      0,00 1235352   15028   0,09  containerd-shim
00:32:04        0      2981      9,20      0,00 1235608   14152   0,09  containerd-shim
00:32:04        0      2982      9,20      0,00 1235608   15056   0,09  containerd-shim
00:32:04     1000      4708      0,60      0,00 5454532  346792   2,14  gnome-shell
00:32:04     1000      6317     33,80      0,00 1461668528  314936   1,94  antigravity
00:32:04     1000      6757     13,40      0,00 34367028  169524   1,04  antigravity
00:32:04     1000      6771      1,20      0,00 33903964   81164   0,50  antigravity
00:32:04     1000      6820    348,20      0,00 1461417264  667756   4,11  antigravity
00:32:04     1000      7161      0,20      0,00 33951332   64332   0,40  antigravity
00:32:04     1000      7229     98,80      0,00 1461383544  129492   0,80  antigravity
00:32:04     1000      7244    194,80      0,00 1461351324  418456   2,58  antigravity
00:32:04     1000      7258      2,60      0,00 1461347760  125896   0,78  antigravity
00:32:04     1000      7260     18,60      0,00 1461367100  163956   1,01  antigravity
00:32:04     1000      8356      5,40      0,00 1459530528  100844   0,62  antigravity
00:32:04     1000      9291     14,60      0,00 55435272  374424   2,31  chrome
00:32:04     1000      9342      2,20      0,00 55467700  213584   1,32  chrome
00:32:04     1000      9345      4,00      0,00 54976356  136144   0,84  chrome
00:32:04     1000      9359      0,60      0,00 55015792   62536   0,39  chrome
00:32:04     1000      9519      0,00      0,00 1518553976  354720   2,19  chrome
00:32:04     1000     76014      0,60      0,00 1518513820  343632   2,12  chrome
00:32:04     1000     76063      0,20      0,00 55006444   86720   0,53  chrome
00:32:04     1000    101330      0,80      0,00    6184    5088   0,03  pidstat
00:32:04     1000    101362     44,60      0,00 4495476  206056   1,27  java

00:31:59      UID       PID   kB_rd/s   kB_wr/s kB_ccwr/s iodelay  Command
00:32:04     1000      7244      0,00      0,80      0,00       0  antigravity
00:32:04     1000      9291      0,00      0,80      0,00       0  chrome
00:32:04     1000    101330      0,00      1,33      0,00       0  pidstat
00:32:04     1000    101362      0,00      0,09      0,00       0  java

00:32:04      UID       PID    %usr %system  %guest   %wait    %CPU   CPU  Command
00:32:09        0        17    0,00    0,20    0,00    0,00    0,20     7  rcu_preempt
00:32:09        0      1383    0,00    0,20    0,00    0,00    0,20     7  glances
00:32:09        0      1391    0,20    0,00    0,00    0,00    0,20     2  tailscaled
00:32:09        0      1423    0,40    0,00    0,00    0,00    0,40     2  containerd
00:32:09        0      2310    0,60    0,20    0,00    0,00    0,80     0  dockerd
00:32:09      117      2312    0,60    0,40    0,00    0,00    1,00     3  grafana
00:32:09        0      2932    0,60    0,00    0,00    0,00    0,60     0  mount.ntfs-3g
00:32:09        0      2975    0,20    0,00    0,00    0,00    0,20     7  containerd-shim
00:32:09        0      2976    0,20    0,20    0,00    0,00    0,40     6  containerd-shim
00:32:09        0      2981    0,00    0,20    0,00    0,00    0,20     0  containerd-shim
00:32:09        0      2982    0,20    0,00    0,00    0,00    0,20     1  containerd-shim
00:32:09      999      3130    0,20    0,20    0,00    0,00    0,40     5  redis-server
00:32:09     1000      4708    0,80    0,40    0,00    0,00    1,20     0  gnome-shell
00:32:09     1000      6317    0,40    0,00    0,00    0,00    0,40     2  antigravity
00:32:09     1000      6339    0,40    0,00    0,00    0,00    0,40     2  gnome-terminal-
00:32:09     1000      6820    1,00    0,20    0,00    0,00    1,20     4  antigravity
00:32:09     1000      7059    1,60    1,80    0,00    0,00    3,40     5  language_server
00:32:09     1000      7229    0,20    0,40    0,00    0,00    0,60     6  antigravity
00:32:09     1000      7244    1,00    0,80    0,00    0,00    1,80     0  antigravity
00:32:09     1000      7260    0,40    0,20    0,00    0,00    0,60     0  antigravity
00:32:09     1000      8267    2,00    0,80    0,00    0,00    2,80     7  language_server
00:32:09     1000      8356    0,20    0,00    0,00    0,00    0,20     3  antigravity
00:32:09     1000      9519    0,20    0,00    0,00    0,00    0,20     3  chrome
00:32:09     1000     76025    0,20    0,00    0,00    0,00    0,20     2  chrome
00:32:09     1000     98039    0,20    0,00    0,00    0,00    0,20     1  antigravity
00:32:09     1000    101330    0,00    0,40    0,00    0,00    0,40     4  pidstat
00:32:09     1000    101362    2,60    0,60    0,00    0,00    3,20     6  java

00:32:04      UID       PID  minflt/s  majflt/s     VSZ     RSS   %MEM  Command
00:32:09      115       933      1,00      0,00 2711492  112956   0,70  prometheus
00:32:09        0      2975     13,60      0,00 1235352   13688   0,08  containerd-shim
00:32:09        0      2976      5,20      0,00 1235608   14732   0,09  containerd-shim
00:32:09        0      2977     12,40      0,00 1235352   15284   0,09  containerd-shim
00:32:09        0      2981     11,80      0,00 1235608   14408   0,09  containerd-shim
00:32:09        0      2982     14,80      0,00 1235608   15184   0,09  containerd-shim
00:32:09     1000      4708      6,60      0,00 5454468  346792   2,14  gnome-shell
00:32:09     1000      6317     32,20      0,00 1461668528  315044   1,94  antigravity
00:32:09     1000      6757     23,80      0,00 34359628  169908   1,05  antigravity
00:32:09     1000      6771      0,60      0,00 33903964   81164   0,50  antigravity
00:32:09     1000      6820    183,20      0,00 1461417264  668280   4,12  antigravity
00:32:09     1000      7161      0,40      0,00 33951332   64332   0,40  antigravity
00:32:09     1000      7229    110,80      0,00 1461383544  129492   0,80  antigravity
00:32:09     1000      7244    239,20      0,00 1461351324  418288   2,58  antigravity
00:32:09     1000      7258      2,80      0,00 1461347760  125896   0,78  antigravity
00:32:09     1000      7260     21,60      0,00 1461367100  164068   1,01  antigravity
00:32:09     1000      8356      5,20      0,00 1459530528  100844   0,62  antigravity
00:32:09     1000      9291      7,20      0,00 55435272  374424   2,31  chrome
00:32:09     1000      9342      2,20      0,00 55467700  213584   1,32  chrome
00:32:09     1000      9345      5,00      0,00 54976356  136144   0,84  chrome
00:32:09     1000      9359      1,20      0,00 55015792   62536   0,39  chrome
00:32:09     1000     76014      0,40      0,00 1518513820  343632   2,12  chrome
00:32:09     1000     76063      0,40      0,00 55006444   86720   0,53  chrome
00:32:09     1000    101362     23,00      0,00 4495476  206440   1,27  java

00:32:04      UID       PID   kB_rd/s   kB_wr/s kB_ccwr/s iodelay  Command
00:32:09     1000    101330      0,00      1,16      0,00       0  pidstat

00:32:09      UID       PID    %usr %system  %guest   %wait    %CPU   CPU  Command
00:32:14      115       933    0,20    0,00    0,00    0,00    0,20     1  prometheus
00:32:14        0      1383    0,20    0,00    0,00    0,00    0,20     7  glances
00:32:14        0      1423    0,40    0,20    0,00    0,00    0,60     2  containerd
00:32:14        0      2310    0,40    0,20    0,00    0,00    0,60     0  dockerd
00:32:14      117      2312    0,40    0,40    0,00    0,00    0,80     3  grafana
00:32:14        0      2932    0,20    0,40    0,00    0,00    0,60     1  mount.ntfs-3g
00:32:14        0      2975    0,00    0,20    0,00    0,00    0,20     7  containerd-shim
00:32:14        0      2977    0,20    0,00    0,00    0,00    0,20     7  containerd-shim
00:32:14      999      3130    0,40    0,20    0,00    0,00    0,60     6  redis-server
00:32:14     1000      4708    0,80    0,40    0,00    0,00    1,20     3  gnome-shell
00:32:14     1000      5523    0,20    0,00    0,00    0,00    0,20     7  xdg-document-po
00:32:14     1000      6317    0,20    0,00    0,00    0,00    0,20     2  antigravity
00:32:14     1000      6339    0,80    0,00    0,00    0,00    0,80     0  gnome-terminal-
00:32:14     1000      6757    0,20    0,00    0,00    0,00    0,20     1  antigravity
00:32:14     1000      6820   12,60    0,80    0,00    0,00   13,40     2  antigravity
00:32:14     1000      7059    1,80    1,80    0,00    0,20    3,60     2  language_server
00:32:14     1000      7229    0,20    0,00    0,00    0,00    0,20     6  antigravity
00:32:14     1000      7244    1,40    0,60    0,00    0,00    2,00     0  antigravity
00:32:14     1000      7260    0,60    0,00    0,00    0,00    0,60     0  antigravity
00:32:14     1000      8267    1,40    1,60    0,00    0,00    3,00     7  language_server
00:32:14     1000      9291    0,20    0,00    0,00    0,20    0,20     5  chrome
00:32:14     1000    101330    0,20    0,20    0,00    0,00    0,40     4  pidstat
00:32:14     1000    101362    2,40    0,00    0,00    0,00    2,40     6  java
00:32:14     1000    101655    0,60    0,00    0,00    0,00    0,60     5  gnome-screensho

00:32:09      UID       PID  minflt/s  majflt/s     VSZ     RSS   %MEM  Command
00:32:14      115       933      0,20      0,00 2711492  112956   0,70  prometheus
00:32:14        0      1423     10,00      0,00 2463900   70320   0,43  containerd
00:32:14      114      1526      3,80      0,00  218252   29568   0,18  postgres
00:32:14        0      2975      7,00      0,00 1235352   13816   0,09  containerd-shim
00:32:14        0      2977     14,60      0,00 1235352   15412   0,09  containerd-shim
00:32:14        0      2981     12,00      0,00 1235608   14664   0,09  containerd-shim
00:32:14        0      2982      9,80      0,00 1235608   15440   0,10  containerd-shim
00:32:14     1000      4708      1,20      0,00 5462660  346792   2,14  gnome-shell
00:32:14     1000      5523      0,20      0,00  688428    6872   0,04  xdg-document-po
00:32:14     1000      6317     32,40      0,00 1461668528  315556   1,94  antigravity
00:32:14     1000      6757      5,80      0,00 34359628  169908   1,05  antigravity
00:32:14     1000      6771      0,60      0,00 33903964   81164   0,50  antigravity
00:32:14     1000      6820    344,80      0,00 1461417264  655828   4,04  antigravity
00:32:14     1000      7161      0,20      0,00 33951332   64332   0,40  antigravity
00:32:14     1000      7229      3,20      0,00 1461383544  129360   0,80  antigravity
00:32:14     1000      7244    202,40      0,00 1461351324  418416   2,58  antigravity
00:32:14     1000      7258      5,80      0,00 1461347760  125896   0,78  antigravity
00:32:14     1000      7260     19,40      0,00 1461367100  163928   1,01  antigravity
00:32:14     1000      8356      5,40      0,00 1459530528  100844   0,62  antigravity
00:32:14     1000      9291     11,20      0,00 55435272  374424   2,31  chrome
00:32:14     1000      9342      4,40      0,00 55467700  213584   1,32  chrome
00:32:14     1000      9345      8,40      0,00 54976356  136144   0,84  chrome
00:32:14     1000      9359      0,60      0,00 55015792   62536   0,39  chrome
00:32:14     1000     76014      0,20      0,00 1518513820  343632   2,12  chrome
00:32:14     1000     76063      0,20      0,00 55006444   86720   0,53  chrome
00:32:14     1000     99008      5,80      0,00    7664    3936   0,02  bash
00:32:14     1000    101362     15,80      0,00 4495476  206696   1,27  java
00:32:14     1000    101655    253,00      0,00  407848   18624   0,11  gnome-screensho

00:32:09      UID       PID   kB_rd/s   kB_wr/s kB_ccwr/s iodelay  Command
00:32:14     1000      7244      0,00      0,80      0,00       0  antigravity
00:32:14     1000      9291      0,00      1,60      0,00       0  chrome
00:32:14     1000      9345      0,00     20,00      0,00       0  chrome
00:32:14     1000    101330      0,00      0,92      0,00       0  pidstat
00:32:14     1000    101362      0,00      1,60      0,00       0  java

00:32:14      UID       PID    %usr %system  %guest   %wait    %CPU   CPU  Command
00:32:19        0         1    0,00    0,20    0,00    0,00    0,20     0  systemd
00:32:19        0       120    0,00    0,20    0,00    0,00    0,20     6  kworker/u33:0-i915_flip
00:32:19      990       903    0,40    0,20    0,00    0,00    0,60     3  dbus-daemon
00:32:19      115       930    1,00    0,80    0,00    0,00    1,80     7  prometheus-node
00:32:19      115       933    0,20    0,00    0,00    0,00    0,20     1  prometheus
00:32:19        0      1383    0,20    0,00    0,00    0,00    0,20     7  glances
00:32:19        0      1423    0,20    0,20    0,00    0,00    0,40     2  containerd
00:32:19        0      2310    0,40    0,00    0,00    0,00    0,40     0  dockerd
00:32:19      117      2312    1,60    0,20    0,00    0,00    1,80     3  grafana
00:32:19        0      2932    0,40    0,60    0,00    0,00    1,00     2  mount.ntfs-3g
00:32:19        0      2977    0,20    0,00    0,00    0,00    0,20     7  containerd-shim
00:32:19        0      2982    0,00    0,20    0,00    0,00    0,20     1  containerd-shim
00:32:19      999      3130    0,40    0,00    0,00    0,00    0,40     5  redis-server
00:32:19     1000      4569    0,20    0,00    0,00    0,00    0,20     3  dbus-daemon
00:32:19     1000      4570    0,20    0,20    0,00    0,00    0,40     1  pipewire
00:32:19     1000      4573    0,40    0,00    0,00    0,00    0,40     6  wireplumber
00:32:19     1000      4574    0,20    0,20    0,00    0,00    0,40     4  pipewire-pulse
00:32:19     1000      4708    6,00    1,60    0,00    0,00    7,60     4  gnome-shell
00:32:19     1000      4885    0,20    0,00    0,00    0,00    0,20     6  at-spi2-registr
00:32:19     1000      5586    0,20    0,00    0,00    0,00    0,20     7  gvfsd-trash
00:32:19     1000      6317    0,60    0,00    0,00    0,00    0,60     3  antigravity
00:32:19     1000      6339    0,60    0,00    0,00    0,00    0,60     2  gnome-terminal-
00:32:19     1000      6757    1,20    0,20    0,00    0,00    1,40     6  antigravity
00:32:19     1000      6771    0,20    0,00    0,00    0,00    0,20     7  antigravity
00:32:19     1000      6820    5,40    0,40    0,00    0,00    5,80     3  antigravity
00:32:19     1000      7059    1,40    1,60    0,00    0,00    3,00     0  language_server
00:32:19     1000      7229    0,20    0,20    0,00    0,00    0,40     6  antigravity
00:32:19     1000      7244    1,60    0,20    0,00    0,00    1,80     1  antigravity
00:32:19     1000      7260    0,60    0,00    0,00    0,00    0,60     4  antigravity
00:32:19     1000      8267    1,40    1,20    0,00    0,00    2,60     7  language_server
00:32:19     1000      8356    0,20    0,00    0,00    0,00    0,20     5  antigravity
00:32:19     1000      9291    0,20    0,20    0,00    0,00    0,40     6  chrome
00:32:19     1000      9519    0,20    0,20    0,00    0,00    0,40     2  chrome
00:32:19        0     97806    0,00    0,20    0,00    0,00    0,20     6  kworker/6:2-i915-unordered
00:32:19        0     98978    0,00    0,20    0,00    0,00    0,20     0  kworker/0:1-events
00:32:19     1000    101330    0,20    0,40    0,00    0,00    0,60     4  pidstat
00:32:19     1000    101362    1,60    0,40    0,00    0,00    2,00     6  java

00:32:14      UID       PID  minflt/s  majflt/s     VSZ     RSS   %MEM  Command
00:32:19      115       930     98,80      0,00 1762312   25988   0,16  prometheus-node
00:32:19      115       933     12,60      0,00 2711492  113212   0,70  prometheus
00:32:19        0      1423      4,80      0,00 2463900   70320   0,43  containerd
00:32:19        0      2975      0,60      0,00 1235352   13816   0,09  containerd-shim
00:32:19        0      2976      0,20      0,00 1235608   14732   0,09  containerd-shim
00:32:19        0      2977      9,80      0,00 1235352   15668   0,10  containerd-shim
00:32:19        0      2982      2,00      0,00 1235608   15568   0,10  containerd-shim
00:32:19     1000      4570     37,60      0,00  105040   14660   0,09  pipewire
00:32:19     1000      4574     38,00      0,00  110852   15600   0,10  pipewire-pulse
00:32:19     1000      4708     15,60      0,00 5454660  346792   2,14  gnome-shell
00:32:19     1000      5180      0,20      0,00  308612    7372   0,05  ibus-portal
00:32:19     1000      5504      0,20      0,00  778332   19920   0,12  xdg-desktop-por
00:32:19     1000      6317     38,80      0,00 1461668528  314852   1,94  antigravity
00:32:19     1000      6757     47,40      0,00 34367116  170112   1,05  antigravity
00:32:19     1000      6771      0,60      0,00 33903964   81164   0,50  antigravity
00:32:19     1000      6820    314,80      0,00 1461417264  659496   4,06  antigravity
00:32:19     1000      7161      0,20      0,00 33951332   64332   0,40  antigravity
00:32:19     1000      7229    121,80      0,00 1461383544  129488   0,80  antigravity
00:32:19     1000      7244    260,20      0,00 1461351324  418800   2,58  antigravity
00:32:19     1000      7258      3,00      0,00 1461347760  125896   0,78  antigravity
00:32:19     1000      7260     18,60      0,00 1461367100  163988   1,01  antigravity
00:32:19     1000      8356      5,20      0,00 1459530528  100844   0,62  antigravity
00:32:19     1000      9291      7,60      0,00 55435272  374424   2,31  chrome
00:32:19     1000      9342      2,20      0,00 55467700  213584   1,32  chrome
00:32:19     1000      9345      4,20      0,00 54976356  136144   0,84  chrome
00:32:19     1000      9359      0,60      0,00 55015792   62536   0,39  chrome
00:32:19     1000     76014      0,40      0,00 1518513820  343632   2,12  chrome
00:32:19     1000     76063      0,20      0,00 55006444   86720   0,53  chrome
00:32:19     1000     99008      0,80      0,00    7664    3936   0,02  bash
00:32:19     1000    101362     13,20      0,00 4495476  206952   1,27  java

00:32:14      UID       PID   kB_rd/s   kB_wr/s kB_ccwr/s iodelay  Command
00:32:19     1000      4573      0,00      0,80      0,00       0  wireplumber
00:32:19     1000      4708      0,00     77,60      0,00       0  gnome-shell
00:32:19     1000      9291      0,00      1,60      0,00       0  chrome
00:32:19     1000     99008      0,00    182,80     77,60       0  bash
00:32:19     1000    101330      0,00      0,99      0,00       0  pidstat

00:32:19      UID       PID    %usr %system  %guest   %wait    %CPU   CPU  Command
00:32:24        0        86    0,00    0,20    0,00    0,00    0,20     1  irq/9-acpi
00:32:24        0      1391    0,20    0,00    0,00    0,00    0,20     2  tailscaled
00:32:24        0      1423    0,40    0,00    0,00    0,00    0,40     2  containerd
00:32:24        0      2310    0,40    0,20    0,00    0,00    0,60     0  dockerd
00:32:24      117      2312    0,40    0,40    0,00    0,00    0,80     3  grafana
00:32:24        0      2932    0,20    0,40    0,00    0,00    0,60     2  mount.ntfs-3g
00:32:24        0      2975    0,20    0,00    0,00    0,00    0,20     7  containerd-shim
00:32:24        0      2976    0,00    0,20    0,00    0,00    0,20     6  containerd-shim
00:32:24        0      2981    0,20    0,00    0,00    0,00    0,20     0  containerd-shim
00:32:24        0      2982    0,20    0,00    0,00    0,00    0,20     1  containerd-shim
00:32:24      999      3130    0,20    0,20    0,00    0,00    0,40     6  redis-server
00:32:24     1000      4708    1,00    0,20    0,00    0,00    1,20     4  gnome-shell
00:32:24     1000      5107    0,20    0,00    0,00    0,00    0,20     3  anydesk
00:32:24     1000      6317    0,20    0,20    0,00    0,00    0,40     4  antigravity
00:32:24     1000      6339    1,00    0,00    0,00    0,00    1,00     0  gnome-terminal-
00:32:24     1000      6757    0,20    0,00    0,00    0,00    0,20     6  antigravity
00:32:24     1000      6820    1,20    0,20    0,00    0,00    1,40     5  antigravity
00:32:24     1000      7059    1,60    1,80    0,00    0,00    3,40     5  language_server
00:32:24     1000      7229    0,20    0,20    0,00    0,00    0,40     0  antigravity
00:32:24     1000      7244    1,60    0,40    0,00    0,00    2,00     7  antigravity
00:32:24     1000      7260    0,60    0,00    0,00    0,00    0,60     3  antigravity
00:32:24     1000      8267    1,40    1,80    0,00    0,00    3,20     7  language_server
00:32:24     1000      9291    0,20    0,20    0,00    0,00    0,40     6  chrome
00:32:24     1000      9500    0,20    0,00    0,00    0,00    0,20     5  chrome
00:32:24     1000      9519    0,20    0,00    0,00    0,00    0,20     7  chrome
00:32:24     1000     91682    0,00    0,20    0,00    0,00    0,20     3  ssh
00:32:24     1000     98039    0,00    0,20    0,00    0,00    0,20     3  antigravity
00:32:24     1000    101330    0,00    0,40    0,00    0,00    0,40     4  pidstat
00:32:24     1000    101362    1,60    0,20    0,00    0,00    1,80     6  java

00:32:19      UID       PID  minflt/s  majflt/s     VSZ     RSS   %MEM  Command
00:32:24        0      1423      8,20      0,00 2463900   70448   0,43  containerd
00:32:24        0      2975      9,20      0,00 1235352   14200   0,09  containerd-shim
00:32:24        0      2976      6,00      0,00 1235608   14732   0,09  containerd-shim
00:32:24        0      2977      7,60      0,00 1235352   15472   0,10  containerd-shim
00:32:24        0      2981      0,20      0,00 1235608   14664   0,09  containerd-shim
00:32:24        0      2982      0,20      0,00 1235608   15568   0,10  containerd-shim
00:32:24       70      3117      4,40      0,00  174540   25424   0,16  postgres
00:32:24     1000      4570      0,00      0,00  104092   14660   0,09  pipewire
00:32:24     1000      4708      0,40      0,00 5454596  346792   2,14  gnome-shell
00:32:24     1000      6317     33,40      0,00 1461668528  314792   1,94  antigravity
00:32:24     1000      6757      8,60      0,00 34367116  169696   1,05  antigravity
00:32:24     1000      6771      1,20      0,00 33903964   81164   0,50  antigravity
00:32:24     1000      6820    163,40      0,00 1461417264  661044   4,07  antigravity
00:32:24     1000      7161      0,20      0,00 33951332   64332   0,40  antigravity
00:32:24     1000      7229      9,20      0,00 1461383544  129488   0,80  antigravity
00:32:24     1000      7244    469,00      0,00 1461351324  416864   2,57  antigravity
00:32:24     1000      7258      2,80      0,00 1461347760  125896   0,78  antigravity
00:32:24     1000      7260     21,00      0,00 1461367100  164244   1,01  antigravity
00:32:24     1000      8356      5,20      0,00 1459530528  100844   0,62  antigravity
00:32:24     1000      9291     23,60      0,00 55435272  374416   2,31  chrome
00:32:24     1000      9342      2,20      0,00 55467700  213584   1,32  chrome
00:32:24     1000      9345      4,20      0,00 54976356  136144   0,84  chrome
00:32:24     1000      9359      0,60      0,00 55015792   62536   0,39  chrome
00:32:24     1000      9519      0,00      0,00 1518553976  353096   2,18  chrome
00:32:24     1000     76014      0,60      0,00 1518513820  343632   2,12  chrome
00:32:24     1000     76063      0,40      0,00 55006444   86720   0,53  chrome
00:32:24     1000    101362      8,80      0,00 4495476  207080   1,28  java

00:32:19      UID       PID   kB_rd/s   kB_wr/s kB_ccwr/s iodelay  Command
00:32:24     1000      9291      0,00     15,20      0,00       0  chrome
00:32:24     1000    101330      0,00      1,25      0,00       0  pidstat
00:32:24     1000    101362      0,00      1,60      0,00       0  java

00:32:24      UID       PID    %usr %system  %guest   %wait    %CPU   CPU  Command
00:32:29      115       933    0,20    0,00    0,00    0,00    0,20     1  prometheus
00:32:29        0      1383    0,20    0,00    0,00    0,00    0,20     7  glances
00:32:29        0      1391    0,00    0,20    0,00    0,00    0,20     4  tailscaled
00:32:29        0      1423    0,20    0,20    0,00    0,00    0,40     2  containerd
00:32:29        0      2310    0,20    0,00    0,00    0,00    0,20     0  dockerd
00:32:29      117      2312    0,40    0,60    0,00    0,00    1,00     3  grafana
00:32:29        0      2932    0,20    0,60    0,00    0,00    0,80     0  mount.ntfs-3g
00:32:29      999      3130    0,40    0,00    0,00    0,00    0,40     6  redis-server
00:32:29     1000      4708    1,00    0,40    0,00    0,00    1,40     5  gnome-shell
00:32:29     1000      6317    0,20    0,00    0,00    0,00    0,20     4  antigravity
00:32:29     1000      6339    0,40    0,00    0,00    0,00    0,40     0  gnome-terminal-
00:32:29     1000      6757    0,20    0,20    0,00    0,00    0,40     1  antigravity
00:32:29     1000      6820    1,00    0,20    0,00    0,00    1,20     5  antigravity
00:32:29     1000      7059    2,00    1,60    0,00    0,00    3,60     3  language_server
00:32:29     1000      7229    0,20    0,20    0,00    0,00    0,40     1  antigravity
00:32:29     1000      7244    1,20    0,80    0,00    0,00    2,00     6  antigravity
00:32:29     1000      7260    0,20    0,20    0,00    0,00    0,40     3  antigravity
00:32:29     1000      8267    2,00    0,80    0,00    0,00    2,80     7  language_server
00:32:29     1000      8356    0,20    0,00    0,00    0,00    0,20     3  antigravity
00:32:29     1000      9519    0,20    0,00    0,00    0,00    0,20     3  chrome
00:32:29        0     49776    0,00    0,20    0,00    0,00    0,20     1  kworker/u32:0-events_unbound
00:32:29     1000    101330    0,20    0,20    0,00    0,00    0,40     4  pidstat
00:32:29     1000    101362    1,80    0,00    0,00    0,00    1,80     6  java

00:32:24      UID       PID  minflt/s  majflt/s     VSZ     RSS   %MEM  Command
00:32:29        0      1423      6,40      0,00 2463900   70448   0,43  containerd
00:32:29        0      2975      4,40      0,00 1235352   13568   0,08  containerd-shim
00:32:29        0      2976      8,80      0,00 1235608   14084   0,09  containerd-shim
00:32:29        0      2977      4,80      0,00 1235352   14856   0,09  containerd-shim
00:32:29        0      2981      3,20      0,00 1235608   14264   0,09  containerd-shim
00:32:29        0      2982      0,60      0,00 1235608   15020   0,09  containerd-shim
00:32:29     1000      4708      6,80      0,00 5454660  346792   2,14  gnome-shell
00:32:29     1000      6317     31,80      0,00 1461668528  314660   1,94  antigravity
00:32:29     1000      6757     23,80      0,00 34359820  169824   1,05  antigravity
00:32:29     1000      6771      0,60      0,00 33903964   81164   0,50  antigravity
00:32:29     1000      6820    147,20      0,00 1461417264  663604   4,09  antigravity
00:32:29     1000      7161      0,40      0,00 33951332   64332   0,40  antigravity
00:32:29     1000      7229      2,40      0,00 1461383544  129488   0,80  antigravity
00:32:29     1000      7244    283,40      0,00 1461351324  416552   2,57  antigravity
00:32:29     1000      7258      2,80      0,00 1461347760  125896   0,78  antigravity
00:32:29     1000      7260     19,20      0,00 1461367100  164172   1,01  antigravity
00:32:29     1000      8356      5,40      0,00 1459530528  100844   0,62  antigravity
00:32:29     1000      9291     10,60      0,00 55435272  374416   2,31  chrome
00:32:29     1000      9342      2,20      0,00 55467700  213584   1,32  chrome
00:32:29     1000      9345      5,20      0,00 54976356  136144   0,84  chrome
00:32:29     1000      9359      1,20      0,00 55015792   62536   0,39  chrome
00:32:29     1000     76014      0,40      0,00 1518513820  343632   2,12  chrome
00:32:29     1000     76063      0,40      0,00 55006444   86720   0,53  chrome
00:32:29     1000     98039      0,20      0,00 1459559684  112632   0,69  antigravity
00:32:29     1000    101362     12,80      0,00 4495476  207336   1,28  java

00:32:24      UID       PID   kB_rd/s   kB_wr/s kB_ccwr/s iodelay  Command
00:32:29     1000      7244      0,00      0,80      0,00       0  antigravity
00:32:29     1000    101330      0,00      1,02      0,00       0  pidstat

00:32:29      UID       PID    %usr %system  %guest   %wait    %CPU   CPU  Command
00:32:34        0         1    0,20    0,00    0,00    0,00    0,20     0  systemd
00:32:34      990       903    0,40    0,20    0,00    0,00    0,60     3  dbus-daemon
00:32:34      115       930    1,00    0,40    0,00    0,00    1,40     7  prometheus-node
00:32:34      115       933    0,20    0,00    0,00    0,00    0,20     1  prometheus
00:32:34        0      1391    0,20    0,00    0,00    0,00    0,20     4  tailscaled
00:32:34        0      1423    0,40    0,00    0,00    0,00    0,40     2  containerd
00:32:34        0      2310    0,40    0,20    0,00    0,00    0,60     0  dockerd
00:32:34      117      2312    0,80    0,40    0,00    0,00    1,20     3  grafana
00:32:34        0      2932    0,40    0,20    0,00    0,00    0,60     3  mount.ntfs-3g
00:32:34        0      2975    0,20    0,00    0,00    0,00    0,20     7  containerd-shim
00:32:34        0      2976    0,00    0,20    0,00    0,00    0,20     6  containerd-shim
00:32:34        0      2977    0,20    0,00    0,00    0,00    0,20     7  containerd-shim
00:32:34        0      2981    0,20    0,20    0,00    0,00    0,40     0  containerd-shim
00:32:34        0      2982    0,00    0,20    0,00    0,00    0,20     1  containerd-shim
00:32:34      999      3130    0,40    0,00    0,00    0,00    0,40     5  redis-server
00:32:34     1000      4708    1,00    0,40    0,00    0,00    1,40     4  gnome-shell
00:32:34     1000      5504    0,00    0,20    0,00    0,00    0,20     0  xdg-desktop-por
00:32:34     1000      6317    0,20    0,20    0,00    0,00    0,40     6  antigravity
00:32:34     1000      6339    0,80    0,00    0,00    0,00    0,80     6  gnome-terminal-
00:32:34     1000      6757    0,40    0,20    0,00    0,00    0,60     3  antigravity
00:32:34     1000      6820    2,00    0,60    0,00    0,00    2,60     4  antigravity
00:32:34     1000      7059    2,00    1,20    0,00    0,00    3,20     4  language_server
00:32:34     1000      7229    0,40    0,00    0,00    0,00    0,40     3  antigravity
00:32:34     1000      7244    1,80    0,20    0,00    0,00    2,00     1  antigravity
00:32:34     1000      7260    0,60    0,20    0,00    0,00    0,80     0  antigravity
00:32:34     1000      8267    1,20    1,60    0,00    0,00    2,80     7  language_server
00:32:34     1000      9291    0,20    0,20    0,00    0,00    0,40     2  chrome
00:32:34     1000      9390    0,20    0,00    0,00    0,00    0,20     1  chrome
00:32:34     1000     76014    0,20    0,00    0,00    0,00    0,20     5  chrome
00:32:34     1000     98039    0,20    0,00    0,00    0,00    0,20     3  antigravity
00:32:34        0     99361    0,00    0,20    0,00    0,00    0,20     7  kworker/u32:3-kvfree_rcu_reclaim
00:32:34     1000    101330    0,20    0,20    0,00    0,00    0,40     1  pidstat
00:32:34     1000    101362    1,40    0,00    0,00    0,00    1,40     6  java

00:32:29      UID       PID  minflt/s  majflt/s     VSZ     RSS   %MEM  Command
00:32:34      115       930     65,60      0,00 1762312   25948   0,16  prometheus-node
00:32:34      115       933      0,40      0,00 2711492  113212   0,70  prometheus
00:32:34        0      1423      9,60      0,00 2463900   70576   0,43  containerd
00:32:34        0      2975      9,60      0,00 1235352   13696   0,08  containerd-shim
00:32:34        0      2976      9,20      0,00 1235608   14212   0,09  containerd-shim
00:32:34        0      2977     10,00      0,00 1235352   14984   0,09  containerd-shim
00:32:34        0      2981      9,20      0,00 1235608   14264   0,09  containerd-shim
00:32:34        0      2982      7,60      0,00 1235608   15148   0,09  containerd-shim
00:32:34     1000      4708      1,00      0,00 5454468  346792   2,14  gnome-shell
00:32:34     1000      6317     32,80      0,00 1461668528  315172   1,94  antigravity
00:32:34     1000      6757      5,20      0,00 34359564  169952   1,05  antigravity
00:32:34     1000      6771      0,60      0,00 33903964   81164   0,50  antigravity
00:32:34     1000      6820    225,20      0,00 1461417264  666032   4,10  antigravity
00:32:34     1000      7161      0,20      0,00 33951332   64332   0,40  antigravity
00:32:34     1000      7229     93,00      0,00 1461383544  129488   0,80  antigravity
00:32:34     1000      7244    333,00      0,00 1461351324  416536   2,57  antigravity
00:32:34     1000      7258      6,00      0,00 1461347760  125896   0,78  antigravity
00:32:34     1000      7260     19,60      0,00 1461367100  163996   1,01  antigravity
00:32:34     1000      8356      5,20      0,00 1459530528  100844   0,62  antigravity
00:32:34     1000      9291      7,60      0,00 55435272  374416   2,31  chrome
00:32:34     1000      9342      4,40      0,00 55467700  213584   1,32  chrome
00:32:34     1000      9345      8,00      0,00 54976356  136144   0,84  chrome
00:32:34     1000      9359      0,60      0,00 55015792   62536   0,39  chrome
00:32:34     1000     76014      0,20      0,00 1518513820  343632   2,12  chrome
00:32:34     1000     76063      0,20      0,00 55006444   86720   0,53  chrome
00:32:34     1000    101362      5,80      0,00 4495476  207464   1,28  java

00:32:29      UID       PID   kB_rd/s   kB_wr/s kB_ccwr/s iodelay  Command
00:32:34     1000      7244      0,00      1,60      0,00       0  antigravity
00:32:34     1000      9291      0,00      2,40      0,00       0  chrome
00:32:34     1000    101330      0,00      0,88      0,00       0  pidstat
00:32:34     1000    101362      0,00      1,66      0,00       0  java

00:32:34      UID       PID    %usr %system  %guest   %wait    %CPU   CPU  Command
00:32:39        0       120    0,00    0,20    0,00    0,00    0,20     0  kworker/u33:0-i915_flip
00:32:39      115       933    0,20    0,00    0,00    0,00    0,20     1  prometheus
00:32:39        0      1383    0,20    0,20    0,00    0,00    0,40     7  glances
00:32:39        0      1423    0,20    0,20    0,00    0,00    0,40     2  containerd
00:32:39        0      2310    0,40    0,00    0,00    0,00    0,40     0  dockerd
00:32:39      117      2312    0,80    0,20    0,00    0,00    1,00     3  grafana
00:32:39        0      2932    0,60    0,00    0,00    0,00    0,60     3  mount.ntfs-3g
00:32:39      999      3130    0,40    0,00    0,00    0,00    0,40     0  redis-server
00:32:39     1000      4708    1,00    0,20    0,00    0,20    1,20     5  gnome-shell
00:32:39     1000      6317    0,20    0,20    0,00    0,40    0,40     5  antigravity
00:32:39     1000      6339    0,40    0,20    0,00    0,00    0,60     6  gnome-terminal-
00:32:39     1000      6757    0,20    0,00    0,00    0,20    0,20     7  antigravity
00:32:39     1000      6820   12,40    0,60    0,00    0,00   13,00     5  antigravity
00:32:39     1000      7059    1,80    1,60    0,00    0,20    3,40     0  language_server
00:32:39     1000      7229    0,20    0,20    0,00    0,00    0,40     7  antigravity
00:32:39     1000      7244    1,20    0,80    0,00    0,00    2,00     1  antigravity
00:32:39     1000      7260    0,60    0,00    0,00    0,00    0,60     0  antigravity
00:32:39     1000      8267    1,40    1,60    0,00    0,00    3,00     7  language_server
00:32:39     1000      8356    0,00    0,20    0,00    0,00    0,20     3  antigravity
00:32:39     1000      9291    0,20    0,00    0,00    0,00    0,20     2  chrome
00:32:39     1000      9519    0,20    0,00    0,00    0,00    0,20     6  chrome
00:32:39     1000     76025    0,00    0,20    0,00    0,00    0,20     4  chrome
00:32:39        0     97806    0,00    0,20    0,00    0,00    0,20     6  kworker/6:2-i915-unordered
00:32:39     1000    101330    0,20    0,20    0,00    0,00    0,40     4  pidstat
00:32:39     1000    101362    2,40    0,20    0,00    0,00    2,60     6  java

00:32:34      UID       PID  minflt/s  majflt/s     VSZ     RSS   %MEM  Command
00:32:39        0      1423      6,40      0,00 2463900   71088   0,44  containerd
00:32:39        0      2975     12,80      0,00 1235352   13696   0,08  containerd-shim
00:32:39        0      2976     12,20      0,00 1235608   14724   0,09  containerd-shim
00:32:39        0      2977     11,60      0,00 1235352   14984   0,09  containerd-shim
00:32:39        0      2981     11,00      0,00 1235608   14392   0,09  containerd-shim
00:32:39        0      2982      9,60      0,00 1235608   15276   0,09  containerd-shim
00:32:39     1000      4708      6,20      0,00 5454468  346792   2,14  gnome-shell
00:32:39     1000      6317     37,20      0,00 1461668528  314756   1,94  antigravity
00:32:39     1000      6757      5,60      0,00 34359564  169652   1,05  antigravity
00:32:39     1000      6771      0,60      0,00 33903964   81164   0,50  antigravity
00:32:39     1000      6820    317,60      0,00 1461417264  654884   4,03  antigravity
00:32:39     1000      7161      0,20      0,00 33951332   64332   0,40  antigravity
00:32:39     1000      7229    115,00      0,00 1461383544  129488   0,80  antigravity
00:32:39     1000      7244    343,80      0,00 1461351324  416616   2,57  antigravity
00:32:39     1000      7258      2,80      0,00 1461347760  125896   0,78  antigravity
00:32:39     1000      7260     17,00      0,00 1461367100  163960   1,01  antigravity
00:32:39     1000      8356      5,40      0,00 1459530528  100844   0,62  antigravity
00:32:39     1000      9291      7,40      0,00 55435272  374416   2,31  chrome
00:32:39     1000      9342      2,20      0,00 55467700  213584   1,32  chrome
00:32:39     1000      9345      4,20      0,00 54976356  136144   0,84  chrome
00:32:39     1000      9359      0,60      0,00 55015792   62536   0,39  chrome
00:32:39     1000     76014      0,60      0,00 1518513820  343632   2,12  chrome
00:32:39     1000     76063      0,20      0,00 55006444   86720   0,53  chrome
00:32:39     1000    101362     13,20      0,00 4495476  207720   1,28  java

00:32:34      UID       PID   kB_rd/s   kB_wr/s kB_ccwr/s iodelay  Command
00:32:39     1000      9291      0,00      1,60      0,00       0  chrome
00:32:39     1000    101330      0,00      1,10      0,00       0  pidstat

00:32:39      UID       PID    %usr %system  %guest   %wait    %CPU   CPU  Command
00:32:44        0        17    0,00    0,20    0,00    0,20    0,20     0  rcu_preempt
00:32:44        0      1391    0,20    0,00    0,00    0,00    0,20     7  tailscaled
00:32:44        0      1411    0,00    0,20    0,00    0,00    0,20     0  anydesk
00:32:44        0      1423    0,40    0,00    0,00    0,00    0,40     2  containerd
00:32:44        0      2310    0,20    0,40    0,00    0,00    0,60     0  dockerd
00:32:44      117      2312    0,40    0,40    0,00    0,00    0,80     3  grafana
00:32:44        0      2932    0,20    0,60    0,00    0,00    0,80     5  mount.ntfs-3g
00:32:44        0      2975    0,00    0,20    0,00    0,00    0,20     7  containerd-shim
00:32:44        0      2976    0,20    0,00    0,00    0,00    0,20     6  containerd-shim
00:32:44        0      2977    0,20    0,20    0,00    0,00    0,40     7  containerd-shim
00:32:44        0      2982    0,20    0,00    0,00    0,00    0,20     1  containerd-shim
00:32:44      999      3130    0,40    0,20    0,00    0,00    0,60     6  redis-server
00:32:44     1000      4708    0,60    0,20    0,00    0,00    0,80     4  gnome-shell
00:32:44     1000      6317    0,20    0,00    0,00    0,00    0,20     2  antigravity
00:32:44     1000      6339    0,40    0,00    0,00    0,00    0,40     6  gnome-terminal-
00:32:44     1000      6757    0,20    0,00    0,00    0,00    0,20     7  antigravity
00:32:44     1000      6820    1,20    0,20    0,00    0,00    1,40     4  antigravity
00:32:44     1000      7059    2,20    1,40    0,00    0,00    3,60     4  language_server
00:32:44     1000      7229    0,00    0,20    0,00    0,00    0,20     7  antigravity
00:32:44     1000      7244    1,60    0,20    0,00    0,00    1,80     6  antigravity
00:32:44     1000      7260    0,60    0,00    0,00    0,00    0,60     0  antigravity
00:32:44     1000      8267    1,20    1,60    0,00    0,00    2,80     7  language_server
00:32:44     1000      8356    0,20    0,00    0,00    0,00    0,20     2  antigravity
00:32:44     1000      9291    0,20    0,00    0,00    0,00    0,20     2  chrome
00:32:44     1000      9345    0,20    0,00    0,00    0,00    0,20     5  chrome
00:32:44     1000      9359    0,20    0,00    0,00    0,00    0,20     3  chrome
00:32:44     1000      9519    0,40    0,20    0,00    0,00    0,60     6  chrome
00:32:44        0     98479    0,00    0,20    0,00    0,00    0,20     1  kworker/1:0-events
00:32:44     1000    101330    0,20    0,40    0,00    0,00    0,60     5  pidstat
00:32:44     1000    101362    2,20    0,20    0,00    0,00    2,40     6  java

00:32:39      UID       PID  minflt/s  majflt/s     VSZ     RSS   %MEM  Command
00:32:44      115       933      0,40      0,00 2711492  113212   0,70  prometheus
00:32:44        0      1423      0,20      0,00 2463900   71088   0,44  containerd
00:32:44        0      2975     10,00      0,00 1235352   13824   0,09  containerd-shim
00:32:44        0      2976     14,80      0,00 1235608   14852   0,09  containerd-shim
00:32:44        0      2977     12,40      0,00 1235352   15240   0,09  containerd-shim
00:32:44        0      2981     14,60      0,00 1235608   14776   0,09  containerd-shim
00:32:44        0      2982      6,20      0,00 1235608   15276   0,09  containerd-shim
00:32:44     1000      4708      0,60      0,00 5454532  346792   2,14  gnome-shell
00:32:44     1000      6317     34,00      0,00 1461668528  314772   1,94  antigravity
00:32:44     1000      6757      6,40      0,00 34359308  169652   1,05  antigravity
00:32:44     1000      6771      1,20      0,00 33903964   81164   0,50  antigravity
00:32:44     1000      6820    168,40      0,00 1461417264  657828   4,05  antigravity
00:32:44     1000      7161      0,20      0,00 33951332   64332   0,40  antigravity
00:32:44     1000      7229      4,20      0,00 1461383544  129488   0,80  antigravity
00:32:44     1000      7244    273,80      0,00 1461351324  416612   2,57  antigravity
00:32:44     1000      7258      2,80      0,00 1461347760  125896   0,78  antigravity
00:32:44     1000      7260     21,20      0,00 1461367100  164072   1,01  antigravity
00:32:44     1000      8356      5,20      0,00 1459530528  100844   0,62  antigravity
00:32:44     1000      9291     20,60      0,00 55435272  374544   2,31  chrome
00:32:44     1000      9342      2,20      0,00 55467700  213584   1,32  chrome
00:32:44     1000      9345      8,80      0,00 54976356  136144   0,84  chrome
00:32:44     1000      9359      0,60      0,00 55015792   62536   0,39  chrome
00:32:44     1000      9519    356,80      0,00 1518553976  364192   2,24  chrome
00:32:44     1000     76014      0,20      0,00 1518513820  343632   2,12  chrome
00:32:44     1000     76063      0,20      0,00 55006444   86720   0,53  chrome
00:32:44     1000    101362     38,60      0,00 4495476  208360   1,28  java

00:32:39      UID       PID   kB_rd/s   kB_wr/s kB_ccwr/s iodelay  Command
00:32:44     1000      7244      0,00      0,80      0,00       0  antigravity
00:32:44     1000      9291      0,00      6,40      0,00       0  chrome
00:32:44     1000    101330      0,00      0,90      0,00       0  pidstat
00:32:44     1000    101362      0,00      1,60      0,00       0  java

00:32:44      UID       PID    %usr %system  %guest   %wait    %CPU   CPU  Command
00:32:49        0         1    0,20    0,00    0,00    0,00    0,20     4  systemd
00:32:49        0        86    0,00    0,20    0,00    0,00    0,20     1  irq/9-acpi
00:32:49        0        96    0,00    0,20    0,00    0,00    0,20     0  kworker/0:1H-events_highpri
00:32:49      990       903    0,80    0,00    0,00    0,00    0,80     3  dbus-daemon
00:32:49      115       930    1,20    0,40    0,00    0,00    1,60     7  prometheus-node
00:32:49      115       933    0,20    0,00    0,00    0,00    0,20     1  prometheus
00:32:49        0      1383    0,20    0,00    0,00    0,00    0,20     7  glances
00:32:49        0      1423    0,40    0,20    0,00    0,00    0,60     2  containerd
00:32:49        0      2310    0,20    0,20    0,00    0,00    0,40     0  dockerd
00:32:49      117      2312    0,60    0,20    0,00    0,00    0,80     3  grafana
00:32:49        0      2932    0,20    0,20    0,00    0,00    0,40     2  mount.ntfs-3g
00:32:49        0      2976    0,00    0,20    0,00    0,00    0,20     6  containerd-shim
00:32:49        0      2981    0,20    0,00    0,00    0,00    0,20     0  containerd-shim
00:32:49        0      2982    0,00    0,20    0,00    0,00    0,20     1  containerd-shim
00:32:49      999      3130    0,40    0,00    0,00    0,00    0,40     0  redis-server
00:32:49     1000      4708    1,20    0,40    0,00    0,00    1,60     5  gnome-shell
00:32:49     1000      6317    0,20    0,00    0,00    0,00    0,20     2  antigravity
00:32:49     1000      6339    0,80    0,00    0,00    0,00    0,80     6  gnome-terminal-
00:32:49     1000      6820    0,80    0,40    0,00    0,00    1,20     0  antigravity
00:32:49     1000      7059    2,60    1,60    0,00    0,00    4,20     4  language_server
00:32:49     1000      7229    0,20    0,00    0,00    0,00    0,20     7  antigravity
00:32:49     1000      7244    1,80    0,40    0,00    0,00    2,20     7  antigravity
00:32:49     1000      7260    0,40    0,00    0,00    0,00    0,40     6  antigravity
00:32:49     1000      8267    1,60    1,60    0,00    0,00    3,20     7  language_server
00:32:49     1000      9519    0,20    0,00    0,00    0,00    0,20     5  chrome
00:32:49        0     89647    0,00    0,20    0,00    0,00    0,20     7  kworker/u32:1-kvfree_rcu_reclaim
00:32:49     1000     91682    0,00    0,20    0,00    0,00    0,20     4  ssh
00:32:49     1000     98039    0,20    0,00    0,00    0,00    0,20     4  antigravity
00:32:49     1000    101330    0,20    0,20    0,00    0,00    0,40     5  pidstat
00:32:49     1000    101362    1,40    0,20    0,00    0,00    1,60     6  java

00:32:44      UID       PID  minflt/s  majflt/s     VSZ     RSS   %MEM  Command
00:32:49      115       930     82,80      0,00 1762312   25924   0,16  prometheus-node
00:32:49        0      2975      1,40      0,00 1235352   13824   0,09  containerd-shim
00:32:49        0      2976      4,00      0,00 1235608   14852   0,09  containerd-shim
00:32:49        0      2977      4,80      0,00 1235352   15368   0,09  containerd-shim
00:32:49        0      2981      3,60      0,00 1235608   14904   0,09  containerd-shim
00:32:49        0      2982      1,00      0,00 1235608   15276   0,09  containerd-shim
00:32:49     1000      4708      6,80      0,00 5454532  346660   2,14  gnome-shell
00:32:49     1000      6317     32,00      0,00 1461668528  314764   1,94  antigravity
00:32:49     1000      6757     24,40      0,00 34359308  169908   1,05  antigravity
00:32:49     1000      6771      0,60      0,00 33903964   81164   0,50  antigravity
00:32:49     1000      6820    179,80      0,00 1461417264  658976   4,06  antigravity
00:32:49     1000      7161      0,40      0,00 33951332   64332   0,40  antigravity
00:32:49     1000      7229      8,20      0,00 1461383544  129488   0,80  antigravity
00:32:49     1000      7244    328,00      0,00 1461351324  416608   2,57  antigravity
00:32:49     1000      7258      3,40      0,00 1461347760  125896   0,78  antigravity
00:32:49     1000      7260     30,20      0,00 1461367100  164320   1,01  antigravity
00:32:49     1000      8356      5,00      0,00 1459530528  100844   0,62  antigravity
00:32:49     1000      9291      7,00      0,00 55435272  374544   2,31  chrome
00:32:49     1000      9342      2,20      0,00 55467700  213584   1,32  chrome
00:32:49     1000      9345      5,20      0,00 54976356  136144   0,84  chrome
00:32:49     1000      9359      1,20      0,00 55015792   62536   0,39  chrome
00:32:49     1000     76014      0,60      0,00 1518513820  343632   2,12  chrome
00:32:49     1000     76063      0,40      0,00 55006444   86720   0,53  chrome
00:32:49     1000    101362     10,80      0,00 4495476  208744   1,29  java

00:32:44      UID       PID   kB_rd/s   kB_wr/s kB_ccwr/s iodelay  Command
00:32:49     1000      7244      0,00      0,80      0,00       0  antigravity
00:32:49     1000    101330      0,00      1,04      0,00       0  pidstat

00:32:49      UID       PID    %usr %system  %guest   %wait    %CPU   CPU  Command
00:32:54      115       933    0,40    0,00    0,00    0,00    0,40     0  prometheus
00:32:54        0       943    0,40    0,00    0,00    0,00    0,40     6  udisksd
00:32:54        0      1383    0,20    0,00    0,00    0,00    0,20     7  glances
00:32:54        0      1391    0,20    0,00    0,00    0,00    0,20     1  tailscaled
00:32:54        0      1423    0,40    0,00    0,00    0,00    0,40     2  containerd
00:32:54        0      2123    0,20    0,00    0,00    0,00    0,20     2  upowerd
00:32:54        0      2310    0,20    0,40    0,00    0,00    0,60     0  dockerd
00:32:54      117      2312    0,60    0,20    0,00    0,00    0,80     3  grafana
00:32:54        0      2932    0,20    0,60    0,00    0,00    0,80     3  mount.ntfs-3g
00:32:54      999      3130    0,40    0,00    0,00    0,00    0,40     6  redis-server
00:32:54     1000      4708    0,80    0,20    0,00    0,00    1,00     4  gnome-shell
00:32:54     1000      6317    0,20    0,20    0,00    0,00    0,40     0  antigravity
00:32:54     1000      6339    0,40    0,00    0,00    0,00    0,40     6  gnome-terminal-
00:32:54     1000      6757    0,20    0,00    0,00    0,00    0,20     1  antigravity
00:32:54     1000      6820    1,20    0,20    0,00    0,00    1,40     7  antigravity
00:32:54     1000      7059    2,00    1,60    0,00    0,20    3,60     3  language_server
00:32:54     1000      7229    0,00    0,20    0,00    0,00    0,20     7  antigravity
00:32:54     1000      7244    1,00    1,00    0,00    0,00    2,00     4  antigravity
00:32:54     1000      7260    0,60    0,00    0,00    0,00    0,60     4  antigravity
00:32:54     1000      8267    1,40    1,80    0,00    0,00    3,20     7  language_server
00:32:54     1000      9291    0,20    0,20    0,00    0,00    0,40     2  chrome
00:32:54     1000      9519    0,20    0,00    0,00    0,00    0,20     5  chrome
00:32:54        0     98978    0,00    0,20    0,00    0,00    0,20     0  kworker/0:1-mm_percpu_wq
00:32:54     1000    101330    0,20    0,20    0,00    0,00    0,40     4  pidstat
00:32:54     1000    101362    2,00    0,00    0,00    0,00    2,00     6  java

00:32:49      UID       PID  minflt/s  majflt/s     VSZ     RSS   %MEM  Command
00:32:54        0       376      0,20      0,00  188968  108308   0,67  systemd-journal
00:32:54        0       943      0,20      0,00  470348   14260   0,09  udisksd
00:32:54        0      2975      0,60      0,00 1235352   13824   0,09  containerd-shim
00:32:54        0      2976      8,40      0,00 1235608   15108   0,09  containerd-shim
00:32:54        0      2977      0,40      0,00 1235352   15368   0,09  containerd-shim
00:32:54        0      2981      0,20      0,00 1235608   14904   0,09  containerd-shim
00:32:54        0      2982      3,60      0,00 1235608   15276   0,09  containerd-shim
00:32:54     1000      4708      0,60      0,00 5454468  346660   2,14  gnome-shell
00:32:54     1000      6317     38,40      0,00 1461668528  315404   1,94  antigravity
00:32:54     1000      6757      4,80      0,00 34359308  169904   1,05  antigravity
00:32:54     1000      6771      0,60      0,00 33903964   81164   0,50  antigravity
00:32:54     1000      6820    161,80      0,00 1461417264  660532   4,07  antigravity
00:32:54     1000      7161      0,20      0,00 33951332   64332   0,40  antigravity
00:32:54     1000      7229      3,20      0,00 1461383544  129488   0,80  antigravity
00:32:54     1000      7244    271,60      0,00 1461351324  416592   2,57  antigravity
00:32:54     1000      7258      5,20      0,00 1461347760  125896   0,78  antigravity
00:32:54     1000      7260     19,00      0,00 1461367100  164140   1,01  antigravity
00:32:54     1000      8356      5,00      0,00 1459530528  100844   0,62  antigravity
00:32:54     1000      9291      8,40      0,00 55435272  374544   2,31  chrome
00:32:54     1000      9342      4,40      0,00 55467700  213584   1,32  chrome
00:32:54     1000      9345      8,00      0,00 54976356  136144   0,84  chrome
00:32:54     1000      9359      0,60      0,00 55015792   62536   0,39  chrome
00:32:54     1000     76014      0,40      0,00 1518513820  343632   2,12  chrome
00:32:54     1000     76063      0,20      0,00 55006444   86720   0,53  chrome
00:32:54     1000    101362     17,80      0,00 4495476  209000   1,29  java

00:32:49      UID       PID   kB_rd/s   kB_wr/s kB_ccwr/s iodelay  Command
00:32:54     1000      7244      0,00      0,80      0,00       0  antigravity
00:32:54     1000      9291      0,00      5,60      0,00       0  chrome
00:32:54     1000    101330      0,00      0,99      0,00       0  pidstat

00:32:54      UID       PID    %usr %system  %guest   %wait    %CPU   CPU  Command
00:32:59        0         1    0,20    0,20    0,00    0,00    0,40     5  systemd
00:32:59        0       408    0,00    0,20    0,00    0,00    0,20     5  systemd-udevd
00:32:59      990       903    0,60    0,00    0,00    0,20    0,60     7  dbus-daemon
00:32:59      986       924    0,20    0,00    0,00    0,00    0,20     4  polkitd
00:32:59      115       933    0,20    0,00    0,00    0,00    0,20     0  prometheus
00:32:59        0       942    0,00    0,20    0,00    0,00    0,20     3  systemd-logind
00:32:59        0       943    0,20    0,00    0,00    0,00    0,20     4  udisksd
00:32:59        0      1079    0,00    0,20    0,00    0,00    0,20     3  NetworkManager
00:32:59        0      1391    0,20    0,00    0,00    0,00    0,20     1  tailscaled
00:32:59        0      1423    1,00    0,00    0,00    0,00    1,00     2  containerd
00:32:59        0      2310    0,80    0,80    0,00    0,00    1,60     0  dockerd
00:32:59      117      2312    0,60    0,40    0,00    0,00    1,00     3  grafana
00:32:59        0      2932    0,40    0,20    0,00    0,00    0,60     1  mount.ntfs-3g
00:32:59        0      2975    0,20    0,00    0,00    0,00    0,20     7  containerd-shim
00:32:59        0      2976    0,20    0,00    0,00    0,00    0,20     6  containerd-shim
00:32:59        0      2977    0,00    0,20    0,00    0,00    0,20     7  containerd-shim
00:32:59        0      2981    0,00    0,20    0,00    0,00    0,20     0  containerd-shim
00:32:59        0      2982    0,00    0,20    0,00    0,00    0,20     1  containerd-shim
00:32:59      999      3130    0,20    0,20    0,00    0,00    0,40     1  redis-server
00:32:59     1000      4549    0,20    0,20    0,00    0,00    0,40     6  systemd
00:32:59     1000      4708    1,20    0,40    0,00    0,00    1,60     6  gnome-shell
00:32:59     1000      5021    0,20    0,00    0,00    0,00    0,20     7  gsd-housekeepin
00:32:59     1000      5586    0,00    0,20    0,00    0,00    0,20     0  gvfsd-trash
00:32:59     1000      6317    0,40    0,00    0,00    0,00    0,40     6  antigravity
00:32:59     1000      6339    0,80    0,20    0,00    0,00    1,00     6  gnome-terminal-
00:32:59     1000      6757    0,00    0,20    0,00    0,00    0,20     1  antigravity
00:32:59     1000      6820    1,20    0,20    0,00    0,00    1,40     0  antigravity
00:32:59     1000      7059    2,20    1,00    0,00    0,00    3,20     3  language_server
00:32:59     1000      7229    0,20    0,20    0,00    0,00    0,40     0  antigravity
00:32:59     1000      7244    1,40    0,60    0,00    0,00    2,00     6  antigravity
00:32:59     1000      7260    0,60    0,00    0,00    0,00    0,60     5  antigravity
00:32:59     1000      8267    1,80    1,00    0,00    0,00    2,80     7  language_server
00:32:59     1000      8356    0,00    0,20    0,00    0,00    0,20     7  antigravity
00:32:59     1000      9291    0,20    0,00    0,00    0,00    0,20     4  chrome
00:32:59     1000      9345    0,00    0,20    0,00    0,00    0,20     2  chrome
00:32:59        0     49776    0,00    0,20    0,00    0,00    0,20     3  kworker/u32:0-events_unbound
00:32:59     1000     91682    0,00    0,20    0,00    0,00    0,20     0  ssh
00:32:59        0     95637    0,00    0,20    0,00    0,20    0,20     3  kworker/3:0-mm_percpu_wq
00:32:59        0     98503    0,20    0,00    0,00    0,00    0,20     4  kworker/4:0-events
00:32:59     1000    101330    0,20    0,20    0,00    0,00    0,40     6  pidstat
00:32:59     1000    101362    2,60    0,40    0,00    0,00    3,00     6  java

00:32:54      UID       PID  minflt/s  majflt/s     VSZ     RSS   %MEM  Command
00:32:59        0       376     46,80      0,00  188968  108308   0,67  systemd-journal
00:32:59        0       408     96,60      0,00   37544   10908   0,07  systemd-udevd
00:32:59        0      1391      0,80      0,00 1421316   90748   0,56  tailscaled
00:32:59        0      1423      1,60      0,00 2463900   71088   0,44  containerd
00:32:59        0      2310      0,20      0,00 3498856  111652   0,69  dockerd
00:32:59        0      2975      7,00      0,00 1235352   13388   0,08  containerd-shim
00:32:59        0      2976      1,80      0,00 1235608   14448   0,09  containerd-shim
00:32:59        0      2977      4,60      0,00 1235352   14936   0,09  containerd-shim
00:32:59        0      2981      3,80      0,00 1235608   14380   0,09  containerd-shim
00:32:59        0      2982      2,20      0,00 1235608   14784   0,09  containerd-shim
00:32:59     1000      4708      9,60      0,00 5454468  346520   2,13  gnome-shell
00:32:59        0      5954      0,20      0,00  370300   46692   0,29  fwupd
00:32:59     1000      6317     34,80      0,00 1461668528  314996   1,94  antigravity
00:32:59     1000      6757      6,80      0,00 34361484  169596   1,04  antigravity
00:32:59     1000      6771      0,60      0,00 33903964   81164   0,50  antigravity
00:32:59     1000      6820    165,00      0,00 1461419440  663344   4,09  antigravity
00:32:59     1000      7161      0,20      0,00 33951332   64332   0,40  antigravity
00:32:59     1000      7229      7,20      0,00 1461383544  129488   0,80  antigravity
00:32:59     1000      7244    262,20      0,00 1461351324  416592   2,57  antigravity
00:32:59     1000      7258      3,40      0,00 1461347760  125896   0,78  antigravity
00:32:59     1000      7260     21,20      0,00 1461367100  164268   1,01  antigravity
00:32:59     1000      8356      5,20      0,00 1459530528  100844   0,62  antigravity
00:32:59     1000      9291     11,00      0,00 55435272  374384   2,31  chrome
00:32:59     1000      9342      2,20      0,00 55467700  213584   1,32  chrome
00:32:59     1000      9345      4,20      0,00 54976356  136144   0,84  chrome
00:32:59     1000      9359      0,60      0,00 55015792   62536   0,39  chrome
00:32:59     1000     76014      0,20      0,00 1518513820  343632   2,12  chrome
00:32:59     1000     76063      0,20      0,00 55006444   86720   0,53  chrome
00:32:59     1000    101362    180,20      0,00 4495476  212456   1,31  java

00:32:54      UID       PID   kB_rd/s   kB_wr/s kB_ccwr/s iodelay  Command
00:32:59     1000      7244      0,00      0,80      0,00       0  antigravity
00:32:59     1000    101330      0,00      0,93      0,00       0  pidstat
00:32:59     1000    101362      0,00      1,67      0,00       0  java

Rata-rata:    UID       PID    %usr %system  %guest   %wait    %CPU   CPU  Command
Rata-rata:      0         1    0,08    0,05    0,00    0,02    0,12     -  systemd
Rata-rata:      0        17    0,00    0,03    0,00    0,09    0,03     -  rcu_preempt
Rata-rata:      0        27    0,00    0,02    0,00    0,00    0,02     -  ksoftirqd/1
Rata-rata:      0        35    0,00    0,02    0,00    0,00    0,02     -  kworker/2:0H-kblockd
Rata-rata:      0        57    0,00    0,02    0,00    0,00    0,02     -  ksoftirqd/6
Rata-rata:      0        86    0,00    0,05    0,00    0,00    0,05     -  irq/9-acpi
Rata-rata:      0        96    0,00    0,02    0,00    0,00    0,02     -  kworker/0:1H-kblockd
Rata-rata:      0       120    0,00    0,05    0,00    0,03    0,05     -  kworker/u33:0-i915_flip
Rata-rata:      0       233    0,00    0,02    0,00    0,00    0,02     -  kworker/6:1H-kblockd
Rata-rata:      0       376    0,02    0,02    0,00    0,00    0,03     -  systemd-journal
Rata-rata:      0       408    0,00    0,03    0,00    0,02    0,03     -  systemd-udevd
Rata-rata:    990       903    0,28    0,03    0,00    0,03    0,31     -  dbus-daemon
Rata-rata:    986       924    0,02    0,00    0,00    0,00    0,02     -  polkitd
Rata-rata:    115       930    0,34    0,14    0,00    0,00    0,48     -  prometheus-node
Rata-rata:    115       933    0,17    0,00    0,00    0,00    0,17     -  prometheus
Rata-rata:      0       942    0,00    0,02    0,00    0,00    0,02     -  systemd-logind
Rata-rata:      0       943    0,06    0,00    0,00    0,00    0,06     -  udisksd
Rata-rata:      0      1079    0,02    0,02    0,00    0,00    0,03     -  NetworkManager
Rata-rata:      0      1383    0,11    0,03    0,00    0,00    0,14     -  glances
Rata-rata:      0      1391    0,12    0,05    0,00    0,02    0,17     -  tailscaled
Rata-rata:      0      1411    0,00    0,02    0,00    0,00    0,02     -  anydesk
Rata-rata:      0      1423    0,43    0,09    0,00    0,00    0,52     -  containerd
Rata-rata:      0      2123    0,02    0,00    0,00    0,00    0,02     -  upowerd
Rata-rata:      0      2310    0,42    0,28    0,00    0,00    0,69     -  dockerd
Rata-rata:    117      2312    0,68    0,32    0,00    0,00    1,00     -  grafana
Rata-rata:      0      2932    0,32    0,35    0,00    0,00    0,68     -  mount.ntfs-3g
Rata-rata:      0      2975    0,08    0,03    0,00    0,00    0,11     -  containerd-shim
Rata-rata:      0      2976    0,06    0,06    0,00    0,00    0,12     -  containerd-shim
Rata-rata:      0      2977    0,08    0,05    0,00    0,00    0,12     -  containerd-shim
Rata-rata:      0      2981    0,06    0,06    0,00    0,00    0,12     -  containerd-shim
Rata-rata:      0      2982    0,05    0,08    0,00    0,00    0,12     -  containerd-shim
Rata-rata:    999      3130    0,35    0,08    0,00    0,00    0,43     -  redis-server
Rata-rata:   1000      4549    0,03    0,02    0,00    0,00    0,05     -  systemd
Rata-rata:   1000      4569    0,02    0,00    0,00    0,00    0,02     -  dbus-daemon
Rata-rata:   1000      4570    0,02    0,02    0,00    0,00    0,03     -  pipewire
Rata-rata:   1000      4573    0,03    0,00    0,00    0,00    0,03     -  wireplumber
Rata-rata:   1000      4574    0,02    0,02    0,00    0,00    0,03     -  pipewire-pulse
Rata-rata:   1000      4708    1,54    0,45    0,00    0,03    1,98     -  gnome-shell
Rata-rata:   1000      4885    0,02    0,00    0,00    0,00    0,02     -  at-spi2-registr
Rata-rata:   1000      5021    0,03    0,00    0,00    0,00    0,03     -  gsd-housekeepin
Rata-rata:   1000      5055    0,02    0,00    0,00    0,02    0,02     -  gsd-sharing
Rata-rata:   1000      5107    0,02    0,00    0,00    0,00    0,02     -  anydesk
Rata-rata:   1000      5268    0,02    0,00    0,00    0,00    0,02     -  gvfs-udisks2-vo
Rata-rata:   1000      5504    0,00    0,02    0,00    0,02    0,02     -  xdg-desktop-por
Rata-rata:   1000      5523    0,02    0,00    0,00    0,00    0,02     -  xdg-document-po
Rata-rata:   1000      5586    0,02    0,02    0,00    0,00    0,03     -  gvfsd-trash
Rata-rata:      0      5954    0,02    0,00    0,00    0,00    0,02     -  fwupd
Rata-rata:   1000      6317    0,34    0,09    0,00    0,03    0,43     -  antigravity
Rata-rata:   1000      6339    0,63    0,03    0,00    0,02    0,66     -  gnome-terminal-
Rata-rata:   1000      6757    0,45    0,14    0,00    0,02    0,58     -  antigravity
Rata-rata:   1000      6771    0,02    0,00    0,00    0,00    0,02     -  antigravity
Rata-rata:   1000      6820    4,34    0,43    0,00    0,02    4,77     -  antigravity
Rata-rata:   1000      7059    1,88    1,55    0,00    0,05    3,43     -  language_server
Rata-rata:   1000      7229    0,20    0,18    0,00    0,00    0,38     -  antigravity
Rata-rata:   1000      7244    1,45    0,51    0,00    0,00    1,95     -  antigravity
Rata-rata:   1000      7258    0,02    0,00    0,00    0,00    0,02     -  antigravity
Rata-rata:   1000      7260    0,72    0,08    0,00    0,00    0,80     -  antigravity
Rata-rata:   1000      8267    1,60    1,37    0,00    0,00    2,97     -  language_server
Rata-rata:   1000      8356    0,08    0,03    0,00    0,00    0,11     -  antigravity
Rata-rata:   1000      9291    0,14    0,09    0,00    0,02    0,23     -  chrome
Rata-rata:   1000      9345    0,03    0,02    0,00    1,54    0,05     -  chrome
Rata-rata:   1000      9359    0,02    0,02    0,00    0,00    0,03     -  chrome
Rata-rata:   1000      9390    0,02    0,00    0,00    0,00    0,02     -  chrome
Rata-rata:   1000      9500    0,02    0,00    0,00    0,02    0,02     -  chrome
Rata-rata:   1000      9519    0,17    0,03    0,00    0,00    0,20     -  chrome
Rata-rata:      0     49776    0,00    0,03    0,00    0,00    0,03     -  kworker/u32:0-events_unbound
Rata-rata:   1000     76014    0,02    0,02    0,00    0,00    0,03     -  chrome
Rata-rata:   1000     76025    0,02    0,02    0,00    1,54    0,03     -  chrome
Rata-rata:      0     89647    0,00    0,02    0,00    0,02    0,02     -  kworker/u32:1-flush-8:0
Rata-rata:   1000     91682    0,02    0,05    0,00    0,00    0,06     -  ssh
Rata-rata:      0     93905    0,00    0,02    0,00    0,02    0,02     -  kworker/u32:7-events_unbound
Rata-rata:      0     95637    0,00    0,02    0,00    0,02    0,02     -  kworker/3:0-mm_percpu_wq
Rata-rata:      0     97806    0,00    0,05    0,00    0,08    0,05     -  kworker/6:2-events
Rata-rata:      0     97830    0,02    0,00    0,00    0,02    0,02     -  kworker/7:0-mm_percpu_wq
Rata-rata:   1000     98039    0,05    0,02    0,00    0,00    0,06     -  antigravity
Rata-rata:      0     98479    0,00    0,02    0,00    0,00    0,02     -  kworker/1:0-events
Rata-rata:      0     98503    0,02    0,00    0,00    0,00    0,02     -  kworker/4:0-events
Rata-rata:      0     98978    0,00    0,03    0,00    0,02    0,03     -  kworker/0:1-events
Rata-rata:      0     99318    0,00    0,02    0,00    0,02    0,02     -  kworker/5:0-events
Rata-rata:      0     99361    0,00    0,02    0,00    0,00    0,02     -  kworker/u32:3-events_unbound
Rata-rata:   1000    101330    0,17    0,28    0,00    0,00    0,45     -  pidstat
Rata-rata:   1000    101362    8,57    0,55    0,00    0,00    9,12     -  java

Rata-rata:    UID       PID  minflt/s  majflt/s     VSZ     RSS   %MEM  Command
Rata-rata:      0         1      0,02      0,00   24652   14916   0,09  systemd
Rata-rata:      0       376      7,24      0,00  188968  108308   0,67  systemd-journal
Rata-rata:      0       408     14,76      0,00   37544   10908   0,07  systemd-udevd
Rata-rata:    115       930     25,56      0,00 1762312   25979   0,16  prometheus-node
Rata-rata:    115       933      1,31      0,00 2711492  113133   0,70  prometheus
Rata-rata:      0       943      0,02      0,00  470348   14260   0,09  udisksd
Rata-rata:      0      1391      0,06      0,00 1421316   90748   0,56  tailscaled
Rata-rata:      0      1423      3,66      0,00 2463900   70786   0,44  containerd
Rata-rata:    114      1526      0,29      0,00  218252   29568   0,18  postgres
Rata-rata:      0      2310      0,02      0,00 3498856  111652   0,69  dockerd
Rata-rata:    117      2312      0,18      0,00 1765245  349640   2,15  grafana
Rata-rata:      0      2975      7,07      0,00 1235352   13718   0,08  containerd-shim
Rata-rata:      0      2976      6,18      0,00 1235608   14667   0,09  containerd-shim
Rata-rata:      0      2977      8,26      0,00 1235352   15192   0,09  containerd-shim
Rata-rata:      0      2981      6,29      0,00 1235608   14507   0,09  containerd-shim
Rata-rata:      0      2982      5,34      0,00 1235608   15206   0,09  containerd-shim
Rata-rata:     70      3117      0,34      0,00  174540   25424   0,16  postgres
Rata-rata:   1000      4570      2,89      0,00  104165   14660   0,09  pipewire
Rata-rata:   1000      4574      2,92      0,00  110852   15618   0,10  pipewire-pulse
Rata-rata:   1000      4708      5,20      0,00 5454527  346751   2,14  gnome-shell
Rata-rata:   1000      5180      0,02      0,00  308612    7372   0,05  ibus-portal
Rata-rata:   1000      5504      0,02      0,00  778332   19920   0,12  xdg-desktop-por
Rata-rata:   1000      5523      0,02      0,00  688428    6872   0,04  xdg-document-po
Rata-rata:      0      5954      0,03      0,00  370178   46692   0,29  fwupd
Rata-rata:   1000      6317     34,94      0,00 1461668528  314977   1,94  antigravity
Rata-rata:   1000      6757     18,07      0,00 34361643  169792   1,05  antigravity
Rata-rata:   1000      6771      0,74      0,00 33903964   81164   0,50  antigravity
Rata-rata:   1000      6820    249,66      0,00 1461417431  661684   4,08  antigravity
Rata-rata:   1000      7161      0,25      0,00 33951332   64332   0,40  antigravity
Rata-rata:   1000      7229     59,01      0,00 1461383544  129479   0,80  antigravity
Rata-rata:   1000      7244    267,29      0,00 1461351324  417318   2,57  antigravity
Rata-rata:   1000      7258      3,63      0,00 1461347760  125896   0,78  antigravity
Rata-rata:   1000      7260     19,50      0,00 1461367100  164077   1,01  antigravity
Rata-rata:   1000      8356      5,23      0,00 1459530528  100844   0,62  antigravity
Rata-rata:   1000      9291     11,37      0,00 55435272  374446   2,31  chrome
Rata-rata:   1000      9342      2,71      0,00 55467700  213584   1,32  chrome
Rata-rata:   1000      9345      5,64      0,00 54976356  136144   0,84  chrome
Rata-rata:   1000      9359      0,74      0,00 55015792   62536   0,39  chrome
Rata-rata:   1000      9519     27,44      0,00 1518553976  357867   2,20  chrome
Rata-rata:   1000     76014      0,40      0,00 1518513820  343632   2,12  chrome
Rata-rata:   1000     76063      0,26      0,00 55006444   86720   0,53  chrome
Rata-rata:   1000     98039      0,02      0,00 1459559684  112632   0,69  antigravity
Rata-rata:   1000     99008      1,00      0,00    7664    3936   0,02  bash
Rata-rata:   1000    101330      0,17      0,00    6174    5088   0,03  pidstat
Rata-rata:   1000    101331      0,32      0,00    2676    1764   0,01  jmeter
Rata-rata:   1000    101362    403,86      0,00 4495476  207631   1,28  java

Rata-rata:    UID       PID   kB_rd/s   kB_wr/s kB_ccwr/s iodelay  Command
Rata-rata:   1000      4573      0,00      0,06      0,00       0  wireplumber
Rata-rata:   1000      4708      0,00      5,97      0,00       0  gnome-shell
Rata-rata:   1000      7244      0,00      0,55      0,00       0  antigravity
Rata-rata:   1000      9291      0,00      2,71      0,00       0  chrome
Rata-rata:   1000      9345      0,00      1,54      0,00       0  chrome
Rata-rata:   1000     99008      0,00     14,06      5,97       0  bash
Rata-rata:   1000    101330      0,00      0,96      0,00       0  pidstat
Rata-rata:   1000    101362      0,00      0,80      0,00       0  java
