Linux 6.12.94+deb13-amd64 (debian) 	24/06/26 	_x86_64_	(8 CPU)

18:56:04      UID       PID    %usr %system  %guest   %wait    %CPU   CPU  Command
18:56:09        0        17    0,00    0,20    0,00    0,00    0,20     0  ksoftirqd/0
18:56:09        0        18    0,00    0,20    0,00    0,00    0,20     2  rcu_preempt
18:56:09        0      1457    0,20    0,00    0,00    0,00    0,20     5  glances
18:56:09        0      1468    0,40    0,00    0,00    0,00    0,40     7  tailscaled
18:56:09        0      1489    0,40    0,00    0,00    0,00    0,40     4  containerd
18:56:09        0      2351    0,40    0,20    0,00    0,00    0,60     3  dockerd
18:56:09      117      2352    0,80    0,00    0,00    0,00    0,80     3  grafana
18:56:09        0      3170    0,40    0,00    0,00    0,00    0,40     2  mount.ntfs-3g
18:56:09        0      3207    0,00    0,20    0,00    0,00    0,20     6  containerd-shim
18:56:09        0      3227    0,00    0,20    0,00    0,00    0,20     3  containerd-shim
18:56:09        0      3240    0,20    0,00    0,00    0,00    0,20     1  containerd-shim
18:56:09        0      3246    0,20    0,20    0,00    0,00    0,40     0  containerd-shim
18:56:09      999      3405    0,40    0,00    0,00    0,00    0,40     5  redis-server
18:56:09     1000      9024    1,20    0,60    0,00    0,00    1,79     1  gnome-shell
18:56:09     1000      9200    0,00    0,20    0,00    0,00    0,20     4  anydesk
18:56:09     1000      9700    0,60    0,40    0,00    0,00    1,00     5  antigravity
18:56:09     1000      9756    1,00    0,60    0,00    0,00    1,59     6  antigravity
18:56:09     1000      9830    7,97    0,60    0,00    0,00    8,57     1  antigravity
18:56:09     1000     10074    1,59    0,80    0,00    0,20    2,39     0  language_server
18:56:09     1000     10121    0,40    0,20    0,00    0,00    0,60     7  antigravity
18:56:09     1000     10122    1,59    0,40    0,00    0,00    1,99     4  antigravity
18:56:09     1000     10187    2,79    0,20    0,00    0,00    2,99     6  antigravity
18:56:09     1000     11152    1,20    1,20    0,00    0,20    2,39     0  language_server
18:56:09     1000     35734   77,49    4,58    0,00    0,00   82,07     2  java

18:56:04      UID       PID  minflt/s  majflt/s     VSZ     RSS   %MEM  Command
18:56:09        0      1489      6,77      0,00 2242640   65736   0,40  containerd
18:56:09        0      3227      5,98      0,00 1235352   14348   0,09  containerd-shim
18:56:09        0      3240     10,16      0,00 1235608   15924   0,10  containerd-shim
18:56:09        0      3246      9,56      0,00 1235608   15776   0,10  containerd-shim
18:56:09        0      3261      1,20      0,00 1235608   15832   0,10  containerd-shim
18:56:09     1000      9024      1,00      0,00 4676892  275212   1,70  gnome-shell
18:56:09     1000      9700     61,16      0,00 1461692876  304420   1,88  antigravity
18:56:09     1000      9756      7,57      0,00 34340348  165812   1,02  antigravity
18:56:09     1000      9767      0,60      0,00 33906012   82040   0,51  antigravity
18:56:09     1000      9830    382,47      0,00 1461371372  489548   3,02  antigravity
18:56:09     1000     10109      0,20      0,00 33951332   64948   0,40  antigravity
18:56:09     1000     10121     85,86      0,00 1461391740  124868   0,77  antigravity
18:56:09     1000     10122    353,59      0,00 1461343128  286120   1,76  antigravity
18:56:09     1000     10186      2,79      0,00 1478124976  122820   0,76  antigravity
18:56:09     1000     10187     34,26      0,00 1461358904  159796   0,98  antigravity
18:56:09     1000     35702      1,00      0,00    5920    4808   0,03  pidstat
18:56:09     1000     35703      4,18      0,00    2676    1700   0,01  jmeter
18:56:09     1000     35734   4759,76      0,00 5161116  205776   1,27  java

18:56:04      UID       PID   kB_rd/s   kB_wr/s kB_ccwr/s iodelay  Command
18:56:09     1000     35734      0,00      2,15      0,00       0  java

18:56:09      UID       PID    %usr %system  %guest   %wait    %CPU   CPU  Command
18:56:14      115       927    0,20    0,00    0,00    0,00    0,20     3  prometheus
18:56:14        0      1479    0,00    0,20    0,00    0,00    0,20     6  anydesk
18:56:14        0      1489    0,40    0,00    0,00    0,00    0,40     4  containerd
18:56:14        0      2351    0,20    0,40    0,00    0,00    0,60     3  dockerd
18:56:14      117      2352    0,60    0,40    0,00    0,00    1,00     3  grafana
18:56:14        0      3170    0,40    0,20    0,00    0,00    0,60     2  mount.ntfs-3g
18:56:14        0      3261    0,00    0,20    0,00    0,00    0,20     3  containerd-shim
18:56:14      999      3405    0,40    0,20    0,00    0,00    0,60     5  redis-server
18:56:14     1000      9024    0,80    0,20    0,00    0,00    1,00     3  gnome-shell
18:56:14     1000      9700    0,20    0,20    0,00    0,00    0,40     5  antigravity
18:56:14     1000      9756    0,20    0,20    0,00    0,00    0,40     6  antigravity
18:56:14     1000      9830    1,00    0,00    0,00    0,00    1,00     2  antigravity
18:56:14     1000     10074    1,00    1,80    0,00    0,00    2,80     1  language_server
18:56:14     1000     10121    0,20    0,00    0,00    0,00    0,20     7  antigravity
18:56:14     1000     10122    0,60    0,40    0,00    0,00    1,00     0  antigravity
18:56:14     1000     10187    0,40    0,00    0,00    0,00    0,40     3  antigravity
18:56:14     1000     11152    1,40    1,40    0,00    0,00    2,80     3  language_server
18:56:14     1000     35702    0,20    0,40    0,00    0,00    0,60     6  pidstat
18:56:14     1000     35734    3,60    0,00    0,00    0,00    3,60     2  java

18:56:09      UID       PID  minflt/s  majflt/s     VSZ     RSS   %MEM  Command
18:56:14        0      1489      5,20      0,00 2242640   65736   0,40  containerd
18:56:14        0      3207      5,20      0,00 1235608   15120   0,09  containerd-shim
18:56:14        0      3227     10,40      0,00 1235352   14476   0,09  containerd-shim
18:56:14        0      3240      3,00      0,00 1235608   15924   0,10  containerd-shim
18:56:14        0      3246     10,60      0,00 1235608   16032   0,10  containerd-shim
18:56:14        0      3261      2,20      0,00 1235608   15832   0,10  containerd-shim
18:56:14     1000      9024      6,40      0,00 4676764  275212   1,70  gnome-shell
18:56:14     1000      9700     38,60      0,00 1461692876  303784   1,87  antigravity
18:56:14     1000      9756      2,20      0,00 34332156  165424   1,02  antigravity
18:56:14     1000      9767      1,20      0,00 33906012   82040   0,51  antigravity
18:56:14     1000      9830    118,80      0,00 1461371372  489860   3,02  antigravity
18:56:14     1000     10109      0,40      0,00 33951332   64948   0,40  antigravity
18:56:14     1000     10121     17,80      0,00 1461391740  124868   0,77  antigravity
18:56:14     1000     10122     22,00      0,00 1461343128  285036   1,76  antigravity
18:56:14     1000     10186      2,80      0,00 1478124976  122820   0,76  antigravity
18:56:14     1000     10187      3,00      0,00 1461358904  159224   0,98  antigravity
18:56:14     1000     35702      0,40      0,00    5920    4808   0,03  pidstat
18:56:14     1000     35734     43,20      0,00 5161116  206800   1,27  java

18:56:09      UID       PID   kB_rd/s   kB_wr/s kB_ccwr/s iodelay  Command
18:56:14     1000     35702      0,00      0,77      0,00       0  pidstat
18:56:14     1000     35734      0,00      0,17      0,00       0  java

18:56:14      UID       PID    %usr %system  %guest   %wait    %CPU   CPU  Command
18:56:19        0         1    0,00    0,20    0,00    0,00    0,20     5  systemd
18:56:19      990       905    0,20    0,20    0,00    0,00    0,40     7  dbus-daemon
18:56:19      115       926    1,00    0,60    0,00    0,00    1,60     5  prometheus-node
18:56:19      115       927    0,20    0,00    0,00    0,00    0,20     6  prometheus
18:56:19        0      1457    0,20    0,00    0,00    0,00    0,20     5  glances
18:56:19        0      1468    0,00    0,20    0,00    0,00    0,20     7  tailscaled
18:56:19        0      1489    0,20    0,20    0,00    0,00    0,40     4  containerd
18:56:19      114      1684    0,20    0,00    0,00    0,00    0,20     7  postgres
18:56:19        0      2351    0,40    0,00    0,00    0,00    0,40     3  dockerd
18:56:19      117      2352    0,60    0,20    0,00    0,00    0,80     3  grafana
18:56:19        0      3170    0,20    0,40    0,00    0,00    0,60     7  mount.ntfs-3g
18:56:19        0      3240    0,20    0,00    0,00    0,00    0,20     1  containerd-shim
18:56:19        0      3246    0,00    0,20    0,00    0,00    0,20     0  containerd-shim
18:56:19        0      3261    0,20    0,00    0,00    0,00    0,20     3  containerd-shim
18:56:19      999      3405    0,40    0,00    0,00    0,00    0,40     5  redis-server
18:56:19     1000      9024    0,40    0,20    0,00    0,00    0,60     3  gnome-shell
18:56:19     1000      9700    0,20    0,00    0,00    0,00    0,20     3  antigravity
18:56:19     1000      9756    0,20    0,00    0,00    0,00    0,20     6  antigravity
18:56:19     1000      9830    1,20    0,40    0,00    0,00    1,60     1  antigravity
18:56:19     1000     10074    1,20    1,40    0,00    0,00    2,60     1  language_server
18:56:19     1000     10121    0,00    0,20    0,00    0,00    0,20     0  antigravity
18:56:19     1000     10122    1,00    0,40    0,00    0,00    1,40     6  antigravity
18:56:19     1000     10187    0,60    0,00    0,00    0,00    0,60     3  antigravity
18:56:19     1000     11152    1,80    1,20    0,00    0,00    3,00     0  language_server
18:56:19        0     33252    0,00    0,20    0,00    0,00    0,20     0  kworker/0:2-events_freezable
18:56:19     1000     35702    0,00    0,40    0,00    0,00    0,40     5  pidstat
18:56:19     1000     35734    2,60    0,20    0,00    0,00    2,80     2  java

18:56:14      UID       PID  minflt/s  majflt/s     VSZ     RSS   %MEM  Command
18:56:19      115       926     87,60      0,00 1687812   25460   0,16  prometheus-node
18:56:19        0      1489      0,60      0,00 2242640   65864   0,41  containerd
18:56:19      114      1588      3,80      0,00  218252   30140   0,19  postgres
18:56:19        0      3207      5,60      0,00 1235608   15376   0,09  containerd-shim
18:56:19        0      3227      5,00      0,00 1235352   14604   0,09  containerd-shim
18:56:19        0      3240      4,00      0,00 1235608   16052   0,10  containerd-shim
18:56:19        0      3246      1,20      0,00 1235608   15860   0,10  containerd-shim
18:56:19        0      3261      3,00      0,00 1235608   15832   0,10  containerd-shim
18:56:19     1000      9024      0,40      0,00 4676828  275212   1,70  gnome-shell
18:56:19     1000      9700     53,80      0,00 1461692876  303996   1,87  antigravity
18:56:19     1000      9756     13,40      0,00 34336612  165424   1,02  antigravity
18:56:19     1000      9767      0,60      0,00 33906012   82040   0,51  antigravity
18:56:19     1000      9830    357,00      0,00 1461371372  491740   3,03  antigravity
18:56:19     1000     10109      0,20      0,00 33951332   64948   0,40  antigravity
18:56:19     1000     10121     28,20      0,00 1461391740  124868   0,77  antigravity
18:56:19     1000     10122    349,00      0,00 1461343128  285352   1,76  antigravity
18:56:19     1000     10186      5,60      0,00 1478124976  122820   0,76  antigravity
18:56:19     1000     10187     31,60      0,00 1461358904  159428   0,98  antigravity
18:56:19     1000     35734     31,80      0,00 5161116  207312   1,28  java

18:56:14      UID       PID   kB_rd/s   kB_wr/s kB_ccwr/s iodelay  Command
18:56:19     1000     10122      0,00      0,80      0,00       0  antigravity
18:56:19     1000     35702      0,00      0,70      0,00       0  pidstat
18:56:19     1000     35734      0,00      0,03      0,00       0  java

18:56:19      UID       PID    %usr %system  %guest   %wait    %CPU   CPU  Command
18:56:24      115       927    0,00    0,20    0,00    0,00    0,20     0  prometheus
18:56:24        0      1489    0,20    0,20    0,00    0,00    0,40     4  containerd
18:56:24        0      2351    0,40    0,20    0,00    0,00    0,60     3  dockerd
18:56:24      117      2352    0,60    0,40    0,00    0,00    1,00     3  grafana
18:56:24        0      3170    0,60    0,20    0,00    0,00    0,80     4  mount.ntfs-3g
18:56:24        0      3207    0,20    0,20    0,00    0,00    0,40     6  containerd-shim
18:56:24        0      3227    0,00    0,20    0,00    0,00    0,20     3  containerd-shim
18:56:24        0      3240    0,00    0,20    0,00    0,00    0,20     1  containerd-shim
18:56:24      999      3405    0,40    0,00    0,00    0,00    0,40     5  redis-server
18:56:24     1000      9024    0,60    0,40    0,00    0,00    1,00     4  gnome-shell
18:56:24     1000      9700    0,20    0,00    0,00    0,00    0,20     5  antigravity
18:56:24     1000      9756    0,20    0,20    0,00    0,00    0,40     3  antigravity
18:56:24     1000      9830   12,00    0,20    0,00    0,00   12,20     6  antigravity
18:56:24     1000     10074    1,80    1,20    0,00    0,00    3,00     1  language_server
18:56:24     1000     10121    0,20    0,20    0,00    0,00    0,40     6  antigravity
18:56:24     1000     10122    1,20    0,40    0,00    0,00    1,60     1  antigravity
18:56:24     1000     10187    0,60    0,20    0,00    0,00    0,80     0  antigravity
18:56:24     1000     11152    1,20    1,60    0,00    0,00    2,80     0  language_server
18:56:24     1000     35702    0,20    0,20    0,00    0,00    0,40     6  pidstat
18:56:24     1000     35734    2,80    0,00    0,00    0,00    2,80     2  java

18:56:19      UID       PID  minflt/s  majflt/s     VSZ     RSS   %MEM  Command
18:56:24        0      1489      0,40      0,00 2242640   65864   0,41  containerd
18:56:24        0      3207      6,80      0,00 1235608   14600   0,09  containerd-shim
18:56:24        0      3227      0,40      0,00 1235352   13996   0,09  containerd-shim
18:56:24        0      3240      0,40      0,00 1235608   15112   0,09  containerd-shim
18:56:24        0      3246     11,00      0,00 1235608   15528   0,10  containerd-shim
18:56:24        0      3261      2,20      0,00 1235608   15448   0,10  containerd-shim
18:56:24     1000      9024      6,00      0,00 4676764  275060   1,69  gnome-shell
18:56:24     1000      9700     55,40      0,00 1461692876  303840   1,87  antigravity
18:56:24     1000      9756     22,60      0,00 34336636  165680   1,02  antigravity
18:56:24     1000      9767      0,60      0,00 33906012   82040   0,51  antigravity
18:56:24     1000      9830    360,40      0,00 1461371372  487480   3,00  antigravity
18:56:24     1000     10109      0,20      0,00 33951332   64948   0,40  antigravity
18:56:24     1000     10121      2,20      0,00 1461391740  124868   0,77  antigravity
18:56:24     1000     10122    340,00      0,00 1461343128  285208   1,76  antigravity
18:56:24     1000     10186      2,80      0,00 1478124976  122820   0,76  antigravity
18:56:24     1000     10187     31,80      0,00 1461358904  159692   0,98  antigravity
18:56:24     1000     35734     25,60      0,00 5161116  207824   1,28  java

18:56:19      UID       PID   kB_rd/s   kB_wr/s kB_ccwr/s iodelay  Command
18:56:24     1000     35702      0,00      0,87      0,00       0  pidstat
18:56:24     1000     35734      0,00      1,60      0,00       0  java

18:56:24      UID       PID    %usr %system  %guest   %wait    %CPU   CPU  Command
18:56:29        0        86    0,00    0,20    0,00    0,00    0,20     0  irq/9-acpi
18:56:29      115       927    0,20    0,00    0,00    0,00    0,20     0  prometheus
18:56:29        0      1457    0,20    0,00    0,00    0,00    0,20     5  glances
18:56:29        0      1489    0,40    0,20    0,00    0,00    0,60     4  containerd
18:56:29        0      2351    0,40    0,20    0,00    0,00    0,60     3  dockerd
18:56:29      117      2352    2,00    0,40    0,00    0,00    2,40     3  grafana
18:56:29        0      2381    0,00    0,20    0,00    0,00    0,20     1  upowerd
18:56:29        0      3170    0,20    0,40    0,00    0,00    0,60     0  mount.ntfs-3g
18:56:29        0      3246    0,00    0,20    0,00    0,00    0,20     0  containerd-shim
18:56:29      999      3405    0,40    0,00    0,00    0,00    0,40     7  redis-server
18:56:29     1000      9024    0,20    0,40    0,00    0,00    0,60     4  gnome-shell
18:56:29     1000      9700    0,20    0,20    0,00    0,00    0,40     6  antigravity
18:56:29     1000      9756    0,40    0,00    0,00    0,00    0,40     4  antigravity
18:56:29     1000      9830    1,40    0,00    0,00    0,00    1,40     7  antigravity
18:56:29     1000     10074    1,60    1,60    0,00    0,00    3,19     3  language_server
18:56:29     1000     10122    0,80    0,40    0,00    0,00    1,20     2  antigravity
18:56:29     1000     10187    0,40    0,20    0,00    0,00    0,60     3  antigravity
18:56:29     1000     11152    1,40    1,40    0,00    0,00    2,79     2  language_server
18:56:29        0     16329    0,00    0,20    0,00    0,00    0,20     2  kworker/u32:2-events_unbound
18:56:29     1000     35702    0,20    0,20    0,00    0,00    0,40     5  pidstat
18:56:29     1000     35734    3,19    0,00    0,00    0,00    3,19     2  java

18:56:24      UID       PID  minflt/s  majflt/s     VSZ     RSS   %MEM  Command
18:56:29        0      1489      3,19      0,00 2242640   65864   0,41  containerd
18:56:29      117      2352      2,99      0,00 1830016  333688   2,06  grafana
18:56:29        0      3207     14,17      0,00 1235608   14728   0,09  containerd-shim
18:56:29        0      3227     12,18      0,00 1235352   14380   0,09  containerd-shim
18:56:29        0      3240      6,59      0,00 1235608   15112   0,09  containerd-shim
18:56:29        0      3246      9,98      0,00 1235608   15656   0,10  containerd-shim
18:56:29        0      3261     13,97      0,00 1235608   15576   0,10  containerd-shim
18:56:29       70      3383      5,39      0,00  174540   26160   0,16  postgres
18:56:29     1000      9024      0,60      0,00 4676764  275060   1,69  gnome-shell
18:56:29     1000      9700     52,69      0,00 1461692876  304736   1,88  antigravity
18:56:29     1000      9756      7,19      0,00 34336380  165292   1,02  antigravity
18:56:29     1000      9767      0,60      0,00 33906012   82040   0,51  antigravity
18:56:29     1000      9830    261,28      0,00 1461371372  489564   3,02  antigravity
18:56:29     1000     10109      0,20      0,00 33951332   64948   0,40  antigravity
18:56:29     1000     10121      2,79      0,00 1461391740  124868   0,77  antigravity
18:56:29     1000     10122    401,80      0,00 1461343128  285672   1,76  antigravity
18:56:29     1000     10186      2,79      0,00 1478124976  122820   0,76  antigravity
18:56:29     1000     10187     31,54      0,00 1461358904  159876   0,98  antigravity
18:56:29     1000     35734     19,56      0,00 5161116  208336   1,28  java

18:56:24      UID       PID   kB_rd/s   kB_wr/s kB_ccwr/s iodelay  Command
18:56:29     1000     35702      0,00      0,70      0,00       0  pidstat

18:56:29      UID       PID    %usr %system  %guest   %wait    %CPU   CPU  Command
18:56:34        0         1    0,60    0,00    0,00    0,00    0,60     0  systemd
18:56:34        0        51    0,00    0,20    0,00    0,00    0,20     5  ksoftirqd/5
18:56:34        0       413    0,00    0,20    0,00    0,00    0,20     4  systemd-udevd
18:56:34        0       721    0,00    0,20    0,00    0,00    0,20     0  kworker/u33:2-i915_flip
18:56:34      990       905    1,20    0,20    0,00    0,20    1,40     5  dbus-daemon
18:56:34      115       926    1,00    0,60    0,00    0,00    1,60     5  prometheus-node
18:56:34      115       927    0,20    0,00    0,00    0,00    0,20     6  prometheus
18:56:34        0       937    0,00    0,20    0,00    0,00    0,20     4  udisksd
18:56:34        0      1052    0,20    0,00    0,00    0,00    0,20     6  NetworkManager
18:56:34        0      1457    0,20    0,00    0,00    0,00    0,20     5  glances
18:56:34        0      1468    0,40    0,20    0,00    0,00    0,60     7  tailscaled
18:56:34        0      1489    0,80    0,20    0,00    0,00    1,00     4  containerd
18:56:34        0      2351    0,40    1,20    0,00    0,00    1,60     3  dockerd
18:56:34      117      2352    0,60    0,20    0,00    0,00    0,80     3  grafana
18:56:34        0      3170    0,20    0,40    0,00    0,00    0,60     7  mount.ntfs-3g
18:56:34        0      3207    0,00    0,20    0,00    0,00    0,20     6  containerd-shim
18:56:34        0      3227    0,20    0,20    0,00    0,00    0,40     3  containerd-shim
18:56:34        0      3240    0,20    0,00    0,00    0,00    0,20     1  containerd-shim
18:56:34        0      3246    0,20    0,00    0,00    0,00    0,20     0  containerd-shim
18:56:34        0      3261    0,20    0,20    0,00    0,00    0,40     3  containerd-shim
18:56:34      999      3405    0,40    0,20    0,00    0,00    0,60     7  redis-server
18:56:34     1000      9024    1,00    0,40    0,00    0,00    1,40     1  gnome-shell
18:56:34     1000      9138    0,00    0,20    0,00    0,00    0,20     3  gsd-housekeepin
18:56:34     1000      9156    0,20    0,00    0,00    0,00    0,20     7  gsd-rfkill
18:56:34     1000      9162    0,20    0,00    0,00    0,20    0,20     6  gsd-sharing
18:56:34     1000      9349    0,20    0,00    0,00    0,00    0,20     7  gvfs-udisks2-vo
18:56:34     1000      9482    0,20    0,00    0,00    0,00    0,20     5  localsearch-3
18:56:34     1000      9619    0,20    0,00    0,00    0,00    0,20     4  xdg-desktop-por
18:56:34        0      9672    0,20    0,00    0,00    0,00    0,20     6  fwupd
18:56:34     1000      9700    0,40    0,00    0,00    0,00    0,40     5  antigravity
18:56:34     1000      9756    0,40    0,00    0,00    0,00    0,40     4  antigravity
18:56:34     1000      9830    1,40    0,20    0,00    0,00    1,60     4  antigravity
18:56:34     1000     10074    1,60    0,80    0,00    0,00    2,40     2  language_server
18:56:34     1000     10121    0,20    0,40    0,00    0,00    0,60     3  antigravity
18:56:34     1000     10122    1,40    0,40    0,00    0,00    1,80     0  antigravity
18:56:34     1000     10186    0,20    0,00    0,00    0,00    0,20     0  antigravity
18:56:34     1000     10187    1,20    0,20    0,00    0,00    1,40     1  antigravity
18:56:34     1000     11152    2,00    0,80    0,00    0,00    2,80     2  language_server
18:56:34        0     30858    0,00    0,20    0,00    0,00    0,20     0  kworker/u32:3-writeback
18:56:34     1000     35702    0,20    0,20    0,00    0,00    0,40     6  pidstat
18:56:34     1000     35734    2,00    0,20    0,00    0,00    2,20     2  java

18:56:29      UID       PID  minflt/s  majflt/s     VSZ     RSS   %MEM  Command
18:56:34        0       381     47,20      0,00  136916   82520   0,51  systemd-journal
18:56:34        0       413    111,00      0,00   37696   11516   0,07  systemd-udevd
18:56:34      115       926     64,60      0,00 1687812   25252   0,16  prometheus-node
18:56:34        0      1489      6,40      0,00 2242640   65864   0,41  containerd
18:56:34        0      3207     11,20      0,00 1235608   14856   0,09  containerd-shim
18:56:34        0      3227      9,40      0,00 1235352   14508   0,09  containerd-shim
18:56:34        0      3240     12,40      0,00 1235608   15368   0,09  containerd-shim
18:56:34        0      3246     11,40      0,00 1235608   15912   0,10  containerd-shim
18:56:34        0      3261     11,80      0,00 1235608   15704   0,10  containerd-shim
18:56:34        0      3422      0,20      0,00  743168   82132   0,51  node
18:56:34     1000      9024      8,60      0,00 4676764  275444   1,70  gnome-shell
18:56:34     1000      9700     62,20      0,00 1461692876  304076   1,87  antigravity
18:56:34     1000      9756      7,40      0,00 34336300  165292   1,02  antigravity
18:56:34     1000      9767      1,20      0,00 33906012   82040   0,51  antigravity
18:56:34     1000      9830    271,00      0,00 1461371372  489676   3,02  antigravity
18:56:34     1000     10109      0,40      0,00 33951332   64948   0,40  antigravity
18:56:34     1000     10121    102,40      0,00 1461391740  124868   0,77  antigravity
18:56:34     1000     10122    330,00      0,00 1461343128  286324   1,76  antigravity
18:56:34     1000     10186      3,00      0,00 1478124976  122820   0,76  antigravity
18:56:34     1000     10187     51,40      0,00 1461358904  157932   0,97  antigravity
18:56:34     1000     35734      9,60      0,00 5161116  208592   1,29  java
18:56:34        0     35897     63,00      0,00   37700    7324   0,05  (udev-worker)
18:56:34        0     35911     27,40      0,00   37700    7004   0,04  (udev-worker)
18:56:34        0     35913     28,00      0,00   37700    7004   0,04  (udev-worker)
18:56:34        0     35914     28,40      0,00   37700    7004   0,04  (udev-worker)
18:56:34        0     35915     27,60      0,00   37700    7004   0,04  (udev-worker)
18:56:34        0     35916     27,40      0,00   37700    7004   0,04  (udev-worker)
18:56:34        0     35918     28,20      0,00   37700    7004   0,04  (udev-worker)
18:56:34        0     35919     28,00      0,00   37700    7004   0,04  (udev-worker)
18:56:34        0     35920     37,60      0,00   37700    7004   0,04  (udev-worker)
18:56:34        0     35921     27,80      0,00   37700    7004   0,04  (udev-worker)
18:56:34        0     35922     59,80      0,00   37700    7260   0,04  (udev-worker)
18:56:34        0     35923     28,20      0,00   37700    7004   0,04  (udev-worker)
18:56:34        0     35925     27,60      0,00   37700    7004   0,04  (udev-worker)
18:56:34        0     35926     27,00      0,00   37700    7004   0,04  (udev-worker)
18:56:34        0     35927     27,60      0,00   37700    7004   0,04  (udev-worker)
18:56:34        0     35928     27,40      0,00   37700    7004   0,04  (udev-worker)

18:56:29      UID       PID   kB_rd/s   kB_wr/s kB_ccwr/s iodelay  Command
18:56:34     1000     10122      0,00      0,80      0,00       0  antigravity
18:56:34     1000     35702      0,00      0,74      0,00       0  pidstat
18:56:34     1000     35734      0,00      1,63      0,00       0  java

18:56:34      UID       PID    %usr %system  %guest   %wait    %CPU   CPU  Command
18:56:39        0        18    0,00    0,20    0,00    0,00    0,20     3  rcu_preempt
18:56:39        0      1457    0,20    0,00    0,00    0,00    0,20     5  glances
18:56:39        0      1468    0,00    0,20    0,00    0,00    0,20     7  tailscaled
18:56:39        0      1489    0,40    0,20    0,00    0,00    0,60     4  containerd
18:56:39        0      2351    0,40    0,00    0,00    0,00    0,40     3  dockerd
18:56:39      117      2352    0,80    0,40    0,00    0,00    1,20     3  grafana
18:56:39        0      3170    0,60    0,40    0,00    0,00    1,00     4  mount.ntfs-3g
18:56:39        0      3240    0,00    0,20    0,00    0,00    0,20     1  containerd-shim
18:56:39      999      3405    0,20    0,00    0,00    0,00    0,20     7  redis-server
18:56:39     1000      9024    0,40    0,20    0,00    0,00    0,60     4  gnome-shell
18:56:39     1000      9700    0,40    0,00    0,00    0,00    0,40     1  antigravity
18:56:39     1000      9756    0,20    0,00    0,00    0,00    0,20     5  antigravity
18:56:39     1000      9830    1,40    0,00    0,00    0,00    1,40     3  antigravity
18:56:39     1000     10074    2,00    0,80    0,00    0,00    2,80     2  language_server
18:56:39     1000     10121    0,00    0,20    0,00    0,00    0,20     3  antigravity
18:56:39     1000     10122    1,00    0,40    0,00    0,00    1,40     6  antigravity
18:56:39     1000     10187    0,80    0,00    0,00    0,00    0,80     1  antigravity
18:56:39     1000     11152    1,20    1,60    0,00    0,00    2,80     4  language_server
18:56:39        0     34004    0,00    0,20    0,00    0,00    0,20     2  kworker/2:1-events
18:56:39     1000     35702    0,20    0,20    0,00    0,00    0,40     3  pidstat
18:56:39     1000     35734    2,40    0,00    0,00    0,00    2,40     2  java

18:56:34      UID       PID  minflt/s  majflt/s     VSZ     RSS   %MEM  Command
18:56:39        0       413      1,20      0,00   37696   11516   0,07  systemd-udevd
18:56:39      115       927      0,40      0,00 2702228  118056   0,73  prometheus
18:56:39        0      1489      2,40      0,00 2242640   65864   0,41  containerd
18:56:39        0      3207      1,00      0,00 1235608   14984   0,09  containerd-shim
18:56:39        0      3227      4,60      0,00 1235352   14508   0,09  containerd-shim
18:56:39        0      3240      8,20      0,00 1235608   15496   0,10  containerd-shim
18:56:39        0      3246      4,00      0,00 1235608   15912   0,10  containerd-shim
18:56:39        0      3261      0,60      0,00 1235608   15704   0,10  containerd-shim
18:56:39     1000      9024      0,20      0,00 4676764  275444   1,70  gnome-shell
18:56:39     1000      9700     57,60      0,00 1461692876  303792   1,87  antigravity
18:56:39     1000      9756      6,40      0,00 34336300  165292   1,02  antigravity
18:56:39     1000      9767      0,60      0,00 33906012   82040   0,51  antigravity
18:56:39     1000      9830    249,00      0,00 1461371372  491456   3,03  antigravity
18:56:39     1000     10109      0,20      0,00 33951332   64948   0,40  antigravity
18:56:39     1000     10121      6,20      0,00 1461391740  124868   0,77  antigravity
18:56:39     1000     10122    379,80      0,00 1461343128  285808   1,76  antigravity
18:56:39     1000     10186      5,60      0,00 1478124976  122820   0,76  antigravity
18:56:39     1000     10187     32,20      0,00 1461358904  157468   0,97  antigravity
18:56:39     1000     29312      4,80      0,00 1459530528   88312   0,54  antigravity
18:56:39     1000     35702      7,00      0,00    6052    4936   0,03  pidstat
18:56:39     1000     35734     47,40      0,00 5161116  209616   1,29  java

18:56:34      UID       PID   kB_rd/s   kB_wr/s kB_ccwr/s iodelay  Command
18:56:39     1000     10122      0,00      0,80      0,00       0  antigravity
18:56:39     1000     35702      0,00      1,42      0,00       0  pidstat

18:56:39      UID       PID    %usr %system  %guest   %wait    %CPU   CPU  Command
18:56:44      115       927    0,20    0,00    0,00    0,00    0,20     0  prometheus
18:56:44        0      1457    0,00    0,20    0,00    0,00    0,20     5  glances
18:56:44        0      1479    0,20    0,00    0,00    0,00    0,20     3  anydesk
18:56:44        0      1489    0,20    0,00    0,00    0,00    0,20     4  containerd
18:56:44        0      2351    0,40    0,00    0,00    0,00    0,40     3  dockerd
18:56:44      117      2352    0,40    0,60    0,00    0,00    1,00     3  grafana
18:56:44        0      3170    0,60    0,20    0,00    0,00    0,80     3  mount.ntfs-3g
18:56:44        0      3227    0,00    0,20    0,00    0,00    0,20     3  containerd-shim
18:56:44        0      3246    0,00    0,20    0,00    0,00    0,20     0  containerd-shim
18:56:44        0      3261    0,20    0,00    0,00    0,00    0,20     3  containerd-shim
18:56:44      999      3405    0,40    0,00    0,00    0,00    0,40     6  redis-server
18:56:44     1000      9024    1,00    0,00    0,00    0,00    1,00     0  gnome-shell
18:56:44     1000      9700    0,00    0,20    0,00    0,00    0,20     4  antigravity
18:56:44     1000      9756    0,20    0,20    0,00    0,20    0,40     4  antigravity
18:56:44     1000      9830   11,20    0,40    0,00    0,40   11,60     6  antigravity
18:56:44     1000     10074    1,60    1,00    0,00    0,20    2,60     4  language_server
18:56:44     1000     10121    0,20    0,20    0,00    0,00    0,40     4  antigravity
18:56:44     1000     10122    0,80    0,60    0,00    0,00    1,40     7  antigravity
18:56:44     1000     10187    0,40    0,00    0,00    0,00    0,40     1  antigravity
18:56:44     1000     11152    1,40    1,40    0,00    0,20    2,80     0  language_server
18:56:44     1000     35702    0,00    0,40    0,00    0,00    0,40     3  pidstat
18:56:44     1000     35734    1,20    0,20    0,00    0,00    1,40     2  java

18:56:39      UID       PID  minflt/s  majflt/s     VSZ     RSS   %MEM  Command
18:56:44        0      3207     10,00      0,00 1235608   15240   0,09  containerd-shim
18:56:44        0      3227      3,20      0,00 1235352   14636   0,09  containerd-shim
18:56:44        0      3261      3,80      0,00 1235608   15832   0,10  containerd-shim
18:56:44     1000      9024      6,60      0,00 4676828  275444   1,70  gnome-shell
18:56:44     1000      9700     55,60      0,00 1461692876  304060   1,87  antigravity
18:56:44     1000      9756     27,00      0,00 34336300  165804   1,02  antigravity
18:56:44     1000      9767      0,60      0,00 33906012   82040   0,51  antigravity
18:56:44     1000      9830    333,40      0,00 1461371372  486712   3,00  antigravity
18:56:44     1000     10109      0,20      0,00 33951332   64948   0,40  antigravity
18:56:44     1000     10121      2,40      0,00 1461391740  124868   0,77  antigravity
18:56:44     1000     10122    324,60      0,00 1461343128  285500   1,76  antigravity
18:56:44     1000     10186      2,80      0,00 1478124976  122820   0,76  antigravity
18:56:44     1000     10187     31,80      0,00 1461358904  157480   0,97  antigravity
18:56:44     1000     35702      0,00      0,00    6020    4936   0,03  pidstat
18:56:44     1000     35734     12,00      0,00 5161116  209744   1,29  java

18:56:39      UID       PID   kB_rd/s   kB_wr/s kB_ccwr/s iodelay  Command
18:56:44     1000     35702      0,00      0,78      0,00       0  pidstat

18:56:44      UID       PID    %usr %system  %guest   %wait    %CPU   CPU  Command
18:56:49        0         1    0,20    0,00    0,00    0,00    0,20     0  systemd
18:56:49        0        86    0,00    0,20    0,00    0,00    0,20     0  irq/9-acpi
18:56:49      990       905    0,60    0,20    0,00    0,00    0,80     4  dbus-daemon
18:56:49      115       926    1,00    0,60    0,00    0,00    1,60     5  prometheus-node
18:56:49      115       927    0,00    0,20    0,00    0,00    0,20     0  prometheus
18:56:49        0      1457    0,20    0,00    0,00    0,00    0,20     5  glances
18:56:49        0      1468    0,20    0,00    0,00    0,00    0,20     7  tailscaled
18:56:49        0      1489    0,40    0,20    0,00    0,00    0,60     4  containerd
18:56:49        0      2351    0,20    0,40    0,00    0,00    0,60     3  dockerd
18:56:49      117      2352    0,60    0,20    0,00    0,00    0,80     3  grafana
18:56:49        0      3170    0,00    0,60    0,00    0,00    0,60     1  mount.ntfs-3g
18:56:49        0      3207    0,20    0,00    0,00    0,00    0,20     6  containerd-shim
18:56:49        0      3240    0,20    0,00    0,00    0,00    0,20     1  containerd-shim
18:56:49      999      3405    0,40    0,20    0,00    0,00    0,60     6  redis-server
18:56:49     1000      9024    0,40    0,20    0,00    0,00    0,60     0  gnome-shell
18:56:49     1000      9700    0,20    0,20    0,00    0,00    0,40     5  antigravity
18:56:49     1000      9756    0,20    0,00    0,00    0,00    0,20     6  antigravity
18:56:49     1000      9830    1,60    0,20    0,00    0,00    1,80     6  antigravity
18:56:49     1000     10074    1,20    1,80    0,00    0,00    3,00     2  language_server
18:56:49     1000     10121    0,20    0,00    0,00    0,00    0,20     5  antigravity
18:56:49     1000     10122    1,20    0,20    0,00    0,00    1,40     2  antigravity
18:56:49     1000     10187    0,60    0,00    0,00    0,00    0,60     2  antigravity
18:56:49     1000     11152    1,20    1,40    0,00    0,00    2,60     1  language_server
18:56:49        0     32262    0,20    0,00    0,00    0,00    0,20     7  kworker/7:3-mm_percpu_wq
18:56:49     1000     35702    0,20    0,20    0,00    0,00    0,40     5  pidstat
18:56:49     1000     35734    1,40    0,00    0,00    0,00    1,40     2  java

18:56:44      UID       PID  minflt/s  majflt/s     VSZ     RSS   %MEM  Command
18:56:49      115       926     67,40      0,00 1687812   25104   0,15  prometheus-node
18:56:49        0      1489      0,80      0,00 2242640   65468   0,40  containerd
18:56:49        0      3207      5,80      0,00 1235608   15368   0,09  containerd-shim
18:56:49        0      3227      0,40      0,00 1235352   14636   0,09  containerd-shim
18:56:49        0      3240      6,60      0,00 1235608   15472   0,10  containerd-shim
18:56:49        0      3246      4,80      0,00 1235608   15912   0,10  containerd-shim
18:56:49        0      3261      1,20      0,00 1235608   15832   0,10  containerd-shim
18:56:49     1000      9024      0,40      0,00 4676828  275444   1,70  gnome-shell
18:56:49     1000      9700     55,40      0,00 1461692876  304636   1,88  antigravity
18:56:49     1000      9756      6,40      0,00 34336300  165348   1,02  antigravity
18:56:49     1000      9767      0,60      0,00 33906012   82040   0,51  antigravity
18:56:49     1000      9830    244,00      0,00 1461371372  489160   3,01  antigravity
18:56:49     1000     10109      0,20      0,00 33951332   64948   0,40  antigravity
18:56:49     1000     10121      2,20      0,00 1461391740  124868   0,77  antigravity
18:56:49     1000     10122    330,00      0,00 1461343128  285460   1,76  antigravity
18:56:49     1000     10186      2,80      0,00 1478124976  122820   0,76  antigravity
18:56:49     1000     10187     33,00      0,00 1461358904  157764   0,97  antigravity
18:56:49     1000     35734      6,40      0,00 5161116  209872   1,29  java

18:56:44      UID       PID   kB_rd/s   kB_wr/s kB_ccwr/s iodelay  Command
18:56:49     1000     35702      0,00      0,68      0,00       0  pidstat

18:56:49      UID       PID    %usr %system  %guest   %wait    %CPU   CPU  Command
18:56:54      115       927    0,20    0,00    0,00    0,00    0,20     0  prometheus
18:56:54        0      1468    0,40    0,00    0,00    0,00    0,40     6  tailscaled
18:56:54        0      1489    0,20    0,20    0,00    0,00    0,40     4  containerd
18:56:54      111      1556    0,20    0,00    0,00    0,00    0,20     5  mariadbd
18:56:54        0      2351    0,40    0,00    0,00    0,00    0,40     3  dockerd
18:56:54      117      2352    0,80    0,20    0,00    0,00    1,00     3  grafana
18:56:54        0      3170    0,40    0,20    0,00    0,00    0,60     1  mount.ntfs-3g
18:56:54        0      3207    0,00    0,20    0,00    0,00    0,20     6  containerd-shim
18:56:54        0      3227    0,00    0,20    0,00    0,00    0,20     3  containerd-shim
18:56:54        0      3246    0,00    0,20    0,00    0,00    0,20     0  containerd-shim
18:56:54        0      3261    0,20    0,00    0,00    0,00    0,20     3  containerd-shim
18:56:54      999      3405    0,40    0,00    0,00    0,00    0,40     6  redis-server
18:56:54     1000      9024    0,80    0,00    0,00    0,00    0,80     2  gnome-shell
18:56:54     1000      9700    0,20    0,00    0,00    0,00    0,20     5  antigravity
18:56:54     1000      9756    0,40    0,00    0,00    0,00    0,40     4  antigravity
18:56:54     1000      9830    1,40    0,00    0,00    0,00    1,40     7  antigravity
18:56:54     1000     10074    1,00    2,00    0,00    0,00    3,00     1  language_server
18:56:54     1000     10121    0,00    0,20    0,00    0,00    0,20     2  antigravity
18:56:54     1000     10122    1,20    0,20    0,00    0,00    1,40     3  antigravity
18:56:54     1000     10187    0,40    0,00    0,00    0,00    0,40     2  antigravity
18:56:54     1000     11152    1,60    1,40    0,00    0,00    3,00     5  language_server
18:56:54        0     33252    0,00    0,20    0,00    0,00    0,20     0  kworker/0:2-events_power_efficient
18:56:54     1000     35702    0,00    0,40    0,00    0,00    0,40     5  pidstat
18:56:54     1000     35734    1,60    0,20    0,00    0,00    1,80     2  java

18:56:49      UID       PID  minflt/s  majflt/s     VSZ     RSS   %MEM  Command
18:56:54        0      3207      8,40      0,00 1235608   15088   0,09  containerd-shim
18:56:54        0      3227      6,60      0,00 1235352   14044   0,09  containerd-shim
18:56:54        0      3240      6,60      0,00 1235608   15032   0,09  containerd-shim
18:56:54        0      3246      9,20      0,00 1235608   15284   0,09  containerd-shim
18:56:54        0      3261      7,20      0,00 1235608   15364   0,09  containerd-shim
18:56:54     1000      9024      6,80      0,00 4676828  275444   1,70  gnome-shell
18:56:54     1000      9700     58,20      0,00 1461692876  304024   1,87  antigravity
18:56:54     1000      9756      7,20      0,00 34336300  165348   1,02  antigravity
18:56:54     1000      9767      1,20      0,00 33906012   82040   0,51  antigravity
18:56:54     1000      9830    239,00      0,00 1461371372  491268   3,03  antigravity
18:56:54     1000      9890      0,80      0,00 1459609232  173768   1,07  antigravity
18:56:54     1000     10109      0,40      0,00 33951332   64948   0,40  antigravity
18:56:54     1000     10121      2,80      0,00 1461391740  124868   0,77  antigravity
18:56:54     1000     10122    327,20      0,00 1461343128  286292   1,76  antigravity
18:56:54     1000     10186      2,80      0,00 1478124976  122820   0,76  antigravity
18:56:54     1000     10187     30,40      0,00 1461358904  157876   0,97  antigravity
18:56:54     1000     35734      9,20      0,00 5161116  210128   1,29  java

18:56:49      UID       PID   kB_rd/s   kB_wr/s kB_ccwr/s iodelay  Command
18:56:54     1000     35702      0,00      0,81      0,00       0  pidstat

18:56:54      UID       PID    %usr %system  %guest   %wait    %CPU   CPU  Command
18:56:59        0       320    0,00    0,20    0,00    0,00    0,20     0  jbd2/sda6-8
18:56:59      115       927    0,20    0,00    0,00    0,00    0,20     0  prometheus
18:56:59        0      1457    0,20    0,00    0,00    0,00    0,20     5  glances
18:56:59        0      1468    0,20    0,40    0,00    0,00    0,60     6  tailscaled
18:56:59        0      1489    0,40    0,00    0,00    0,00    0,40     4  containerd
18:56:59        0      2351    0,40    0,20    0,00    0,00    0,60     3  dockerd
18:56:59      117      2352    0,60    0,40    0,00    0,00    1,00     3  grafana
18:56:59        0      3170    0,40    0,40    0,00    0,00    0,80     1  mount.ntfs-3g
18:56:59        0      3240    0,00    0,20    0,00    0,00    0,20     1  containerd-shim
18:56:59        0      3246    0,00    0,20    0,00    0,00    0,20     0  containerd-shim
18:56:59      999      3405    0,40    0,00    0,00    0,00    0,40     7  redis-server
18:56:59     1000      9024    0,40    0,40    0,00    0,00    0,80     3  gnome-shell
18:56:59     1000      9700    0,00    0,40    0,00    0,00    0,40     2  antigravity
18:56:59     1000      9756    0,20    0,00    0,00    0,00    0,20     6  antigravity
18:56:59     1000      9830    1,20    0,20    0,00    0,00    1,40     7  antigravity
18:56:59     1000     10074    2,40    1,60    0,00    0,00    4,00     6  language_server
18:56:59     1000     10121    0,00    0,20    0,00    0,00    0,20     2  antigravity
18:56:59     1000     10122    1,40    0,00    0,00    0,00    1,40     1  antigravity
18:56:59     1000     10187    0,60    0,20    0,00    0,00    0,80     2  antigravity
18:56:59     1000     11152    1,60    1,00    0,00    0,00    2,60     4  language_server
18:56:59     1000     35702    0,00    0,40    0,00    0,00    0,40     5  pidstat
18:56:59     1000     35734    2,00    0,00    0,00    0,00    2,00     2  java

18:56:54      UID       PID  minflt/s  majflt/s     VSZ     RSS   %MEM  Command
18:56:59        0       381      2,80      0,00  136916   82520   0,51  systemd-journal
18:56:59      115       927      0,20      0,00 2702228  118056   0,73  prometheus
18:56:59        0      3207     12,60      0,00 1235608   15216   0,09  containerd-shim
18:56:59        0      3227     10,00      0,00 1235352   14172   0,09  containerd-shim
18:56:59        0      3240     11,80      0,00 1235608   15160   0,09  containerd-shim
18:56:59        0      3246     10,20      0,00 1235608   15284   0,09  containerd-shim
18:56:59        0      3261     14,20      0,00 1235608   15492   0,10  containerd-shim
18:56:59     1000      9024      0,20      0,00 4676764  275444   1,70  gnome-shell
18:56:59     1000      9700     56,20      0,00 1461692876  304012   1,87  antigravity
18:56:59     1000      9756     24,20      0,00 34336300  165604   1,02  antigravity
18:56:59     1000      9767      0,60      0,00 33906012   82040   0,51  antigravity
18:56:59     1000      9830    239,80      0,00 1461371372  493180   3,04  antigravity
18:56:59     1000     10074      0,00      0,00 5034116  367296   2,26  language_server
18:56:59     1000     10109      0,20      0,00 33951332   64948   0,40  antigravity
18:56:59     1000     10121      6,80      0,00 1461391740  124868   0,77  antigravity
18:56:59     1000     10122    356,40      0,00 1461343128  284848   1,75  antigravity
18:56:59     1000     10186      5,60      0,00 1478124976  122820   0,76  antigravity
18:56:59     1000     10187     32,40      0,00 1461358904  157724   0,97  antigravity
18:56:59     1000     35734      8,00      0,00 5161116  210128   1,29  java

18:56:54      UID       PID   kB_rd/s   kB_wr/s kB_ccwr/s iodelay  Command
18:56:59     1000     10122      0,00      0,80      0,00       0  antigravity
18:56:59     1000     35702      0,00      0,76      0,00       0  pidstat
18:56:59     1000     35734      0,00      1,60      0,00       0  java

18:56:59      UID       PID    %usr %system  %guest   %wait    %CPU   CPU  Command
18:57:04        0         1    0,00    0,20    0,00    0,00    0,20     2  systemd
18:57:04        0        86    0,00    0,20    0,00    0,00    0,20     0  irq/9-acpi
18:57:04      990       905    0,40    0,20    0,00    0,00    0,60     5  dbus-daemon
18:57:04      115       926    1,00    0,40    0,00    0,00    1,40     5  prometheus-node
18:57:04      115       927    0,40    0,00    0,00    0,00    0,40     6  prometheus
18:57:04        0      1457    0,20    0,00    0,00    0,00    0,20     5  glances
18:57:04        0      1468    0,20    0,00    0,00    0,00    0,20     6  tailscaled
18:57:04        0      1489    0,20    0,20    0,00    0,00    0,40     4  containerd
18:57:04        0      2351    0,20    0,00    0,00    0,00    0,20     3  dockerd
18:57:04      117      2352    0,60    0,40    0,00    0,00    1,00     3  grafana
18:57:04        0      3170    0,40    0,20    0,00    0,00    0,60     6  mount.ntfs-3g
18:57:04        0      3207    0,20    0,00    0,00    0,00    0,20     6  containerd-shim
18:57:04        0      3227    0,20    0,00    0,00    0,00    0,20     3  containerd-shim
18:57:04        0      3240    0,20    0,00    0,00    0,00    0,20     1  containerd-shim
18:57:04        0      3261    0,20    0,00    0,00    0,00    0,20     3  containerd-shim
18:57:04      999      3405    0,60    0,00    0,00    0,00    0,60     7  redis-server
18:57:04     1000      9024    0,80    0,20    0,00    0,00    1,00     5  gnome-shell
18:57:04     1000      9700    0,40    0,00    0,00    0,20    0,40     1  antigravity
18:57:04     1000      9756    0,40    0,00    0,00    0,00    0,40     6  antigravity
18:57:04     1000      9830   12,20    0,40    0,00    0,00   12,60     3  antigravity
18:57:04     1000     10074    1,40    1,60    0,00    0,00    3,00     0  language_server
18:57:04     1000     10121    0,20    0,20    0,00    0,00    0,40     4  antigravity
18:57:04     1000     10122    1,60    0,20    0,00    0,00    1,80     4  antigravity
18:57:04     1000     10187    0,60    0,00    0,00    0,00    0,60     5  antigravity
18:57:04     1000     11152    1,40    1,60    0,00    0,00    3,00     5  language_server
18:57:04     1000     35702    0,20    0,40    0,00    0,00    0,60     6  pidstat
18:57:04     1000     35734    2,60    0,00    0,00    0,00    2,60     2  java

18:56:59      UID       PID  minflt/s  majflt/s     VSZ     RSS   %MEM  Command
18:57:04      115       926     48,00      0,00 1687812   24800   0,15  prometheus-node
18:57:04      115       927      5,00      0,00 2702228  118056   0,73  prometheus
18:57:04        0      3207     11,60      0,00 1235608   15472   0,10  containerd-shim
18:57:04        0      3227     11,40      0,00 1235352   14428   0,09  containerd-shim
18:57:04        0      3240      8,00      0,00 1235608   15288   0,09  containerd-shim
18:57:04        0      3246     11,40      0,00 1235608   15668   0,10  containerd-shim
18:57:04        0      3261     12,00      0,00 1235608   15620   0,10  containerd-shim
18:57:04     1000      9024      6,80      0,00 4676764  275444   1,70  gnome-shell
18:57:04     1000      9700     56,40      0,00 1461692876  304364   1,88  antigravity
18:57:04     1000      9756     10,20      0,00 34336428  165208   1,02  antigravity
18:57:04     1000      9767      0,60      0,00 33906012   82040   0,51  antigravity
18:57:04     1000      9830    429,40      0,00 1461371372  486680   3,00  antigravity
18:57:04     1000     10074     55,60      0,00 5034116  367936   2,27  language_server
18:57:04     1000     10109      0,20      0,00 33951332   64948   0,40  antigravity
18:57:04     1000     10121     92,40      0,00 1461391740  124996   0,77  antigravity
18:57:04     1000     10122    360,40      0,00 1461343128  285512   1,76  antigravity
18:57:04     1000     10186      2,80      0,00 1478124976  122820   0,76  antigravity
18:57:04     1000     10187     33,60      0,00 1461358904  157904   0,97  antigravity
18:57:04     1000     35734    125,00      0,00 5161116  208304   1,28  java

18:56:59      UID       PID   kB_rd/s   kB_wr/s kB_ccwr/s iodelay  Command
18:57:04     1000     35702      0,00      0,78      0,00       0  pidstat
18:57:04     1000     35734      0,00      0,13      0,00       0  java

18:57:04      UID       PID    %usr %system  %guest   %wait    %CPU   CPU  Command
18:57:09        0        18    0,00    0,20    0,00    0,00    0,20     0  rcu_preempt
18:57:09      115       927    0,20    0,00    0,00    0,00    0,20     6  prometheus
18:57:09        0      1457    0,20    0,00    0,00    0,00    0,20     5  glances
18:57:09        0      1468    0,20    0,00    0,00    0,00    0,20     6  tailscaled
18:57:09        0      1489    0,40    0,00    0,00    0,00    0,40     4  containerd
18:57:09        0      2351    0,80    0,00    0,00    0,00    0,80     3  dockerd
18:57:09      117      2352    0,60    0,40    0,00    0,00    1,00     3  grafana
18:57:09        0      3170    1,00    1,00    0,00    0,00    2,00     5  mount.ntfs-3g
18:57:09        0      3227    0,00    0,20    0,00    0,00    0,20     3  containerd-shim
18:57:09      999      3405    0,20    0,00    0,00    0,00    0,20     7  redis-server
18:57:09     1000      9024    0,60    0,60    0,00    0,00    1,20     6  gnome-shell
18:57:09     1000      9200    0,20    0,00    0,00    0,00    0,20     4  anydesk
18:57:09     1000      9700    0,40    0,40    0,00    0,00    0,80     1  antigravity
18:57:09     1000      9756    1,00    0,20    0,00    0,00    1,20     0  antigravity
18:57:09     1000      9830    3,80    0,60    0,00    0,00    4,40     4  antigravity
18:57:09     1000     10074    1,20    1,40    0,00    0,00    2,60     3  language_server
18:57:09     1000     10121    0,40    0,20    0,00    0,00    0,60     2  antigravity
18:57:09     1000     10122    2,20    0,40    0,00    0,00    2,60     5  antigravity
18:57:09     1000     10187    2,20    0,20    0,00    0,00    2,40     3  antigravity
18:57:09     1000     11152    2,20    1,40    0,00    0,00    3,60     4  language_server
18:57:09     1000     11245    0,20    0,00    0,00    0,00    0,20     6  antigravity
18:57:09     1000     35702    0,00    0,20    0,00    0,00    0,20     7  pidstat

18:57:04      UID       PID  minflt/s  majflt/s     VSZ     RSS   %MEM  Command
18:57:09      115       927      5,00      0,00 2702228  118184   0,73  prometheus
18:57:09        0      3207     10,80      0,00 1235608   15600   0,10  containerd-shim
18:57:09        0      3227      8,40      0,00 1235352   14684   0,09  containerd-shim
18:57:09        0      3240      8,80      0,00 1235608   15544   0,10  containerd-shim
18:57:09        0      3246      1,00      0,00 1235608   15668   0,10  containerd-shim
18:57:09        0      3261      3,80      0,00 1235608   15748   0,10  containerd-shim
18:57:09     1000      9024      0,60      0,00 4676764  275444   1,70  gnome-shell
18:57:09     1000      9700     57,20      0,00 1461692876  304744   1,88  antigravity
18:57:09     1000      9756     32,40      0,00 34344112  165592   1,02  antigravity
18:57:09     1000      9767      0,60      0,00 33906012   82040   0,51  antigravity
18:57:09     1000      9830    365,00      0,00 1461374508  490664   3,02  antigravity
18:57:09     1000     10109      0,20      0,00 33951332   64948   0,40  antigravity
18:57:09     1000     10121    136,20      0,00 1461391740  124940   0,77  antigravity
18:57:09     1000     10122    354,00      0,00 1461343128  286388   1,76  antigravity
18:57:09     1000     10186      2,80      0,00 1478124976  122820   0,76  antigravity
18:57:09     1000     10187     46,20      0,00 1461358904  158664   0,98  antigravity
18:57:09     1000     11274      0,40      0,00 1459530528   92980   0,57  antigravity
18:57:09     1000     29312      0,40      0,00 1459530528   88312   0,54  antigravity
18:57:09     1000     33427      0,40      0,00    7664    3792   0,02  bash

18:57:04      UID       PID   kB_rd/s   kB_wr/s kB_ccwr/s iodelay  Command
18:57:09     1000     33427      0,00    600,76      0,00       0  bash
18:57:09     1000     35702      0,00      0,85      0,00       0  pidstat

Rata-rata:    UID       PID    %usr %system  %guest   %wait    %CPU   CPU  Command
Rata-rata:      0         1    0,06    0,03    0,00    0,00    0,09     -  systemd
Rata-rata:      0        17    0,00    0,02    0,00    0,00    0,02     -  ksoftirqd/0
Rata-rata:      0        18    0,00    0,05    0,00    0,02    0,05     -  rcu_preempt
Rata-rata:      0        51    0,00    0,02    0,00    0,00    0,02     -  ksoftirqd/5
Rata-rata:      0        86    0,00    0,05    0,00    0,00    0,05     -  irq/9-acpi
Rata-rata:      0       320    0,00    0,02    0,00    0,00    0,02     -  jbd2/sda6-8
Rata-rata:      0       413    0,00    0,02    0,00    0,00    0,02     -  systemd-udevd
Rata-rata:      0       721    0,00    0,02    0,00    4,06    0,02     -  kworker/u33:2-i915_flip
Rata-rata:    990       905    0,18    0,06    0,00    0,02    0,25     -  dbus-daemon
Rata-rata:    115       926    0,31    0,17    0,00    0,00    0,48     -  prometheus-node
Rata-rata:    115       927    0,15    0,03    0,00    0,00    0,18     -  prometheus
Rata-rata:      0       937    0,00    0,02    0,00    0,00    0,02     -  udisksd
Rata-rata:      0      1052    0,02    0,00    0,00    0,00    0,02     -  NetworkManager
Rata-rata:      0      1457    0,14    0,02    0,00    0,00    0,15     -  glances
Rata-rata:      0      1468    0,15    0,08    0,00    0,00    0,23     -  tailscaled
Rata-rata:      0      1479    0,02    0,02    0,00    0,00    0,03     -  anydesk
Rata-rata:      0      1489    0,35    0,12    0,00    0,00    0,48     -  containerd
Rata-rata:    111      1556    0,02    0,00    0,00    0,00    0,02     -  mariadbd
Rata-rata:    114      1684    0,02    0,00    0,00    0,00    0,02     -  postgres
Rata-rata:      0      2351    0,38    0,22    0,00    0,00    0,60     -  dockerd
Rata-rata:    117      2352    0,74    0,32    0,00    0,00    1,06     -  grafana
Rata-rata:      0      2381    0,00    0,02    0,00    0,00    0,02     -  upowerd
Rata-rata:      0      3170    0,42    0,35    0,00    0,00    0,77     -  mount.ntfs-3g
Rata-rata:      0      3207    0,05    0,06    0,00    0,00    0,11     -  containerd-shim
Rata-rata:      0      3227    0,03    0,09    0,00    0,00    0,12     -  containerd-shim
Rata-rata:      0      3240    0,08    0,05    0,00    0,00    0,12     -  containerd-shim
Rata-rata:      0      3246    0,03    0,09    0,00    0,00    0,12     -  containerd-shim
Rata-rata:      0      3261    0,08    0,03    0,00    0,00    0,11     -  containerd-shim
Rata-rata:    999      3405    0,38    0,05    0,00    0,00    0,43     -  redis-server
Rata-rata:   1000      9024    0,66    0,29    0,00    0,00    0,95     -  gnome-shell
Rata-rata:   1000      9138    0,00    0,02    0,00    0,00    0,02     -  gsd-housekeepin
Rata-rata:   1000      9156    0,02    0,00    0,00    0,00    0,02     -  gsd-rfkill
Rata-rata:   1000      9162    0,02    0,00    0,00    0,02    0,02     -  gsd-sharing
Rata-rata:   1000      9200    0,02    0,02    0,00    0,00    0,03     -  anydesk
Rata-rata:   1000      9349    0,02    0,00    0,00    0,00    0,02     -  gvfs-udisks2-vo
Rata-rata:   1000      9482    0,02    0,00    0,00    0,00    0,02     -  localsearch-3
Rata-rata:   1000      9619    0,02    0,00    0,00    0,00    0,02     -  xdg-desktop-por
Rata-rata:      0      9672    0,02    0,00    0,00    0,00    0,02     -  fwupd
Rata-rata:   1000      9700    0,26    0,15    0,00    0,02    0,42     -  antigravity
Rata-rata:   1000      9756    0,38    0,11    0,00    0,02    0,49     -  antigravity
Rata-rata:   1000      9830    4,44    0,25    0,00    0,03    4,69     -  antigravity
Rata-rata:   1000     10074    1,51    1,37    0,00    0,03    2,88     -  language_server
Rata-rata:   1000     10121    0,15    0,17    0,00    0,00    0,32     -  antigravity
Rata-rata:   1000     10122    1,23    0,34    0,00    0,00    1,57     -  antigravity
Rata-rata:   1000     10186    0,02    0,00    0,00    0,00    0,02     -  antigravity
Rata-rata:   1000     10187    0,89    0,09    0,00    0,00    0,98     -  antigravity
Rata-rata:   1000     11152    1,51    1,34    0,00    0,03    2,84     -  language_server
Rata-rata:   1000     11245    0,02    0,00    0,00    0,00    0,02     -  antigravity
Rata-rata:      0     16329    0,00    0,02    0,00    0,69    0,02     -  kworker/u32:2-kvfree_rcu_reclaim
Rata-rata:      0     30858    0,00    0,02    0,00    0,25    0,02     -  kworker/u32:3-events_unbound
Rata-rata:      0     32262    0,02    0,00    0,00    0,00    0,02     -  kworker/7:3-events
Rata-rata:      0     33252    0,00    0,03    0,00    0,03    0,03     -  kworker/0:2-events
Rata-rata:      0     34004    0,00    0,02    0,00    0,02    0,02     -  kworker/2:1-events
Rata-rata:   1000     35702    0,11    0,28    0,00    0,00    0,38     -  pidstat

Rata-rata:    UID       PID  minflt/s  majflt/s     VSZ     RSS   %MEM  Command
Rata-rata:      0       381      3,84      0,00  136916   82520   0,51  systemd-journal
Rata-rata:      0       413      8,63      0,00   37696   11516   0,07  systemd-udevd
Rata-rata:    115       926     20,58      0,00 1687812   25190   0,16  prometheus-node
Rata-rata:    115       927      0,82      0,00 2702228  118066   0,73  prometheus
Rata-rata:      0      1489      1,98      0,00 2242640   65692   0,40  containerd
Rata-rata:    114      1588      0,29      0,00  218252   30140   0,19  postgres
Rata-rata:    117      2352      0,23      0,00 1830016  333688   2,06  grafana
Rata-rata:      0      3207      7,93      0,00 1235608   15136   0,09  containerd-shim
Rata-rata:      0      3227      6,77      0,00 1235352   14417   0,09  containerd-shim
Rata-rata:      0      3240      6,66      0,00 1235608   15460   0,10  containerd-shim
Rata-rata:      0      3246      7,26      0,00 1235608   15723   0,10  containerd-shim
Rata-rata:      0      3261      5,94      0,00 1235608   15678   0,10  containerd-shim
Rata-rata:     70      3383      0,42      0,00  174540   26160   0,16  postgres
Rata-rata:      0      3422      0,02      0,00  743168   82132   0,51  node
Rata-rata:   1000      9024      3,43      0,00 4676794  275331   1,70  gnome-shell
Rata-rata:   1000      9700     55,42      0,00 1461692876  304191   1,87  antigravity
Rata-rata:   1000      9756     13,39      0,00 34336959  165471   1,02  antigravity
Rata-rata:   1000      9767      0,74      0,00 33906012   82040   0,51  antigravity
Rata-rata:   1000      9830    296,22      0,00 1461371613  489768   3,02  antigravity
Rata-rata:   1000      9890      0,06      0,00 1459609232  173768   1,07  antigravity
Rata-rata:   1000     10074      4,27      0,00 5034116  369924   2,28  language_server
Rata-rata:   1000     10109      0,25      0,00 33951332   64948   0,40  antigravity
Rata-rata:   1000     10121     37,57      0,00 1461391740  124883   0,77  antigravity
Rata-rata:   1000     10122    325,31      0,00 1461343128  285655   1,76  antigravity
Rata-rata:   1000     10186      3,46      0,00 1478124976  122820   0,76  antigravity
Rata-rata:   1000     10187     32,55      0,00 1461358904  158525   0,98  antigravity
Rata-rata:   1000     11274      0,03      0,00 1459530528   92980   0,57  antigravity
Rata-rata:   1000     29312      0,40      0,00 1459530528   88253   0,54  antigravity
Rata-rata:   1000     33427      0,03      0,00    7664    3792   0,02  bash
Rata-rata:   1000     35702      0,65      0,00    5976    4877   0,03  pidstat

Rata-rata:    UID       PID   kB_rd/s   kB_wr/s kB_ccwr/s iodelay  Command
Rata-rata:   1000     10122      0,00      0,25      0,00       0  antigravity
Rata-rata:   1000     33427      0,00     46,19      0,00       0  bash
Rata-rata:   1000     35702      0,00      0,76      0,00       0  pidstat
