Linux 6.12.94+deb13-amd64 (debian) 	24/06/26 	_x86_64_	(8 CPU)

18:58:16      UID       PID    %usr %system  %guest   %wait    %CPU   CPU  Command
18:58:21        0         1    0,20    0,00    0,00    0,00    0,20     7  systemd
18:58:21        0        18    0,00    0,20    0,00    0,40    0,20     4  rcu_preempt
18:58:21      102       896    0,00    0,20    0,00    0,00    0,20     0  avahi-daemon
18:58:21      990       905    0,60    0,40    0,00    0,00    1,00     0  dbus-daemon
18:58:21      115       926    1,79    0,40    0,00    0,00    2,19     1  prometheus-node
18:58:21      115       927    0,20    0,00    0,00    0,00    0,20     1  prometheus
18:58:21        0      1468    0,40    0,20    0,00    0,00    0,60     7  tailscaled
18:58:21        0      1489    0,20    0,40    0,00    0,00    0,60     4  containerd
18:58:21        0      2351    0,40    0,00    0,00    0,00    0,40     3  dockerd
18:58:21      117      2352    1,00    0,00    0,00    0,00    1,00     3  grafana
18:58:21        0      3170    0,20    0,60    0,00    0,20    0,80     7  mount.ntfs-3g
18:58:21        0      3207    0,20    0,00    0,00    0,00    0,20     6  containerd-shim
18:58:21        0      3227    0,20    0,20    0,00    0,00    0,40     3  containerd-shim
18:58:21        0      3261    0,20    0,00    0,00    0,00    0,20     3  containerd-shim
18:58:21      999      3405    0,40    0,00    0,00    0,00    0,40     4  redis-server
18:58:21     1000      9024    1,59    0,40    0,00    0,20    1,99     4  gnome-shell
18:58:21     1000      9700    1,20    0,20    0,00    0,20    1,39     5  antigravity
18:58:21     1000      9756    1,20    0,40    0,00    0,00    1,59     2  antigravity
18:58:21     1000      9830   19,12    0,80    0,00    0,80   19,92     6  antigravity
18:58:21     1000     10074    1,39    1,00    0,00    0,00    2,39     0  language_server
18:58:21     1000     10121    0,40    0,20    0,00    0,00    0,60     0  antigravity
18:58:21     1000     10122    1,99    0,40    0,00    0,00    2,39     2  antigravity
18:58:21     1000     10187    2,39    0,40    0,00    0,60    2,79     4  antigravity
18:58:21     1000     11152    1,20    1,59    0,00    0,40    2,79     1  language_server
18:58:21     1000     11274    0,20    0,00    0,00    0,00    0,20     6  antigravity
18:58:21        0     33252    0,00    0,20    0,00    0,40    0,20     0  kworker/0:2-events
18:58:21     1000     36557    0,20    0,00    0,00    0,00    0,20     3  pidstat
18:58:21     1000     36588   80,68    5,78    0,00    0,00   86,45     4  java

18:58:16      UID       PID  minflt/s  majflt/s     VSZ     RSS   %MEM  Command
18:58:21      115       926     52,19      0,00 1687812   25260   0,16  prometheus-node
18:58:21      115       927      0,40      0,00 2702228  118184   0,73  prometheus
18:58:21      114      1588      3,78      0,00  218252   30140   0,19  postgres
18:58:21        0      3207      0,60      0,00 1235608   14696   0,09  containerd-shim
18:58:21        0      3227      9,56      0,00 1235352   14500   0,09  containerd-shim
18:58:21        0      3240      0,80      0,00 1235608   14808   0,09  containerd-shim
18:58:21        0      3246      5,38      0,00 1235608   15212   0,09  containerd-shim
18:58:21        0      3261      1,79      0,00 1235608   15128   0,09  containerd-shim
18:58:21     1000      9024      0,00      0,00 4672668  275444   1,70  gnome-shell
18:58:21     1000      9700     61,55      0,00 1461692876  304572   1,88  antigravity
18:58:21     1000      9756      8,17      0,00 34341184  165376   1,02  antigravity
18:58:21     1000      9767      0,60      0,00 33906012   82040   0,51  antigravity
18:58:21     1000      9830    515,34      0,00 1461371884  487804   3,01  antigravity
18:58:21     1000     10109      0,20      0,00 33951332   64948   0,40  antigravity
18:58:21     1000     10121    135,66      0,00 1461391740  125412   0,77  antigravity
18:58:21     1000     10122    367,93      0,00 1461343128  285092   1,76  antigravity
18:58:21     1000     10186      2,79      0,00 1478124976  122820   0,76  antigravity
18:58:21     1000     10187     39,64      0,00 1461358904  157604   0,97  antigravity
18:58:21     1000     36557      0,80      0,00    5920    4844   0,03  pidstat
18:58:21     1000     36558      4,18      0,00    2676    1788   0,01  jmeter
18:58:21     1000     36588   5149,40      0,00 6043924  209392   1,29  java

18:58:16      UID       PID   kB_rd/s   kB_wr/s kB_ccwr/s iodelay  Command
18:58:21     1000     36588      0,00      2,15      0,00       0  java

18:58:21      UID       PID    %usr %system  %guest   %wait    %CPU   CPU  Command
18:58:26        0        86    0,00    0,20    0,00    0,00    0,20     0  irq/9-acpi
18:58:26      115       927    0,20    0,00    0,00    0,00    0,20     3  prometheus
18:58:26        0      1457    0,20    0,00    0,00    0,00    0,20     5  glances
18:58:26        0      1489    0,40    0,00    0,00    0,00    0,40     4  containerd
18:58:26        0      2351    0,40    0,20    0,00    0,00    0,60     3  dockerd
18:58:26      117      2352    2,00    0,20    0,00    0,00    2,20     3  grafana
18:58:26        0      3170    0,20    0,20    0,00    0,00    0,40     3  mount.ntfs-3g
18:58:26        0      3227    0,00    0,20    0,00    0,00    0,20     3  containerd-shim
18:58:26        0      3240    0,00    0,20    0,00    0,00    0,20     1  containerd-shim
18:58:26        0      3246    0,00    0,20    0,00    0,00    0,20     0  containerd-shim
18:58:26        0      3261    0,00    0,20    0,00    0,00    0,20     3  containerd-shim
18:58:26      999      3405    0,40    0,00    0,00    0,00    0,40     4  redis-server
18:58:26     1000      9024    0,60    0,20    0,00    0,00    0,80     4  gnome-shell
18:58:26     1000      9200    0,00    0,20    0,00    0,00    0,20     4  anydesk
18:58:26     1000      9700    0,20    0,00    0,00    0,00    0,20     5  antigravity
18:58:26     1000      9830    0,60    0,20    0,00    0,00    0,80     6  antigravity
18:58:26     1000     10074    1,60    1,00    0,00    0,00    2,60     4  language_server
18:58:26     1000     10121    0,20    0,20    0,00    0,00    0,40     0  antigravity
18:58:26     1000     10122    0,60    0,20    0,00    0,00    0,80     4  antigravity
18:58:26     1000     10187    0,60    0,20    0,00    0,00    0,80     1  antigravity
18:58:26     1000     11152    2,00    1,00    0,00    0,00    3,00     0  language_server
18:58:26        0     25979    0,00    0,20    0,00    0,00    0,20     4  kworker/u32:4-kvfree_rcu_reclaim
18:58:26        0     35578    0,20    0,00    0,00    0,00    0,20     5  kworker/5:0-events
18:58:26     1000     36557    0,00    0,40    0,00    0,00    0,40     4  pidstat
18:58:26     1000     36588    3,80    0,20    0,00    0,00    4,00     4  java

18:58:21      UID       PID  minflt/s  majflt/s     VSZ     RSS   %MEM  Command
18:58:26        0      1489     10,20      0,00 2242640   65596   0,40  containerd
18:58:26      117      2352      3,20      0,00 1830016  333816   2,06  grafana
18:58:26        0      3207      9,40      0,00 1235608   14824   0,09  containerd-shim
18:58:26        0      3227      9,00      0,00 1235352   14500   0,09  containerd-shim
18:58:26        0      3240      9,80      0,00 1235608   14808   0,09  containerd-shim
18:58:26        0      3246     12,20      0,00 1235608   15340   0,09  containerd-shim
18:58:26        0      3261     10,60      0,00 1235608   15256   0,09  containerd-shim
18:58:26     1000      9024      6,60      0,00 4672668  275444   1,70  gnome-shell
18:58:26     1000      9700     40,00      0,00 1461692876  304532   1,88  antigravity
18:58:26     1000      9756      1,80      0,00 34332732  164928   1,02  antigravity
18:58:26     1000      9767      1,20      0,00 33906012   82040   0,51  antigravity
18:58:26     1000      9830     52,00      0,00 1461371884  487636   3,00  antigravity
18:58:26     1000     10109      0,40      0,00 33951332   64948   0,40  antigravity
18:58:26     1000     10121     12,60      0,00 1461391740  125412   0,77  antigravity
18:58:26     1000     10122     83,60      0,00 1461343128  285240   1,76  antigravity
18:58:26     1000     10186      2,80      0,00 1478124976  122820   0,76  antigravity
18:58:26     1000     10187      2,40      0,00 1461358904  157604   0,97  antigravity
18:58:26     1000     36588     47,60      0,00 6043924  210160   1,29  java

18:58:21      UID       PID   kB_rd/s   kB_wr/s kB_ccwr/s iodelay  Command
18:58:26     1000     36557      0,00      0,89      0,00       0  pidstat
18:58:26     1000     36588      0,00      0,17      0,00       0  java

18:58:26      UID       PID    %usr %system  %guest   %wait    %CPU   CPU  Command
18:58:31        0      1457    0,20    0,00    0,00    0,00    0,20     5  glances
18:58:31        0      1468    0,00    0,20    0,00    0,00    0,20     7  tailscaled
18:58:31        0      1489    0,40    0,20    0,00    0,00    0,60     4  containerd
18:58:31      111      1556    0,20    0,00    0,00    0,00    0,20     5  mariadbd
18:58:31        0      2351    0,40    0,20    0,00    0,00    0,60     3  dockerd
18:58:31      117      2352    0,80    0,20    0,00    0,00    1,00     3  grafana
18:58:31        0      3170    0,00    0,20    0,00    0,00    0,20     4  mount.ntfs-3g
18:58:31        0      3207    0,00    0,20    0,00    0,00    0,20     6  containerd-shim
18:58:31      999      3405    0,40    0,20    0,00    0,00    0,60     7  redis-server
18:58:31     1000      9024    0,40    0,40    0,00    0,00    0,80     6  gnome-shell
18:58:31     1000      9700    0,20    0,00    0,00    0,00    0,20     5  antigravity
18:58:31     1000      9756    0,40    0,00    0,00    0,00    0,40     4  antigravity
18:58:31     1000      9830    0,80    0,20    0,00    0,00    1,00     1  antigravity
18:58:31     1000     10074    1,40    1,40    0,00    0,00    2,80     1  language_server
18:58:31     1000     10122    0,80    0,20    0,00    0,00    1,00     2  antigravity
18:58:31     1000     10187    0,40    0,20    0,00    0,00    0,60     2  antigravity
18:58:31     1000     11152    1,40    1,60    0,00    0,00    3,00     5  language_server
18:58:31     1000     36557    0,20    0,20    0,00    0,00    0,40     6  pidstat
18:58:31     1000     36588    4,60    0,20    0,00    0,00    4,80     4  java

18:58:26      UID       PID  minflt/s  majflt/s     VSZ     RSS   %MEM  Command
18:58:31        0      1489      6,60      0,00 2242640   65852   0,41  containerd
18:58:31        0      3207     15,20      0,00 1235608   14952   0,09  containerd-shim
18:58:31        0      3227     13,00      0,00 1235352   14628   0,09  containerd-shim
18:58:31        0      3240     12,00      0,00 1235608   14936   0,09  containerd-shim
18:58:31        0      3246     10,60      0,00 1235608   15468   0,10  containerd-shim
18:58:31        0      3261     12,00      0,00 1235608   15384   0,09  containerd-shim
18:58:31       70      3383      4,40      0,00  174540   26160   0,16  postgres
18:58:31     1000      9024      0,40      0,00 4672668  275444   1,70  gnome-shell
18:58:31     1000      9700     34,20      0,00 1461692876  304568   1,88  antigravity
18:58:31     1000      9756      4,80      0,00 34324668  164928   1,02  antigravity
18:58:31     1000      9767      0,60      0,00 33906012   82040   0,51  antigravity
18:58:31     1000      9830     71,40      0,00 1461371884  488532   3,01  antigravity
18:58:31     1000     10109      0,20      0,00 33951332   64948   0,40  antigravity
18:58:31     1000     10121     16,40      0,00 1461391740  125412   0,77  antigravity
18:58:31     1000     10122     32,00      0,00 1461343128  284800   1,75  antigravity
18:58:31     1000     10186      5,60      0,00 1478124976  122820   0,76  antigravity
18:58:31     1000     10187      5,60      0,00 1461358904  157604   0,97  antigravity
18:58:31     1000     36588     46,40      0,00 6043924  210928   1,30  java

18:58:26      UID       PID   kB_rd/s   kB_wr/s kB_ccwr/s iodelay  Command
18:58:31     1000     36557      0,00      0,81      0,00       0  pidstat
18:58:31     1000     36588      0,00      1,81      0,00       0  java

18:58:31      UID       PID    %usr %system  %guest   %wait    %CPU   CPU  Command
18:58:36        0         1    0,40    0,20    0,00    0,00    0,60     2  systemd
18:58:36        0       381    0,20    0,00    0,00    0,00    0,20     6  systemd-journal
18:58:36        0       413    0,00    0,20    0,00    0,00    0,20     1  systemd-udevd
18:58:36      990       905    1,00    0,00    0,00    0,00    1,00     0  dbus-daemon
18:58:36      115       926    1,00    0,60    0,00    0,00    1,60     1  prometheus-node
18:58:36      115       927    0,40    0,00    0,00    0,00    0,40     3  prometheus
18:58:36        0       936    0,20    0,00    0,00    0,00    0,20     1  systemd-logind
18:58:36        0      1052    0,20    0,20    0,00    0,00    0,40     0  NetworkManager
18:58:36        0      1468    0,40    0,00    0,00    0,00    0,40     7  tailscaled
18:58:36        0      1489    1,00    0,20    0,00    0,00    1,20     4  containerd
18:58:36        0      2350    0,20    0,00    0,00    0,00    0,20     3  cups-browsed
18:58:36        0      2351    0,80    0,80    0,00    0,00    1,60     3  dockerd
18:58:36      117      2352    0,60    0,40    0,00    0,00    1,00     3  grafana
18:58:36        0      3170    0,20    0,20    0,00    0,00    0,40     0  mount.ntfs-3g
18:58:36        0      3207    0,20    0,00    0,00    0,00    0,20     6  containerd-shim
18:58:36        0      3240    0,00    0,20    0,00    0,00    0,20     1  containerd-shim
18:58:36        0      3246    0,20    0,00    0,00    0,00    0,20     0  containerd-shim
18:58:36      999      3405    0,40    0,00    0,00    0,00    0,40     7  redis-server
18:58:36     1000      8864    0,20    0,20    0,00    0,00    0,40     1  systemd
18:58:36     1000      8888    0,20    0,00    0,00    0,00    0,20     5  dbus-daemon
18:58:36     1000      9024    1,00    0,20    0,00    0,00    1,20     0  gnome-shell
18:58:36     1000      9138    0,00    0,20    0,00    0,00    0,20     3  gsd-housekeepin
18:58:36     1000      9349    0,20    0,00    0,00    0,00    0,20     7  gvfs-udisks2-vo
18:58:36        0      9672    0,00    0,20    0,00    0,00    0,20     7  fwupd
18:58:36     1000      9700    0,20    0,00    0,00    0,00    0,20     2  antigravity
18:58:36     1000      9830    0,60    0,00    0,00    0,00    0,60     0  antigravity
18:58:36     1000     10074    1,20    1,20    0,00    0,00    2,40     5  language_server
18:58:36     1000     10121    0,40    0,20    0,00    0,00    0,60     0  antigravity
18:58:36     1000     10122    0,60    0,20    0,00    0,00    0,80     4  antigravity
18:58:36     1000     10187    0,60    0,20    0,00    0,00    0,80     3  antigravity
18:58:36     1000     11152    1,20    1,60    0,00    0,00    2,79     5  language_server
18:58:36     1000     36557    0,20    0,20    0,00    0,00    0,40     7  pidstat
18:58:36     1000     36588    3,59    0,00    0,00    0,00    3,59     4  java

18:58:31      UID       PID  minflt/s  majflt/s     VSZ     RSS   %MEM  Command
18:58:36        0       381     45,31      0,00  136916   82520   0,51  systemd-journal
18:58:36        0       413    109,98      0,00   37696   11516   0,07  systemd-udevd
18:58:36      115       926     72,85      0,00 1687812   25248   0,16  prometheus-node
18:58:36      115       927      0,40      0,00 2702228  118184   0,73  prometheus
18:58:36        0      1489     18,36      0,00 2242640   66108   0,41  containerd
18:58:36        0      2351      0,40      0,00 3433248  108444   0,67  dockerd
18:58:36        0      3207     11,98      0,00 1235608   15080   0,09  containerd-shim
18:58:36        0      3227      6,59      0,00 1235352   14756   0,09  containerd-shim
18:58:36        0      3240      6,79      0,00 1235608   15192   0,09  containerd-shim
18:58:36        0      3246     10,78      0,00 1235608   15724   0,10  containerd-shim
18:58:36        0      3261     10,38      0,00 1235608   15640   0,10  containerd-shim
18:58:36     1000      9024      8,18      0,00 4672668  275444   1,70  gnome-shell
18:58:36     1000      9700     33,73      0,00 1461692876  304436   1,88  antigravity
18:58:36     1000      9756      0,60      0,00 34324668  164928   1,02  antigravity
18:58:36     1000      9767      0,60      0,00 33906012   82040   0,51  antigravity
18:58:36     1000      9830     70,46      0,00 1461371884  489012   3,01  antigravity
18:58:36     1000     10109      0,20      0,00 33951332   64948   0,40  antigravity
18:58:36     1000     10121    125,15      0,00 1461391740  125404   0,77  antigravity
18:58:36     1000     10122     22,16      0,00 1461343128  284800   1,75  antigravity
18:58:36     1000     10186      3,19      0,00 1478124976  122820   0,76  antigravity
18:58:36     1000     10187      2,99      0,00 1461358904  157604   0,97  antigravity
18:58:36     1000     36588     52,89      0,00 6043924  211952   1,31  java
18:58:36        0     36764     62,67      0,00   37700    7324   0,05  (udev-worker)
18:58:36        0     36776     28,14      0,00   37700    7004   0,04  (udev-worker)
18:58:36        0     36778     28,14      0,00   37700    7004   0,04  (udev-worker)
18:58:36        0     36779     27,54      0,00   37700    7004   0,04  (udev-worker)
18:58:36        0     36780     36,33      0,00   37700    7004   0,04  (udev-worker)
18:58:36        0     36781     28,54      0,00   37700    7004   0,04  (udev-worker)
18:58:36        0     36782     28,14      0,00   37700    7004   0,04  (udev-worker)
18:58:36        0     36784     27,94      0,00   37700    7004   0,04  (udev-worker)
18:58:36        0     36785     27,74      0,00   37700    6932   0,04  (udev-worker)
18:58:36        0     36786     27,94      0,00   37700    7004   0,04  (udev-worker)
18:58:36        0     36788     27,74      0,00   37700    7004   0,04  (udev-worker)
18:58:36        0     36789     27,74      0,00   37700    7004   0,04  (udev-worker)
18:58:36        0     36790     27,54      0,00   37700    7004   0,04  (udev-worker)
18:58:36        0     36791     27,94      0,00   37700    7004   0,04  (udev-worker)
18:58:36        0     36792     60,68      0,00   37700    7260   0,04  (udev-worker)
18:58:36        0     36793     28,14      0,00   37700    7004   0,04  (udev-worker)

18:58:31      UID       PID   kB_rd/s   kB_wr/s kB_ccwr/s iodelay  Command
18:58:36     1000     36557      0,00      0,70      0,00       0  pidstat
18:58:36     1000     36588      0,00      0,17      0,00       0  java

18:58:36      UID       PID    %usr %system  %guest   %wait    %CPU   CPU  Command
18:58:41        0        44    0,00    0,20    0,00    0,00    0,20     4  migration/4
18:58:41        0       721    0,00    0,20    0,00    0,00    0,20     0  kworker/u33:2-i915_flip
18:58:41        0      1457    0,20    0,00    0,00    0,00    0,20     5  glances
18:58:41        0      1489    0,20    0,00    0,00    0,00    0,20     4  containerd
18:58:41        0      1599    0,20    0,00    0,00    0,00    0,20     0  apache2
18:58:41        0      2351    0,20    0,20    0,00    0,00    0,40     3  dockerd
18:58:41      117      2352    0,60    0,40    0,00    0,00    1,00     3  grafana
18:58:41        0      3170    0,00    0,40    0,00    0,00    0,40     6  mount.ntfs-3g
18:58:41        0      3227    0,00    0,20    0,00    0,00    0,20     3  containerd-shim
18:58:41        0      3240    0,00    0,20    0,00    0,00    0,20     1  containerd-shim
18:58:41        0      3246    0,00    0,20    0,00    0,00    0,20     0  containerd-shim
18:58:41        0      3261    0,00    0,20    0,00    0,00    0,20     3  containerd-shim
18:58:41      999      3405    0,40    0,00    0,00    0,00    0,40     0  redis-server
18:58:41     1000      9024    0,20    0,40    0,00    0,00    0,60     3  gnome-shell
18:58:41     1000      9700    0,20    0,00    0,00    0,00    0,20     7  antigravity
18:58:41     1000      9756    0,20    0,00    0,00    0,00    0,20     4  antigravity
18:58:41     1000      9830    0,80    0,00    0,00    0,00    0,80     1  antigravity
18:58:41     1000     10074    1,60    1,40    0,00    0,20    3,00     7  language_server
18:58:41     1000     10121    0,20    0,20    0,00    0,00    0,40     0  antigravity
18:58:41     1000     10122    0,60    0,20    0,00    0,00    0,80     5  antigravity
18:58:41     1000     10187    0,60    0,00    0,00    0,00    0,60     5  antigravity
18:58:41     1000     11152    1,60    1,40    0,00    0,00    3,00     1  language_server
18:58:41     1000     36557    0,40    0,00    0,00    0,00    0,40     1  pidstat
18:58:41     1000     36588    4,80    0,20    0,00    0,00    5,00     4  java

18:58:36      UID       PID  minflt/s  majflt/s     VSZ     RSS   %MEM  Command
18:58:41        0       413      1,20      0,00   37696   11516   0,07  systemd-udevd
18:58:41        0      3207      0,60      0,00 1235608   15080   0,09  containerd-shim
18:58:41        0      3227      0,60      0,00 1235352   14756   0,09  containerd-shim
18:58:41        0      3240      8,00      0,00 1235608   15320   0,09  containerd-shim
18:58:41        0      3246      5,40      0,00 1235608   15724   0,10  containerd-shim
18:58:41        0      3261      5,20      0,00 1235608   15640   0,10  containerd-shim
18:58:41     1000      9024      0,40      0,00 4672668  275444   1,70  gnome-shell
18:58:41     1000      9700     34,20      0,00 1461692876  304456   1,88  antigravity
18:58:41     1000      9756      1,20      0,00 34324668  164928   1,02  antigravity
18:58:41     1000      9767      0,60      0,00 33906012   82040   0,51  antigravity
18:58:41     1000      9830     57,00      0,00 1461371884  489780   3,02  antigravity
18:58:41     1000     10109      0,20      0,00 33951332   64948   0,40  antigravity
18:58:41     1000     10121      4,20      0,00 1461391740  125404   0,77  antigravity
18:58:41     1000     10122     19,40      0,00 1461343128  284800   1,75  antigravity
18:58:41     1000     10186      2,80      0,00 1478124976  122820   0,76  antigravity
18:58:41     1000     10187      2,80      0,00 1461358904  157604   0,97  antigravity
18:58:41     1000     36557      7,40      0,00    6052    4972   0,03  pidstat
18:58:41     1000     36588    198,60      0,00 6043924  216304   1,33  java

18:58:36      UID       PID   kB_rd/s   kB_wr/s kB_ccwr/s iodelay  Command
18:58:41     1000     36557      0,00      1,28      0,00       0  pidstat
18:58:41     1000     36588      0,00      1,77      0,00       0  java

18:58:41      UID       PID    %usr %system  %guest   %wait    %CPU   CPU  Command
18:58:46        0        18    0,00    0,20    0,00    0,00    0,20     6  rcu_preempt
18:58:46      115       927    0,20    0,00    0,00    0,00    0,20     3  prometheus
18:58:46        0      1457    0,20    0,00    0,00    0,00    0,20     5  glances
18:58:46        0      1489    0,20    0,40    0,00    0,00    0,60     4  containerd
18:58:46        0      2351    0,40    0,00    0,00    0,00    0,40     3  dockerd
18:58:46      117      2352    0,60    0,40    0,00    0,00    1,00     3  grafana
18:58:46        0      3170    0,40    0,40    0,00    0,00    0,80     6  mount.ntfs-3g
18:58:46        0      3207    0,00    0,20    0,00    0,00    0,20     6  containerd-shim
18:58:46        0      3227    0,20    0,00    0,00    0,00    0,20     3  containerd-shim
18:58:46      999      3405    0,40    0,00    0,00    0,00    0,40     0  redis-server
18:58:46     1000      9024    0,60    0,40    0,00    0,00    1,00     2  gnome-shell
18:58:46     1000      9700    0,20    0,20    0,00    0,00    0,40     2  antigravity
18:58:46     1000      9756    0,20    0,20    0,00    0,00    0,40     4  antigravity
18:58:46     1000      9830    1,40    0,40    0,00    0,00    1,80     0  antigravity
18:58:46     1000     10074    1,40    1,60    0,00    0,00    3,00     5  language_server
18:58:46     1000     10121    0,20    0,00    0,00    0,00    0,20     0  antigravity
18:58:46     1000     10122    1,00    0,60    0,00    0,00    1,60     5  antigravity
18:58:46     1000     10187    0,40    0,20    0,00    0,00    0,60     2  antigravity
18:58:46     1000     11152    0,80    1,80    0,00    0,00    2,60     1  language_server
18:58:46     1000     36557    0,00    0,40    0,00    0,00    0,40     1  pidstat
18:58:46     1000     36588    3,20    0,20    0,00    0,00    3,40     4  java

18:58:41      UID       PID  minflt/s  majflt/s     VSZ     RSS   %MEM  Command
18:58:46        0      3207      4,20      0,00 1235608   15080   0,09  containerd-shim
18:58:46        0      3227      3,40      0,00 1235352   14756   0,09  containerd-shim
18:58:46        0      3240     10,40      0,00 1235608   15316   0,09  containerd-shim
18:58:46        0      3246     10,20      0,00 1235608   15852   0,10  containerd-shim
18:58:46        0      3261      3,80      0,00 1235608   15768   0,10  containerd-shim
18:58:46     1000      9024      6,60      0,00 4672668  275316   1,70  gnome-shell
18:58:46     1000      9700     62,00      0,00 1461692876  304372   1,88  antigravity
18:58:46     1000      9756     14,60      0,00 34337252  165184   1,02  antigravity
18:58:46     1000      9767      1,20      0,00 33906012   82040   0,51  antigravity
18:58:46     1000      9830    348,80      0,00 1461371884  492620   3,03  antigravity
18:58:46     1000     10109      0,40      0,00 33951332   64948   0,40  antigravity
18:58:46     1000     10121      2,40      0,00 1461391740  125404   0,77  antigravity
18:58:46     1000     10122    358,60      0,00 1461343128  285836   1,76  antigravity
18:58:46     1000     10186      2,80      0,00 1478124976  122820   0,76  antigravity
18:58:46     1000     10187     31,60      0,00 1461358904  158116   0,97  antigravity
18:58:46     1000     36588    119,60      0,00 6043924  214384   1,32  java

18:58:41      UID       PID   kB_rd/s   kB_wr/s kB_ccwr/s iodelay  Command
18:58:46     1000     10122      0,00      0,80      0,00       0  antigravity
18:58:46     1000     36557      0,00      0,79      0,00       0  pidstat
18:58:46     1000     36588      0,00      0,03      0,00       0  java

18:58:46      UID       PID    %usr %system  %guest   %wait    %CPU   CPU  Command
18:58:51        0         1    0,20    0,20    0,00    0,00    0,40     2  systemd
18:58:51        0        86    0,00    0,20    0,00    0,00    0,20     0  irq/9-acpi
18:58:51      990       905    0,40    0,20    0,00    0,00    0,60     0  dbus-daemon
18:58:51      115       926    1,20    0,40    0,00    0,00    1,60     1  prometheus-node
18:58:51      115       927    0,20    0,00    0,00    0,00    0,20     1  prometheus
18:58:51        0      1468    0,20    0,20    0,00    0,00    0,40     7  tailscaled
18:58:51        0      1489    0,20    0,00    0,00    0,00    0,20     4  containerd
18:58:51        0      2351    0,40    0,20    0,00    0,00    0,60     3  dockerd
18:58:51      117      2352    0,80    0,20    0,00    0,00    1,00     3  grafana
18:58:51        0      3170    0,20    0,40    0,00    0,00    0,60     0  mount.ntfs-3g
18:58:51        0      3207    0,20    0,00    0,00    0,00    0,20     6  containerd-shim
18:58:51        0      3240    0,20    0,00    0,00    0,00    0,20     1  containerd-shim
18:58:51        0      3246    0,20    0,00    0,00    0,00    0,20     0  containerd-shim
18:58:51        0      3261    0,20    0,20    0,00    0,00    0,40     3  containerd-shim
18:58:51      999      3405    0,40    0,20    0,00    0,00    0,60     7  redis-server
18:58:51     1000      9024    0,40    0,00    0,00    0,00    0,40     4  gnome-shell
18:58:51     1000      9700    0,20    0,40    0,00    0,00    0,60     2  antigravity
18:58:51     1000      9756    0,40    0,00    0,00    0,00    0,40     3  antigravity
18:58:51     1000      9767    0,00    0,20    0,00    0,00    0,20     7  antigravity
18:58:51     1000      9830    1,20    0,00    0,00    0,00    1,20     1  antigravity
18:58:51     1000     10074    1,40    1,60    0,00    0,00    3,00     0  language_server
18:58:51     1000     10121    0,20    0,00    0,00    0,00    0,20     0  antigravity
18:58:51     1000     10122    1,20    0,60    0,00    0,00    1,80     5  antigravity
18:58:51     1000     10186    0,20    0,00    0,00    0,00    0,20     0  antigravity
18:58:51     1000     10187    0,60    0,00    0,00    0,00    0,60     7  antigravity
18:58:51     1000     11152    1,80    1,00    0,00    0,00    2,80     2  language_server
18:58:51     1000     29312    0,20    0,00    0,00    0,00    0,20     3  antigravity
18:58:51        0     33252    0,00    0,20    0,00    0,00    0,20     0  kworker/0:2-events_freezable
18:58:51     1000     36557    0,20    0,40    0,00    0,00    0,60     7  pidstat
18:58:51     1000     36588    2,40    0,20    0,00    0,00    2,60     4  java

18:58:46      UID       PID  minflt/s  majflt/s     VSZ     RSS   %MEM  Command
18:58:51      115       926     96,40      0,00 1687812   25404   0,16  prometheus-node
18:58:51        0      3207      1,60      0,00 1235608   14692   0,09  containerd-shim
18:58:51        0      3227      0,20      0,00 1235352   14288   0,09  containerd-shim
18:58:51        0      3240      1,80      0,00 1235608   14888   0,09  containerd-shim
18:58:51        0      3246      3,20      0,00 1235608   15576   0,10  containerd-shim
18:58:51        0      3261      7,40      0,00 1235608   15132   0,09  containerd-shim
18:58:51     1000      9024      0,60      0,00 4672732  275316   1,70  gnome-shell
18:58:51     1000      9700    117,60      0,00 1461692876  304792   1,88  antigravity
18:58:51     1000      9756     22,80      0,00 34337212  165440   1,02  antigravity
18:58:51     1000      9767      0,60      0,00 33906012   82040   0,51  antigravity
18:58:51     1000      9830    231,20      0,00 1461371884  495664   3,05  antigravity
18:58:51     1000     10109      0,20      0,00 33951332   64948   0,40  antigravity
18:58:51     1000     10121      1,80      0,00 1461391740  125404   0,77  antigravity
18:58:51     1000     10122    416,80      0,00 1461343128  285388   1,76  antigravity
18:58:51     1000     10186      5,60      0,00 1478124976  122820   0,76  antigravity
18:58:51     1000     10187     31,80      0,00 1461358904  157936   0,97  antigravity
18:58:51     1000     36588     21,60      0,00 6043924  214896   1,32  java

18:58:46      UID       PID   kB_rd/s   kB_wr/s kB_ccwr/s iodelay  Command
18:58:51     1000     36557      0,00      0,72      0,00       0  pidstat
18:58:51     1000     36588      0,00      1,60      0,00       0  java

18:58:51      UID       PID    %usr %system  %guest   %wait    %CPU   CPU  Command
18:58:56        0      1457    0,20    0,00    0,00    0,00    0,20     5  glances
18:58:56        0      1479    0,20    0,00    0,00    0,00    0,20     6  anydesk
18:58:56        0      1489    0,40    0,20    0,00    0,00    0,60     4  containerd
18:58:56        0      2351    0,40    0,00    0,00    0,00    0,40     3  dockerd
18:58:56      117      2352    0,60    0,40    0,00    0,00    1,00     3  grafana
18:58:56        0      3170    0,60    0,20    0,00    0,00    0,80     3  mount.ntfs-3g
18:58:56        0      3240    0,00    0,20    0,00    0,00    0,20     1  containerd-shim
18:58:56        0      3246    0,20    0,00    0,00    0,00    0,20     0  containerd-shim
18:58:56      999      3405    0,20    0,00    0,00    0,00    0,20     7  redis-server
18:58:56     1000      9024    0,60    0,60    0,00    0,00    1,20     4  gnome-shell
18:58:56     1000      9700    0,80    0,40    0,00    0,00    1,20     7  antigravity
18:58:56     1000      9756    0,20    0,20    0,00    0,00    0,40     3  antigravity
18:58:56     1000      9830   13,00    0,40    0,00    0,00   13,40     3  antigravity
18:58:56     1000     10074    1,60    1,80    0,00    0,00    3,40     0  language_server
18:58:56     1000     10121    0,20    0,00    0,00    0,00    0,20     0  antigravity
18:58:56     1000     10122    1,20    0,20    0,00    0,00    1,40     6  antigravity
18:58:56     1000     10187    0,60    0,00    0,00    0,00    0,60     1  antigravity
18:58:56     1000     11152    1,20    1,60    0,00    0,00    2,80     7  language_server
18:58:56     1000     36557    0,20    0,00    0,00    0,00    0,20     1  pidstat
18:58:56     1000     36588    2,00    0,00    0,00    0,00    2,00     4  java

18:58:51      UID       PID  minflt/s  majflt/s     VSZ     RSS   %MEM  Command
18:58:56        0      3207     13,00      0,00 1235608   14820   0,09  containerd-shim
18:58:56        0      3227      8,80      0,00 1235352   14416   0,09  containerd-shim
18:58:56        0      3240     11,40      0,00 1235608   15016   0,09  containerd-shim
18:58:56        0      3246      9,40      0,00 1235608   15832   0,10  containerd-shim
18:58:56        0      3261     13,60      0,00 1235608   15516   0,10  containerd-shim
18:58:56     1000      9024      6,40      0,00 4672732  275316   1,70  gnome-shell
18:58:56     1000      9700    123,60      0,00 1461692876  304692   1,88  antigravity
18:58:56     1000      9756     12,60      0,00 34336828  165308   1,02  antigravity
18:58:56     1000      9767      0,60      0,00 33906012   82040   0,51  antigravity
18:58:56     1000      9830    471,40      0,00 1461371884  490324   3,02  antigravity
18:58:56     1000      9890      4,60      0,00 1459609232  173760   1,07  antigravity
18:58:56     1000     10074     67,40      0,00 5034116  370496   2,28  language_server
18:58:56     1000     10109      0,20      0,00 33951332   64948   0,40  antigravity
18:58:56     1000     10121      2,00      0,00 1461391740  125404   0,77  antigravity
18:58:56     1000     10122    330,00      0,00 1461343128  285448   1,76  antigravity
18:58:56     1000     10186      2,80      0,00 1478124976  122820   0,76  antigravity
18:58:56     1000     10187     31,60      0,00 1461358904  158180   0,97  antigravity
18:58:56     1000     36588      9,20      0,00 6043924  215024   1,32  java

18:58:51      UID       PID   kB_rd/s   kB_wr/s kB_ccwr/s iodelay  Command
18:58:56     1000      9700      0,00      1,60      0,00       0  antigravity
18:58:56     1000     36557      0,00      0,88      0,00       0  pidstat
18:58:56     1000     36588      0,00      1,60      0,00       0  java

18:58:56      UID       PID    %usr %system  %guest   %wait    %CPU   CPU  Command
18:59:01      115       927    0,20    0,00    0,00    0,00    0,20     1  prometheus
18:59:01        0      1457    0,20    0,00    0,00    0,00    0,20     5  glances
18:59:01        0      1468    0,00    0,20    0,00    0,00    0,20     7  tailscaled
18:59:01        0      1489    0,20    0,20    0,00    0,00    0,40     4  containerd
18:59:01        0      2351    0,40    0,20    0,00    0,00    0,60     3  dockerd
18:59:01      117      2352    0,60    0,40    0,00    0,00    1,00     3  grafana
18:59:01        0      3170    0,40    0,40    0,00    0,00    0,80     2  mount.ntfs-3g
18:59:01        0      3207    0,20    0,00    0,00    0,00    0,20     6  containerd-shim
18:59:01        0      3227    0,20    0,00    0,00    0,00    0,20     3  containerd-shim
18:59:01      999      3405    0,40    0,00    0,00    0,00    0,40     7  redis-server
18:59:01     1000      9024    0,40    0,20    0,00    0,00    0,60     4  gnome-shell
18:59:01     1000      9700    0,20    0,00    0,00    0,00    0,20     5  antigravity
18:59:01     1000      9756    0,40    0,00    0,00    0,00    0,40     1  antigravity
18:59:01     1000      9830    1,40    0,20    0,00    0,00    1,60     1  antigravity
18:59:01     1000     10074    2,80    1,20    0,00    0,00    4,00     7  language_server
18:59:01     1000     10121    0,20    0,20    0,00    0,00    0,40     1  antigravity
18:59:01     1000     10122    1,20    0,40    0,00    0,00    1,60     6  antigravity
18:59:01     1000     10187    0,60    0,20    0,00    0,00    0,80     1  antigravity
18:59:01     1000     11152    1,60    1,20    0,00    0,00    2,80     0  language_server
18:59:01        0     16329    0,00    0,20    0,00    0,00    0,20     2  kworker/u32:2-flush-8:0
18:59:01     1000     36557    0,20    0,20    0,00    0,00    0,40     1  pidstat
18:59:01     1000     36588    3,20    0,40    0,00    0,00    3,60     4  java

18:58:56      UID       PID  minflt/s  majflt/s     VSZ     RSS   %MEM  Command
18:59:01        0      1489      0,00      0,00 2242640   65044   0,40  containerd
18:59:01        0      3207     13,60      0,00 1235608   15076   0,09  containerd-shim
18:59:01        0      3227     12,60      0,00 1235352   14672   0,09  containerd-shim
18:59:01        0      3240     12,60      0,00 1235608   15144   0,09  containerd-shim
18:59:01        0      3246     12,00      0,00 1235608   15960   0,10  containerd-shim
18:59:01        0      3261     11,20      0,00 1235608   15772   0,10  containerd-shim
18:59:01     1000      9024      0,40      0,00 4672732  275316   1,70  gnome-shell
18:59:01     1000      9700     54,00      0,00 1461692876  304604   1,88  antigravity
18:59:01     1000      9756      6,20      0,00 34337084  164932   1,02  antigravity
18:59:01     1000      9767      0,60      0,00 33906012   82040   0,51  antigravity
18:59:01     1000      9830    266,00      0,00 1461371884  489296   3,01  antigravity
18:59:01     1000     10074      0,00      0,00 5034116  367512   2,26  language_server
18:59:01     1000     10109      0,20      0,00 33951332   64948   0,40  antigravity
18:59:01     1000     10121     83,60      0,00 1461391740  125404   0,77  antigravity
18:59:01     1000     10122    346,60      0,00 1461343128  285296   1,76  antigravity
18:59:01     1000     10186      4,20      0,00 1478124976  122820   0,76  antigravity
18:59:01     1000     10187     34,40      0,00 1461358904  158564   0,98  antigravity
18:59:01     1000     36588     53,40      0,00 6043924  216048   1,33  java
18:59:01     1000     36901     27,80      0,00    2672    1584   0,01  sh
18:59:01     1000     36902     66,80      0,00    7012    3256   0,02  cpuUsage.sh
18:59:01     1000     36909     24,00      0,00    5656    2160   0,01  sleep

18:58:56      UID       PID   kB_rd/s   kB_wr/s kB_ccwr/s iodelay  Command
18:59:01     1000     36557      0,00      0,73      0,00       0  pidstat
18:59:01     1000     36588      0,00      0,06      0,00       0  java

18:59:01      UID       PID    %usr %system  %guest   %wait    %CPU   CPU  Command
18:59:06        0        63    0,00    0,20    0,00    0,00    0,20     7  ksoftirqd/7
18:59:06        0        86    0,00    0,20    0,00    0,00    0,20     0  irq/9-acpi
18:59:06      990       905    0,40    0,20    0,00    0,00    0,60     0  dbus-daemon
18:59:06      115       926    1,20    0,40    0,00    0,00    1,60     1  prometheus-node
18:59:06      115       927    0,40    0,00    0,00    0,00    0,40     1  prometheus
18:59:06        0      1468    0,20    0,00    0,00    0,00    0,20     7  tailscaled
18:59:06        0      1489    0,40    0,00    0,00    0,00    0,40     4  containerd
18:59:06        0      2351    0,40    0,00    0,00    0,00    0,40     3  dockerd
18:59:06      117      2352    0,40    0,40    0,00    0,00    0,80     3  grafana
18:59:06        0      3170    0,20    0,40    0,00    0,00    0,60     2  mount.ntfs-3g
18:59:06        0      3227    0,00    0,20    0,00    0,00    0,20     3  containerd-shim
18:59:06        0      3246    0,00    0,20    0,00    0,00    0,20     0  containerd-shim
18:59:06        0      3261    0,20    0,20    0,00    0,00    0,40     3  containerd-shim
18:59:06      999      3405    0,60    0,00    0,00    0,00    0,60     7  redis-server
18:59:06     1000      9024    0,60    0,40    0,00    0,00    1,00     5  gnome-shell
18:59:06     1000      9700    0,40    0,20    0,00    0,00    0,60     4  antigravity
18:59:06     1000      9756    0,20    0,20    0,00    0,00    0,40     3  antigravity
18:59:06     1000      9830    1,20    0,40    0,00    0,00    1,60     1  antigravity
18:59:06     1000     10074    1,60    1,20    0,00    0,00    2,80     3  language_server
18:59:06     1000     10121    0,40    0,20    0,00    0,00    0,60     6  antigravity
18:59:06     1000     10122    0,80    0,60    0,00    0,00    1,40     3  antigravity
18:59:06     1000     10187    0,40    0,00    0,00    0,00    0,40     5  antigravity
18:59:06     1000     11152    1,40    1,40    0,00    0,20    2,80     6  language_server
18:59:06     1000     36557    0,00    0,40    0,00    0,00    0,40     7  pidstat
18:59:06     1000     36588    2,00    0,20    0,00    0,00    2,20     4  java

18:59:01      UID       PID  minflt/s  majflt/s     VSZ     RSS   %MEM  Command
18:59:06      115       926     74,20      0,00 1687812   25476   0,16  prometheus-node
18:59:06      115       927      0,00      0,00 2702228  114280   0,70  prometheus
18:59:06        0      1468      0,40      0,00 1421636  104140   0,64  tailscaled
18:59:06        0      1489      0,40      0,00 2242640   65044   0,40  containerd
18:59:06        0      3207      6,40      0,00 1235608   15076   0,09  containerd-shim
18:59:06        0      3227      7,00      0,00 1235352   14672   0,09  containerd-shim
18:59:06        0      3240      6,40      0,00 1235608   15272   0,09  containerd-shim
18:59:06        0      3246      5,80      0,00 1235608   15960   0,10  containerd-shim
18:59:06        0      3261      9,20      0,00 1235608   15772   0,10  containerd-shim
18:59:06     1000      9024      6,80      0,00 4672668  275316   1,70  gnome-shell
18:59:06     1000      9700     62,00      0,00 1461692876  304276   1,87  antigravity
18:59:06     1000      9756      6,60      0,00 34336956  164932   1,02  antigravity
18:59:06     1000      9767      2,40      0,00 33906012   82040   0,51  antigravity
18:59:06     1000      9830    254,40      0,00 1461371884  491432   3,03  antigravity
18:59:06     1000     10109      0,40      0,00 33951332   64948   0,40  antigravity
18:59:06     1000     10121    106,20      0,00 1461391740  125456   0,77  antigravity
18:59:06     1000     10122    365,20      0,00 1461343128  286500   1,76  antigravity
18:59:06     1000     10186      3,00      0,00 1478124976  122820   0,76  antigravity
18:59:06     1000     10187     30,00      0,00 1461358904  158720   0,98  antigravity
18:59:06     1000     36588      6,00      0,00 6043924  216176   1,33  java
18:59:06     1000     36929     28,00      0,00    2672    1652   0,01  sh
18:59:06     1000     36930     66,80      0,00    7012    3308   0,02  cpuUsage.sh
18:59:06     1000     36937     23,40      0,00    5656    1964   0,01  sleep

18:59:01      UID       PID   kB_rd/s   kB_wr/s kB_ccwr/s iodelay  Command
18:59:06     1000     36557      0,00      0,80      0,00       0  pidstat
18:59:06     1000     36588      0,00      1,60      0,00       0  java

18:59:06      UID       PID    %usr %system  %guest   %wait    %CPU   CPU  Command
18:59:11      115       927    0,00    0,20    0,00    0,00    0,20     1  prometheus
18:59:11        0      1457    0,20    0,20    0,00    0,00    0,40     5  glances
18:59:11        0      1489    0,40    0,20    0,00    0,00    0,60     4  containerd
18:59:11        0      2351    0,00    0,40    0,00    0,00    0,40     3  dockerd
18:59:11      117      2352    0,60    0,40    0,00    0,00    1,00     3  grafana
18:59:11        0      3170    0,60    0,20    0,00    0,00    0,80     2  mount.ntfs-3g
18:59:11        0      3207    0,00    0,20    0,00    0,00    0,20     6  containerd-shim
18:59:11        0      3227    0,20    0,00    0,00    0,00    0,20     3  containerd-shim
18:59:11        0      3240    0,00    0,20    0,00    0,00    0,20     1  containerd-shim
18:59:11        0      3246    0,20    0,00    0,00    0,00    0,20     0  containerd-shim
18:59:11      999      3405    0,40    0,00    0,00    0,00    0,40     0  redis-server
18:59:11     1000      9024    0,20    0,20    0,00    0,00    0,40     5  gnome-shell
18:59:11     1000      9700    0,20    0,00    0,00    0,00    0,20     7  antigravity
18:59:11     1000      9756    0,40    0,00    0,00    0,00    0,40     1  antigravity
18:59:11     1000      9830    1,20    0,40    0,00    0,00    1,60     1  antigravity
18:59:11     1000     10074    2,00    0,80    0,00    0,00    2,80     6  language_server
18:59:11     1000     10121    0,00    0,20    0,00    0,00    0,20     3  antigravity
18:59:11     1000     10122    1,40    0,20    0,00    0,00    1,60     6  antigravity
18:59:11     1000     10187    0,60    0,20    0,00    0,00    0,80     7  antigravity
18:59:11     1000     11152    2,40    1,20    0,00    0,00    3,60     0  language_server
18:59:11        0     31798    0,20    0,00    0,00    0,00    0,20     1  kworker/1:2-mm_percpu_wq
18:59:11     1000     36557    0,20    0,40    0,00    0,00    0,60     7  pidstat
18:59:11     1000     36588    2,00    0,40    0,00    0,00    2,40     4  java

18:59:06      UID       PID  minflt/s  majflt/s     VSZ     RSS   %MEM  Command
18:59:11        0      3207      2,40      0,00 1235608   15076   0,09  containerd-shim
18:59:11        0      3240      0,40      0,00 1235608   15272   0,09  containerd-shim
18:59:11        0      3246      1,00      0,00 1235608   15960   0,10  containerd-shim
18:59:11        0      3261      1,00      0,00 1235608   15772   0,10  containerd-shim
18:59:11     1000      9024      0,40      0,00 4672732  275316   1,70  gnome-shell
18:59:11     1000      9700     53,20      0,00 1461692876  304428   1,88  antigravity
18:59:11     1000      9756     23,40      0,00 34336956  165188   1,02  antigravity
18:59:11     1000      9767      0,60      0,00 33906012   82040   0,51  antigravity
18:59:11     1000      9830    235,60      0,00 1461371884  493780   3,04  antigravity
18:59:11     1000     10109      0,20      0,00 33951332   64948   0,40  antigravity
18:59:11     1000     10121     58,00      0,00 1461391740  125664   0,77  antigravity
18:59:11     1000     10122    362,20      0,00 1461343128  284916   1,76  antigravity
18:59:11     1000     10186      6,00      0,00 1478124976  122820   0,76  antigravity
18:59:11     1000     10187     31,00      0,00 1461358904  158664   0,98  antigravity
18:59:11     1000     36588      9,80      0,00 6043924  216304   1,33  java

18:59:06      UID       PID   kB_rd/s   kB_wr/s kB_ccwr/s iodelay  Command
18:59:11     1000     10122      0,00      0,80      0,00       0  antigravity
18:59:11     1000     36557      0,00      0,88      0,00       0  pidstat

18:59:11      UID       PID    %usr %system  %guest   %wait    %CPU   CPU  Command
18:59:16      115       927    0,20    0,00    0,00    0,00    0,20     3  prometheus
18:59:16        0      1468    0,20    0,00    0,00    0,00    0,20     7  tailscaled
18:59:16        0      1489    0,40    0,00    0,00    0,00    0,40     4  containerd
18:59:16        0      2351    0,40    0,20    0,00    0,00    0,60     3  dockerd
18:59:16      117      2352    0,20    0,60    0,00    0,00    0,80     3  grafana
18:59:16        0      3170    0,60    0,20    0,00    0,00    0,80     6  mount.ntfs-3g
18:59:16      999      3405    0,20    0,20    0,00    0,00    0,40     0  redis-server
18:59:16     1000      9024    0,80    0,20    0,00    0,00    1,00     4  gnome-shell
18:59:16     1000      9700    0,40    0,00    0,00    0,00    0,40     5  antigravity
18:59:16     1000      9756    0,20    0,00    0,00    0,00    0,20     3  antigravity
18:59:16     1000      9830   11,80    0,20    0,00    0,00   12,00     1  antigravity
18:59:16     1000     10074    1,60    1,00    0,00    0,00    2,60     3  language_server
18:59:16     1000     10121    0,20    0,00    0,00    0,00    0,20     6  antigravity
18:59:16     1000     10122    1,20    0,40    0,00    0,00    1,60     6  antigravity
18:59:16     1000     10187    0,60    0,00    0,00    0,00    0,60     4  antigravity
18:59:16     1000     11152    1,40    1,60    0,00    0,00    3,00     0  language_server
18:59:16        0     25979    0,00    0,20    0,00    0,00    0,20     5  kworker/u32:4-kvfree_rcu_reclaim
18:59:16     1000     36557    0,00    0,20    0,00    0,00    0,20     1  pidstat
18:59:16     1000     36588    3,20    0,00    0,00    0,00    3,20     4  java

18:59:11      UID       PID  minflt/s  majflt/s     VSZ     RSS   %MEM  Command
18:59:16        0      1489      4,20      0,00 2242640   65044   0,40  containerd
18:59:16        0      3207      8,20      0,00 1235608   15204   0,09  containerd-shim
18:59:16        0      3227      2,40      0,00 1235352   14672   0,09  containerd-shim
18:59:16        0      3240      6,60      0,00 1235608   15272   0,09  containerd-shim
18:59:16        0      3246      0,60      0,00 1235608   15960   0,10  containerd-shim
18:59:16        0      3261     11,00      0,00 1235608   15900   0,10  containerd-shim
18:59:16     1000      9024      6,20      0,00 4672668  275316   1,70  gnome-shell
18:59:16     1000      9700     56,20      0,00 1461692876  304732   1,88  antigravity
18:59:16     1000      9756      6,60      0,00 34336956  164984   1,02  antigravity
18:59:16     1000      9767      0,60      0,00 33906012   82040   0,51  antigravity
18:59:16     1000      9830    445,80      0,00 1461371884  489852   3,02  antigravity
18:59:16     1000     10109      0,20      0,00 33951332   64948   0,40  antigravity
18:59:16     1000     10121      2,20      0,00 1461391740  125664   0,77  antigravity
18:59:16     1000     10122    331,20      0,00 1461343128  285404   1,76  antigravity
18:59:16     1000     10186      3,00      0,00 1478124976  122820   0,76  antigravity
18:59:16     1000     10187     34,40      0,00 1461358904  158708   0,98  antigravity
18:59:16     1000     36588     19,80      0,00 6043924  216432   1,33  java

18:59:11      UID       PID   kB_rd/s   kB_wr/s kB_ccwr/s iodelay  Command
18:59:16     1000     36557      0,00      0,72      0,00       0  pidstat
18:59:16     1000     36588      0,00      1,83      0,00       0  java

18:59:16      UID       PID    %usr %system  %guest   %wait    %CPU   CPU  Command
18:59:21        0         1    0,20    0,20    0,00    0,00    0,40     4  systemd
18:59:21        0        18    0,00    0,20    0,00    0,00    0,20     1  rcu_preempt
18:59:21      990       905    0,60    0,00    0,00    0,00    0,60     7  dbus-daemon
18:59:21      115       926    1,20    0,60    0,00    0,00    1,80     1  prometheus-node
18:59:21      115       927    0,20    0,00    0,00    0,00    0,20     3  prometheus
18:59:21        0      1457    0,20    0,00    0,00    0,00    0,20     5  glances
18:59:21        0      1468    0,00    0,20    0,00    0,00    0,20     7  tailscaled
18:59:21        0      1489    0,40    0,00    0,00    0,00    0,40     4  containerd
18:59:21        0      2351    0,40    0,20    0,00    0,00    0,60     3  dockerd
18:59:21      117      2352    1,00    0,20    0,00    0,00    1,20     3  grafana
18:59:21        0      3170    1,00    0,80    0,00    0,00    1,80     6  mount.ntfs-3g
18:59:21        0      3207    0,20    0,00    0,00    0,00    0,20     6  containerd-shim
18:59:21        0      3227    0,20    0,00    0,00    0,00    0,20     3  containerd-shim
18:59:21        0      3240    0,20    0,20    0,00    0,00    0,40     1  containerd-shim
18:59:21        0      3246    0,20    0,00    0,00    0,00    0,20     0  containerd-shim
18:59:21        0      3261    0,20    0,20    0,00    0,00    0,40     3  containerd-shim
18:59:21      999      3405    0,40    0,00    0,00    0,00    0,40     1  redis-server
18:59:21     1000      9024    0,60    0,60    0,00    0,00    1,20     4  gnome-shell
18:59:21     1000      9700    0,60    0,00    0,00    0,00    0,60     1  antigravity
18:59:21     1000      9756    0,60    0,40    0,00    0,00    1,00     2  antigravity
18:59:21     1000      9830    4,00    0,60    0,00    0,00    4,60     4  antigravity
18:59:21     1000     10074    1,20    1,40    0,00    0,00    2,60     6  language_server
18:59:21     1000     10121    0,20    0,40    0,00    0,00    0,60     0  antigravity
18:59:21     1000     10122    2,60    0,40    0,00    0,00    3,00     1  antigravity
18:59:21     1000     10187    2,20    0,40    0,00    0,00    2,60     4  antigravity
18:59:21     1000     11152    1,80    1,20    0,00    0,00    3,00     7  language_server
18:59:21        0     33252    0,00    0,20    0,00    0,00    0,20     0  kworker/0:2-events
18:59:21        0     34004    0,00    0,20    0,00    0,00    0,20     2  kworker/2:1-events
18:59:21     1000     36557    0,20    0,20    0,00    0,00    0,40     3  pidstat

18:59:16      UID       PID  minflt/s  majflt/s     VSZ     RSS   %MEM  Command
18:59:21      115       926     66,20      0,00 1687812   25276   0,16  prometheus-node
18:59:21        0      1489      2,40      0,00 2242640   65044   0,40  containerd
18:59:21      114      1588      3,80      0,00  218252   30140   0,19  postgres
18:59:21        0      3207      1,40      0,00 1235608   14504   0,09  containerd-shim
18:59:21        0      3227      1,80      0,00 1235352   14200   0,09  containerd-shim
18:59:21        0      3240      1,80      0,00 1235608   14788   0,09  containerd-shim
18:59:21        0      3246      1,40      0,00 1235608   15268   0,09  containerd-shim
18:59:21        0      3261      9,40      0,00 1235608   15228   0,09  containerd-shim
18:59:21     1000      9024      0,40      0,00 4672668  275316   1,70  gnome-shell
18:59:21     1000      9700     60,80      0,00 1461692876  304784   1,88  antigravity
18:59:21     1000      9756     30,20      0,00 34344548  165496   1,02  antigravity
18:59:21     1000      9767      0,60      0,00 33906012   82040   0,51  antigravity
18:59:21     1000      9830    329,40      0,00 1461375020  491704   3,03  antigravity
18:59:21     1000     10109      0,20      0,00 33951332   64948   0,40  antigravity
18:59:21     1000     10121     82,00      0,00 1461391740  125920   0,78  antigravity
18:59:21     1000     10122    487,00      0,00 1461343128  286948   1,77  antigravity
18:59:21     1000     10186      3,00      0,00 1478124976  122820   0,76  antigravity
18:59:21     1000     10187     21,80      0,00 1461358904  158964   0,98  antigravity
18:59:21     1000     11152      0,80      0,00 4969748  458204   2,82  language_server
18:59:21     1000     11274      0,60      0,00 1459530528   92980   0,57  antigravity
18:59:21     1000     29312      3,00      0,00 1459530528   88312   0,54  antigravity
18:59:21     1000     33427      0,80      0,00    7664    3792   0,02  bash

18:59:16      UID       PID   kB_rd/s   kB_wr/s kB_ccwr/s iodelay  Command
18:59:21     1000     10122      0,00      0,80      0,00       0  antigravity
18:59:21     1000     33427      0,00    618,29      0,00       0  bash
18:59:21     1000     36557      0,00      0,69      0,00       0  pidstat

Rata-rata:    UID       PID    %usr %system  %guest   %wait    %CPU   CPU  Command
Rata-rata:      0         1    0,08    0,05    0,00    0,00    0,12     -  systemd
Rata-rata:      0        18    0,00    0,05    0,00    0,03    0,05     -  rcu_preempt
Rata-rata:      0        44    0,00    0,02    0,00    0,00    0,02     -  migration/4
Rata-rata:      0        63    0,00    0,02    0,00    0,00    0,02     -  ksoftirqd/7
Rata-rata:      0        86    0,00    0,05    0,00    0,00    0,05     -  irq/9-acpi
Rata-rata:      0       381    0,02    0,00    0,00    0,00    0,02     -  systemd-journal
Rata-rata:      0       413    0,00    0,02    0,00    0,00    0,02     -  systemd-udevd
Rata-rata:      0       721    0,00    0,02    0,00    2,21    0,02     -  kworker/u33:2-i915_flip
Rata-rata:    102       896    0,00    0,02    0,00    0,00    0,02     -  avahi-daemon
Rata-rata:    990       905    0,23    0,06    0,00    0,00    0,29     -  dbus-daemon
Rata-rata:    115       926    0,49    0,18    0,00    0,00    0,68     -  prometheus-node
Rata-rata:    115       927    0,17    0,02    0,00    0,00    0,18     -  prometheus
Rata-rata:      0       936    0,02    0,00    0,00    0,00    0,02     -  systemd-logind
Rata-rata:      0      1052    0,02    0,02    0,00    0,00    0,03     -  NetworkManager
Rata-rata:      0      1457    0,12    0,02    0,00    0,00    0,14     -  glances
Rata-rata:      0      1468    0,11    0,08    0,00    0,00    0,18     -  tailscaled
Rata-rata:      0      1479    0,02    0,00    0,00    0,00    0,02     -  anydesk
Rata-rata:      0      1489    0,37    0,14    0,00    0,00    0,51     -  containerd
Rata-rata:    111      1556    0,02    0,00    0,00    0,00    0,02     -  mariadbd
Rata-rata:      0      1599    0,02    0,00    0,00    0,00    0,02     -  apache2
Rata-rata:      0      2350    0,02    0,00    0,00    0,00    0,02     -  cups-browsed
Rata-rata:      0      2351    0,38    0,20    0,00    0,00    0,58     -  dockerd
Rata-rata:    117      2352    0,75    0,32    0,00    0,00    1,08     -  grafana
Rata-rata:      0      3170    0,35    0,35    0,00    0,02    0,71     -  mount.ntfs-3g
Rata-rata:      0      3207    0,08    0,05    0,00    0,00    0,12     -  containerd-shim
Rata-rata:      0      3227    0,08    0,06    0,00    0,00    0,14     -  containerd-shim
Rata-rata:      0      3240    0,03    0,09    0,00    0,00    0,12     -  containerd-shim
Rata-rata:      0      3246    0,08    0,05    0,00    0,00    0,12     -  containerd-shim
Rata-rata:      0      3261    0,06    0,08    0,00    0,00    0,14     -  containerd-shim
Rata-rata:    999      3405    0,38    0,05    0,00    0,00    0,43     -  redis-server
Rata-rata:   1000      8864    0,02    0,02    0,00    0,00    0,03     -  systemd
Rata-rata:   1000      8888    0,02    0,00    0,00    0,00    0,02     -  dbus-daemon
Rata-rata:   1000      9024    0,62    0,32    0,00    0,02    0,94     -  gnome-shell
Rata-rata:   1000      9138    0,00    0,02    0,00    0,00    0,02     -  gsd-housekeepin
Rata-rata:   1000      9200    0,00    0,02    0,00    0,00    0,02     -  anydesk
Rata-rata:   1000      9349    0,02    0,00    0,00    0,00    0,02     -  gvfs-udisks2-vo
Rata-rata:      0      9672    0,00    0,02    0,00    0,00    0,02     -  fwupd
Rata-rata:   1000      9700    0,38    0,11    0,00    0,02    0,49     -  antigravity
Rata-rata:   1000      9756    0,34    0,11    0,00    0,00    0,45     -  antigravity
Rata-rata:   1000      9767    0,00    0,02    0,00    0,00    0,02     -  antigravity
Rata-rata:   1000      9830    4,40    0,29    0,00    0,06    4,69     -  antigravity
Rata-rata:   1000     10074    1,60    1,28    0,00    0,02    2,88     -  language_server
Rata-rata:   1000     10121    0,22    0,14    0,00    0,00    0,35     -  antigravity
Rata-rata:   1000     10122    1,17    0,35    0,00    0,00    1,52     -  antigravity
Rata-rata:   1000     10186    0,02    0,00    0,00    0,00    0,02     -  antigravity
Rata-rata:   1000     10187    0,82    0,15    0,00    0,05    0,97     -  antigravity
Rata-rata:   1000     11152    1,52    1,40    0,00    0,05    2,92     -  language_server
Rata-rata:   1000     11274    0,02    0,00    0,00    0,00    0,02     -  antigravity
Rata-rata:      0     16329    0,00    0,02    0,00    0,00    0,02     -  kworker/u32:2-events_unbound
Rata-rata:      0     25979    0,00    0,03    0,00    0,00    0,03     -  kworker/u32:4-flush-8:0
Rata-rata:   1000     29312    0,02    0,00    0,00    0,02    0,02     -  antigravity
Rata-rata:      0     31798    0,02    0,00    0,00    0,02    0,02     -  kworker/1:2-events
Rata-rata:      0     33252    0,00    0,05    0,00    0,05    0,05     -  kworker/0:2-events
Rata-rata:      0     34004    0,00    0,02    0,00    0,00    0,02     -  kworker/2:1-events
Rata-rata:      0     35578    0,02    0,00    0,00    0,00    0,02     -  kworker/5:0-events
Rata-rata:   1000     36557    0,15    0,23    0,00    0,00    0,38     -  pidstat

Rata-rata:    UID       PID  minflt/s  majflt/s     VSZ     RSS   %MEM  Command
Rata-rata:      0       381      3,49      0,00  136916   82520   0,51  systemd-journal
Rata-rata:      0       413      8,57      0,00   37696   11516   0,07  systemd-udevd
Rata-rata:    115       926     27,85      0,00 1687812   25342   0,16  prometheus-node
Rata-rata:    115       927      0,06      0,00 2702228  116983   0,72  prometheus
Rata-rata:      0      1468      0,03      0,00 1421636  104140   0,64  tailscaled
Rata-rata:      0      1489      3,24      0,00 2242640   65581   0,40  containerd
Rata-rata:    114      1588      0,58      0,00  218252   30140   0,19  postgres
Rata-rata:      0      2351      0,03      0,00 3433248  108444   0,67  dockerd
Rata-rata:    117      2352      0,25      0,00 1830016  333816   2,06  grafana
Rata-rata:      0      3207      6,81      0,00 1235608   14935   0,09  containerd-shim
Rata-rata:      0      3227      5,77      0,00 1235352   14576   0,09  containerd-shim
Rata-rata:      0      3240      6,83      0,00 1235608   15079   0,09  containerd-shim
Rata-rata:      0      3246      6,77      0,00 1235608   15680   0,10  containerd-shim
Rata-rata:      0      3261      8,20      0,00 1235608   15531   0,10  containerd-shim
Rata-rata:     70      3383      0,34      0,00  174540   26160   0,16  postgres
Rata-rata:   1000      9024      3,34      0,00 4672688  275365   1,70  gnome-shell
Rata-rata:   1000      9700     61,00      0,00 1461692876  304557   1,88  antigravity
Rata-rata:   1000      9756     10,73      0,00 34334747  165119   1,02  antigravity
Rata-rata:   1000      9767      0,83      0,00 33906012   82040   0,51  antigravity
Rata-rata:   1000      9830    257,65      0,00 1461372125  490572   3,02  antigravity
Rata-rata:   1000      9890      0,35      0,00 1459609232  173764   1,07  antigravity
Rata-rata:   1000     10074      5,18      0,00 5034116  368659   2,27  language_server
Rata-rata:   1000     10109      0,25      0,00 33951332   64948   0,40  antigravity
Rata-rata:   1000     10121     48,67      0,00 1461391740  125490   0,77  antigravity
Rata-rata:   1000     10122    270,97      0,00 1461343128  285421   1,76  antigravity
Rata-rata:   1000     10186      3,66      0,00 1478124976  122820   0,76  antigravity
Rata-rata:   1000     10187     23,08      0,00 1461358904  158144   0,97  antigravity
Rata-rata:   1000     11152      0,06      0,00 4969748  458204   2,82  language_server
Rata-rata:   1000     11274      0,05      0,00 1459530528   92980   0,57  antigravity
Rata-rata:   1000     29312      0,23      0,00 1459530528   88312   0,54  antigravity
Rata-rata:   1000     33427      0,06      0,00    7664    3792   0,02  bash
Rata-rata:   1000     36557      0,63      0,00    6011    4933   0,03  pidstat

Rata-rata:    UID       PID   kB_rd/s   kB_wr/s kB_ccwr/s iodelay  Command
Rata-rata:   1000      9700      0,00      0,12      0,00       0  antigravity
Rata-rata:   1000     10122      0,00      0,18      0,00       0  antigravity
Rata-rata:   1000     33427      0,00     47,54      0,00       0  bash
Rata-rata:   1000     36557      0,00      0,76      0,00       0  pidstat
