Linux 6.12.94+deb13-amd64 (debian) 	24/06/26 	_x86_64_	(8 CPU)

18:52:39      UID       PID    %usr %system  %guest   %wait    %CPU   CPU  Command
18:52:44        0        18    0,00    0,20    0,00    0,40    0,20     2  rcu_preempt
18:52:44        0      1457    0,20    0,00    0,00    0,00    0,20     5  glances
18:52:44        0      1468    0,20    0,00    0,00    0,00    0,20     7  tailscaled
18:52:44        0      1489    0,40    0,00    0,00    0,00    0,40     4  containerd
18:52:44        0      2351    0,20    0,00    0,00    0,00    0,20     3  dockerd
18:52:44      117      2352    0,60    0,20    0,00    0,00    0,80     3  grafana
18:52:44        0      3170    0,20    0,20    0,00    0,00    0,40     5  mount.ntfs-3g
18:52:44        0      3207    0,20    0,00    0,00    0,00    0,20     6  containerd-shim
18:52:44        0      3227    0,20    0,20    0,00    0,00    0,40     3  containerd-shim
18:52:44      999      3405    0,20    0,00    0,00    0,00    0,20     5  redis-server
18:52:44     1000      9024    1,59    0,60    0,00    0,00    2,19     4  gnome-shell
18:52:44     1000      9200    0,00    0,20    0,00    0,00    0,20     4  anydesk
18:52:44     1000      9700    0,80    0,20    0,00    0,00    1,00     7  antigravity
18:52:44     1000      9756    1,20    0,20    0,00    0,00    1,39     0  antigravity
18:52:44     1000      9830    7,17    0,40    0,00    0,00    7,57     2  antigravity
18:52:44     1000     10074    1,59    1,00    0,00    0,00    2,59     6  language_server
18:52:44     1000     10121    0,60    0,20    0,00    0,00    0,80     4  antigravity
18:52:44     1000     10122    0,60    0,20    0,00    0,00    0,80     3  antigravity
18:52:44     1000     10186    0,00    0,20    0,00    0,00    0,20     3  antigravity
18:52:44     1000     10187    2,19    0,20    0,00    0,00    2,39     2  antigravity
18:52:44     1000     11152    1,79    0,80    0,00    0,00    2,59     4  language_server
18:52:44     1000     34418    0,00    0,20    0,00    0,00    0,20     4  pidstat
18:52:44     1000     34449   78,29    4,38    0,00    0,00   82,67     5  java

18:52:39      UID       PID  minflt/s  majflt/s     VSZ     RSS   %MEM  Command
18:52:44      115       927      0,20      0,00 2702228  118268   0,73  prometheus
18:52:44        0      1468      1,79      0,00 1421636   92532   0,57  tailscaled
18:52:44        0      3207      1,39      0,00 1235608   15596   0,10  containerd-shim
18:52:44        0      3227      5,98      0,00 1235352   14688   0,09  containerd-shim
18:52:44        0      3240     11,35      0,00 1235608   16268   0,10  containerd-shim
18:52:44        0      3261      5,98      0,00 1235608   15844   0,10  containerd-shim
18:52:44     1000      9024      6,77      0,00 4676764  275352   1,70  gnome-shell
18:52:44     1000      9700     38,65      0,00 1461692876  303400   1,87  antigravity
18:52:44     1000      9756      4,58      0,00 34340348  165660   1,02  antigravity
18:52:44     1000      9767      0,60      0,00 33906012   82040   0,51  antigravity
18:52:44     1000      9830    304,58      0,00 1461371372  489952   3,02  antigravity
18:52:44     1000     10109      0,20      0,00 33951332   64948   0,40  antigravity
18:52:44     1000     10121    117,93      0,00 1461391740  123644   0,76  antigravity
18:52:44     1000     10122     46,22      0,00 1461343128  284080   1,75  antigravity
18:52:44     1000     10186      6,57      0,00 1478124976  122956   0,76  antigravity
18:52:44     1000     10187      6,97      0,00 1461358904  158348   0,98  antigravity
18:52:44     1000     11274      0,40      0,00 1459530528   92980   0,57  antigravity
18:52:44     1000     34418      1,00      0,00    5920    4836   0,03  pidstat
18:52:44     1000     34419      3,78      0,00    2676    1704   0,01  jmeter
18:52:44     1000     34449   5264,14      0,00 4495476  204736   1,26  java
18:52:44     1000     34503     27,49      0,00    2672    1516   0,01  sh
18:52:44     1000     34504     65,14      0,00    7012    3352   0,02  cpuUsage.sh
18:52:44     1000     34511     23,90      0,00    5656    2092   0,01  sleep

18:52:39      UID       PID   kB_rd/s   kB_wr/s kB_ccwr/s iodelay  Command
18:52:44     1000     34449      0,00      2,15      0,00       0  java

18:52:44      UID       PID    %usr %system  %guest   %wait    %CPU   CPU  Command
18:52:49        0         1    0,20    0,20    0,00    0,00    0,40     2  systemd
18:52:49        0        86    0,00    0,20    0,00    0,00    0,20     0  irq/9-acpi
18:52:49      990       905    0,60    0,00    0,00    0,00    0,60     0  dbus-daemon
18:52:49      115       926    1,20    0,60    0,00    0,00    1,80     1  prometheus-node
18:52:49      115       927    0,20    0,00    0,00    0,00    0,20     0  prometheus
18:52:49        0      1468    0,20    0,00    0,00    0,00    0,20     7  tailscaled
18:52:49        0      1489    0,20    0,20    0,00    0,00    0,40     4  containerd
18:52:49        0      2351    0,40    0,20    0,00    0,00    0,60     3  dockerd
18:52:49      117      2352    0,60    0,40    0,00    0,00    1,00     3  grafana
18:52:49        0      3170    0,40    0,20    0,00    0,00    0,60     4  mount.ntfs-3g
18:52:49        0      3207    0,20    0,00    0,00    0,00    0,20     6  containerd-shim
18:52:49        0      3246    0,20    0,00    0,00    0,00    0,20     0  containerd-shim
18:52:49      999      3405    0,40    0,20    0,00    0,00    0,60     5  redis-server
18:52:49     1000      9024    0,20    0,20    0,00    0,00    0,40     4  gnome-shell
18:52:49     1000      9700    0,40    0,00    0,00    0,00    0,40     6  antigravity
18:52:49     1000      9756    0,20    0,20    0,00    0,00    0,40     2  antigravity
18:52:49     1000      9830    1,40    0,20    0,00    0,00    1,60     1  antigravity
18:52:49     1000     10074    1,00    1,60    0,00    0,00    2,60     6  language_server
18:52:49     1000     10121    0,40    0,00    0,00    0,00    0,40     4  antigravity
18:52:49     1000     10122    1,00    0,60    0,00    0,00    1,60     7  antigravity
18:52:49     1000     10187    0,60    0,20    0,00    0,00    0,80     2  antigravity
18:52:49     1000     11152    1,20    1,60    0,00    0,00    2,80     4  language_server
18:52:49        0     13128    0,00    0,20    0,00    0,00    0,20     1  kworker/u32:1-events_unbound
18:52:49        0     22947    0,00    0,20    0,00    0,00    0,20     6  kworker/u32:5-events_unbound
18:52:49     1000     34418    0,20    0,20    0,00    0,00    0,40     6  pidstat
18:52:49     1000     34449    2,40    0,20    0,00    0,00    2,60     5  java

18:52:44      UID       PID  minflt/s  majflt/s     VSZ     RSS   %MEM  Command
18:52:49      115       926    110,00      0,00 1687812   25508   0,16  prometheus-node
18:52:49      115       927      0,20      0,00 2702228  118268   0,73  prometheus
18:52:49        0      3207      6,60      0,00 1235608   15724   0,10  containerd-shim
18:52:49        0      3227      5,20      0,00 1235352   14416   0,09  containerd-shim
18:52:49        0      3240      1,00      0,00 1235608   16108   0,10  containerd-shim
18:52:49        0      3261      3,40      0,00 1235608   15972   0,10  containerd-shim
18:52:49     1000      9024      0,40      0,00 4676764  275352   1,70  gnome-shell
18:52:49     1000      9700     56,00      0,00 1461692876  304152   1,87  antigravity
18:52:49     1000      9756     14,00      0,00 34340772  165368   1,02  antigravity
18:52:49     1000      9767      0,60      0,00 33906012   82040   0,51  antigravity
18:52:49     1000      9830    352,40      0,00 1461371372  491180   3,03  antigravity
18:52:49     1000     10109      0,20      0,00 33951332   64948   0,40  antigravity
18:52:49     1000     10121     26,80      0,00 1461391740  123772   0,76  antigravity
18:52:49     1000     10122    334,60      0,00 1461343128  284764   1,75  antigravity
18:52:49     1000     10186      3,00      0,00 1478124976  122956   0,76  antigravity
18:52:49     1000     10187     29,60      0,00 1461358904  158452   0,98  antigravity
18:52:49     1000     34418      1,40      0,00    6052    4836   0,03  pidstat
18:52:49     1000     34449     28,00      0,00 4495476  205504   1,27  java

18:52:44      UID       PID   kB_rd/s   kB_wr/s kB_ccwr/s iodelay  Command
18:52:49     1000      9024      0,00      0,80      0,00       0  gnome-shell
18:52:49     1000     10122      0,00      0,80      0,00       0  antigravity
18:52:49     1000     34418      0,00      0,83      0,00       0  pidstat
18:52:49     1000     34449      0,00      0,03      0,00       0  java

18:52:49      UID       PID    %usr %system  %guest   %wait    %CPU   CPU  Command
18:52:54      115       927    0,20    0,00    0,00    0,00    0,20     0  prometheus
18:52:54        0      1457    0,20    0,00    0,00    0,00    0,20     5  glances
18:52:54        0      1489    0,40    0,00    0,00    0,00    0,40     4  containerd
18:52:54        0      2351    0,40    0,00    0,00    0,00    0,40     3  dockerd
18:52:54      117      2352    0,80    0,20    0,00    0,00    1,00     3  grafana
18:52:54        0      3170    0,20    0,60    0,00    0,00    0,80     6  mount.ntfs-3g
18:52:54        0      3227    0,00    0,20    0,00    0,00    0,20     3  containerd-shim
18:52:54        0      3240    0,20    0,00    0,00    0,00    0,20     1  containerd-shim
18:52:54        0      3261    0,20    0,20    0,00    0,00    0,40     3  containerd-shim
18:52:54      999      3405    0,40    0,00    0,00    0,00    0,40     3  redis-server
18:52:54     1000      9024    0,80    0,20    0,00    0,00    1,00     4  gnome-shell
18:52:54     1000      9700    0,20    0,20    0,00    0,00    0,40     4  antigravity
18:52:54     1000      9756    0,00    0,20    0,00    0,00    0,20     0  antigravity
18:52:54     1000      9830    1,40    0,00    0,00    0,00    1,40     6  antigravity
18:52:54     1000     10074    1,40    1,60    0,00    0,00    3,00     6  language_server
18:52:54     1000     10121    0,40    0,20    0,00    0,00    0,60     4  antigravity
18:52:54     1000     10122    1,00    0,40    0,00    0,00    1,40     5  antigravity
18:52:54     1000     10187    0,60    0,00    0,00    0,00    0,60     2  antigravity
18:52:54     1000     11152    1,60    1,40    0,00    0,00    3,00     4  language_server
18:52:54     1000     34418    0,20    0,20    0,00    0,00    0,40     2  pidstat
18:52:54     1000     34449    3,20    0,00    0,00    0,00    3,20     5  java

18:52:49      UID       PID  minflt/s  majflt/s     VSZ     RSS   %MEM  Command
18:52:54      115       927      0,20      0,00 2702228  118268   0,73  prometheus
18:52:54        0      1489      2,00      0,00 2242640   65732   0,40  containerd
18:52:54        0      3207      6,60      0,00 1235608   14980   0,09  containerd-shim
18:52:54        0      3227      5,00      0,00 1235352   14268   0,09  containerd-shim
18:52:54        0      3240      6,40      0,00 1235608   15508   0,10  containerd-shim
18:52:54        0      3246      6,40      0,00 1235608   14864   0,09  containerd-shim
18:52:54        0      3261      7,20      0,00 1235608   15284   0,09  containerd-shim
18:52:54     1000      9024      7,00      0,00 4676828  275352   1,70  gnome-shell
18:52:54     1000      9700     57,80      0,00 1461692876  303632   1,87  antigravity
18:52:54     1000      9756      6,60      0,00 34336636  165216   1,02  antigravity
18:52:54     1000      9767      1,20      0,00 33906012   82040   0,51  antigravity
18:52:54     1000      9830    243,40      0,00 1461371372  492776   3,04  antigravity
18:52:54     1000      9890      0,80      0,00 1459609232  173640   1,07  antigravity
18:52:54     1000     10109      0,20      0,00 33951332   64948   0,40  antigravity
18:52:54     1000     10121      2,60      0,00 1461391740  123772   0,76  antigravity
18:52:54     1000     10122    342,40      0,00 1461343128  285732   1,76  antigravity
18:52:54     1000     10186      3,00      0,00 1478124976  122956   0,76  antigravity
18:52:54     1000     10187     32,80      0,00 1461358904  158616   0,98  antigravity
18:52:54     1000     34418      0,00      0,00    6044    4836   0,03  pidstat
18:52:54     1000     34449     39,40      0,00 4495476  206144   1,27  java

18:52:49      UID       PID   kB_rd/s   kB_wr/s kB_ccwr/s iodelay  Command
18:52:54     1000     10122      0,00      0,80      0,00       0  antigravity
18:52:54     1000     34418      0,00      0,86      0,00       0  pidstat
18:52:54     1000     34449      0,00      0,03      0,00       0  java

18:52:54      UID       PID    %usr %system  %guest   %wait    %CPU   CPU  Command
18:52:59      115       927    0,40    0,00    0,00    0,00    0,40     0  prometheus
18:52:59        0      1489    0,40    0,20    0,00    0,00    0,60     4  containerd
18:52:59        0      2351    0,20    0,20    0,00    0,00    0,40     3  dockerd
18:52:59      117      2352    0,80    0,40    0,00    0,00    1,20     3  grafana
18:52:59        0      2381    0,00    0,20    0,00    0,00    0,20     5  upowerd
18:52:59        0      3170    0,60    0,20    0,00    0,00    0,80     3  mount.ntfs-3g
18:52:59        0      3207    0,20    0,00    0,00    0,00    0,20     6  containerd-shim
18:52:59        0      3227    0,00    0,20    0,00    0,00    0,20     3  containerd-shim
18:52:59        0      3246    0,00    0,20    0,00    0,00    0,20     0  containerd-shim
18:52:59        0      3261    0,20    0,00    0,00    0,00    0,20     3  containerd-shim
18:52:59      999      3405    0,40    0,00    0,00    0,00    0,40     3  redis-server
18:52:59     1000      9024    0,40    0,20    0,00    0,00    0,60     7  gnome-shell
18:52:59     1000      9700    0,40    0,00    0,00    0,00    0,40     7  antigravity
18:52:59     1000      9756    0,00    0,40    0,00    0,00    0,40     3  antigravity
18:52:59     1000      9830   11,80    0,40    0,00    0,00   12,20     1  antigravity
18:52:59     1000     10074    2,60    1,20    0,00    0,00    3,80     7  language_server
18:52:59     1000     10121    0,20    0,00    0,00    0,00    0,20     1  antigravity
18:52:59     1000     10122    1,00    0,40    0,00    0,00    1,40     5  antigravity
18:52:59     1000     10187    0,60    0,00    0,00    0,00    0,60     5  antigravity
18:52:59     1000     11152    1,60    1,00    0,00    0,00    2,60     4  language_server
18:52:59     1000     34418    0,20    0,40    0,00    0,00    0,60     2  pidstat
18:52:59     1000     34449    1,80    0,00    0,00    0,00    1,80     5  java

18:52:54      UID       PID  minflt/s  majflt/s     VSZ     RSS   %MEM  Command
18:52:59      115       927      5,20      0,00 2702228  117604   0,72  prometheus
18:52:59        0      3207     10,60      0,00 1235608   15236   0,09  containerd-shim
18:52:59        0      3227     11,80      0,00 1235352   14396   0,09  containerd-shim
18:52:59        0      3240     11,40      0,00 1235608   15508   0,10  containerd-shim
18:52:59        0      3246     11,20      0,00 1235608   15120   0,09  containerd-shim
18:52:59        0      3261     10,20      0,00 1235608   15412   0,09  containerd-shim
18:52:59     1000      9024      0,20      0,00 4676764  275352   1,70  gnome-shell
18:52:59     1000      9700     58,60      0,00 1461692876  303568   1,87  antigravity
18:52:59     1000      9756     24,40      0,00 34336380  165472   1,02  antigravity
18:52:59     1000      9767      0,60      0,00 33906012   82040   0,51  antigravity
18:52:59     1000      9830    414,00      0,00 1461371372  489204   3,01  antigravity
18:52:59     1000     10074      0,00      0,00 5034116  370712   2,28  language_server
18:52:59     1000     10109      0,40      0,00 33951332   64948   0,40  antigravity
18:52:59     1000     10121      7,40      0,00 1461391740  123772   0,76  antigravity
18:52:59     1000     10122    404,00      0,00 1461343128  285872   1,76  antigravity
18:52:59     1000     10186      3,60      0,00 1478124976  122956   0,76  antigravity
18:52:59     1000     10187     31,80      0,00 1461358904  159056   0,98  antigravity
18:52:59     1000     34449     11,00      0,00 4495476  206272   1,27  java

18:52:54      UID       PID   kB_rd/s   kB_wr/s kB_ccwr/s iodelay  Command
18:52:59     1000     34418      0,00      0,78      0,00       0  pidstat
18:52:59     1000     34449      0,00      1,60      0,00       0  java

18:52:59      UID       PID    %usr %system  %guest   %wait    %CPU   CPU  Command
18:53:04        0        17    0,00    0,20    0,00    0,00    0,20     0  ksoftirqd/0
18:53:04        0        86    0,00    0,20    0,00    0,00    0,20     0  irq/9-acpi
18:53:04        0       721    0,00    0,20    0,00    0,00    0,20     0  kworker/u33:2-i915_flip
18:53:04      990       905    0,60    0,20    0,00    0,00    0,80     4  dbus-daemon
18:53:04      115       926    1,40    0,40    0,00    0,00    1,80     1  prometheus-node
18:53:04      115       927    0,20    0,00    0,00    0,00    0,20     3  prometheus
18:53:04        0      1457    0,20    0,00    0,00    0,00    0,20     5  glances
18:53:04        0      1468    0,20    0,20    0,00    0,00    0,40     7  tailscaled
18:53:04        0      1489    0,20    0,00    0,00    0,00    0,20     4  containerd
18:53:04        0      2351    0,40    0,20    0,00    0,00    0,60     3  dockerd
18:53:04      117      2352    0,60    0,20    0,00    0,00    0,80     3  grafana
18:53:04        0      3170    0,40    0,20    0,00    0,00    0,60     5  mount.ntfs-3g
18:53:04        0      3207    0,00    0,20    0,00    0,00    0,20     6  containerd-shim
18:53:04        0      3240    0,20    0,20    0,00    0,00    0,40     1  containerd-shim
18:53:04        0      3246    0,20    0,00    0,00    0,00    0,20     0  containerd-shim
18:53:04      999      3405    0,20    0,20    0,00    0,00    0,40     5  redis-server
18:53:04     1000      9024    1,00    0,00    0,00    0,00    1,00     7  gnome-shell
18:53:04     1000      9700    0,20    0,20    0,00    0,00    0,40     3  antigravity
18:53:04     1000      9756    0,40    0,00    0,00    0,00    0,40     4  antigravity
18:53:04     1000      9830    1,60    0,20    0,00    0,00    1,80     4  antigravity
18:53:04     1000     10074    2,00    1,40    0,00    0,00    3,39     2  language_server
18:53:04     1000     10121    0,60    0,00    0,00    0,00    0,60     1  antigravity
18:53:04     1000     10122    1,40    0,40    0,00    0,00    1,80     3  antigravity
18:53:04     1000     10187    0,40    0,20    0,00    0,00    0,60     2  antigravity
18:53:04     1000     11152    1,80    1,00    0,00    0,00    2,79     4  language_server
18:53:04        0     33252    0,20    0,00    0,00    0,20    0,20     0  kworker/0:2-i915-unordered
18:53:04     1000     34418    0,00    0,20    0,00    0,00    0,20     5  pidstat
18:53:04     1000     34449    2,00    0,20    0,00    0,00    2,20     5  java

18:52:59      UID       PID  minflt/s  majflt/s     VSZ     RSS   %MEM  Command
18:53:04      115       926    100,40      0,00 1687812   25240   0,16  prometheus-node
18:53:04      115       927      3,59      0,00 2702228  117604   0,72  prometheus
18:53:04        0      1468      2,99      0,00 1421636   92532   0,57  tailscaled
18:53:04        0      3207     19,16      0,00 1235608   15620   0,10  containerd-shim
18:53:04        0      3227     12,97      0,00 1235352   14524   0,09  containerd-shim
18:53:04        0      3240     13,37      0,00 1235608   15636   0,10  containerd-shim
18:53:04        0      3246     14,97      0,00 1235608   15376   0,09  containerd-shim
18:53:04        0      3261     12,97      0,00 1235608   15540   0,10  containerd-shim
18:53:04     1000      9024      6,79      0,00 4676764  275352   1,70  gnome-shell
18:53:04     1000      9700     56,49      0,00 1461692876  303476   1,87  antigravity
18:53:04     1000      9756      5,79      0,00 34336508  165600   1,02  antigravity
18:53:04     1000      9767      0,60      0,00 33906012   82040   0,51  antigravity
18:53:04     1000      9830    257,49      0,00 1461371372  490548   3,02  antigravity
18:53:04     1000     10074     34,53      0,00 5034116  371352   2,29  language_server
18:53:04     1000     10109      0,20      0,00 33951332   64948   0,40  antigravity
18:53:04     1000     10121    115,37      0,00 1461391740  123772   0,76  antigravity
18:53:04     1000     10122    345,71      0,00 1461343128  284672   1,75  antigravity
18:53:04     1000     10186      8,58      0,00 1478124976  122820   0,76  antigravity
18:53:04     1000     10187     31,94      0,00 1461358904  158680   0,98  antigravity
18:53:04     1000     34449     15,37      0,00 4495476  206784   1,27  java

18:52:59      UID       PID   kB_rd/s   kB_wr/s kB_ccwr/s iodelay  Command
18:53:04     1000     10122      0,00      1,60      0,00       0  antigravity
18:53:04     1000     34418      0,00      0,75      0,00       0  pidstat
18:53:04     1000     34449      0,00      0,03      0,00       0  java

18:53:04      UID       PID    %usr %system  %guest   %wait    %CPU   CPU  Command
18:53:09        0        18    0,00    0,20    0,00    0,00    0,20     5  rcu_preempt
18:53:09        0      1457    0,20    0,00    0,00    0,00    0,20     5  glances
18:53:09        0      1489    0,20    0,40    0,00    0,00    0,60     4  containerd
18:53:09        0      2351    0,40    0,00    0,00    0,00    0,40     3  dockerd
18:53:09      117      2352    1,00    0,00    0,00    0,00    1,00     3  grafana
18:53:09        0      3170    0,40    0,40    0,00    0,00    0,80     5  mount.ntfs-3g
18:53:09        0      3246    0,00    0,20    0,00    0,00    0,20     0  containerd-shim
18:53:09      999      3405    0,40    0,00    0,00    0,00    0,40     6  redis-server
18:53:09     1000      9024    0,60    0,00    0,00    0,00    0,60     5  gnome-shell
18:53:09     1000      9700    0,00    0,20    0,00    0,20    0,20     2  antigravity
18:53:09     1000      9756    0,40    0,00    0,00    0,00    0,40     4  antigravity
18:53:09     1000      9830    1,40    0,00    0,00    0,00    1,40     4  antigravity
18:53:09     1000     10074    1,80    1,20    0,00    0,00    3,00     0  language_server
18:53:09     1000     10121    0,20    0,20    0,00    0,00    0,40     2  antigravity
18:53:09     1000     10122    1,20    0,40    0,00    0,00    1,60     7  antigravity
18:53:09     1000     10187    0,40    0,20    0,00    0,00    0,60     2  antigravity
18:53:09     1000     11152    2,20    1,60    0,00    0,00    3,80     4  language_server
18:53:09        0     32097    0,00    0,20    0,00    0,00    0,20     4  kworker/4:0-events
18:53:09     1000     34418    0,00    0,40    0,00    0,00    0,40     5  pidstat
18:53:09     1000     34449    3,00    0,00    0,00    0,00    3,00     5  java

18:53:04      UID       PID  minflt/s  majflt/s     VSZ     RSS   %MEM  Command
18:53:09      115       927      0,40      0,00 2702228  117732   0,73  prometheus
18:53:09        0      3207      0,60      0,00 1235608   15620   0,10  containerd-shim
18:53:09        0      3227      1,60      0,00 1235352   14524   0,09  containerd-shim
18:53:09        0      3240      0,60      0,00 1235608   15636   0,10  containerd-shim
18:53:09        0      3246      4,20      0,00 1235608   15376   0,09  containerd-shim
18:53:09        0      3261     14,00      0,00 1235608   15796   0,10  containerd-shim
18:53:09     1000      9024      0,40      0,00 4676764  275352   1,70  gnome-shell
18:53:09     1000      9700     54,00      0,00 1461692876  304500   1,88  antigravity
18:53:09     1000      9756      6,80      0,00 34336316  165460   1,02  antigravity
18:53:09     1000      9767      0,60      0,00 33906012   82040   0,51  antigravity
18:53:09     1000      9830    241,20      0,00 1461371372  490284   3,02  antigravity
18:53:09     1000     10074     34,60      0,00 5034116  371992   2,29  language_server
18:53:09     1000     10109      0,20      0,00 33951332   64948   0,40  antigravity
18:53:09     1000     10121      5,60      0,00 1461391740  123772   0,76  antigravity
18:53:09     1000     10122    383,20      0,00 1461343128  284416   1,75  antigravity
18:53:09     1000     10186      2,80      0,00 1478124976  122820   0,76  antigravity
18:53:09     1000     10187     31,60      0,00 1461358904  158864   0,98  antigravity
18:53:09     1000     11152      0,20      0,00 4969748  458204   2,82  language_server
18:53:09     1000     34449     66,60      0,00 4495476  207936   1,28  java

18:53:04      UID       PID   kB_rd/s   kB_wr/s kB_ccwr/s iodelay  Command
18:53:09     1000     34418      0,00      0,91      0,00       0  pidstat

18:53:09      UID       PID    %usr %system  %guest   %wait    %CPU   CPU  Command
18:53:14        0        38    0,00    0,20    0,00    0,00    0,20     3  migration/3
18:53:14      115       927    0,20    0,00    0,00    0,00    0,20     3  prometheus
18:53:14        0       937    0,60    0,00    0,00    0,00    0,60     4  udisksd
18:53:14        0      1457    0,20    0,00    0,00    0,00    0,20     5  glances
18:53:14        0      1489    0,00    0,20    0,00    0,00    0,20     4  containerd
18:53:14        0      2351    0,20    0,40    0,00    0,00    0,60     3  dockerd
18:53:14      117      2352    0,40    0,40    0,00    0,00    0,80     3  grafana
18:53:14        0      3170    0,40    0,40    0,00    0,00    0,80     7  mount.ntfs-3g
18:53:14        0      3207    0,00    0,20    0,00    0,00    0,20     6  containerd-shim
18:53:14        0      3227    0,20    0,00    0,00    0,00    0,20     3  containerd-shim
18:53:14        0      3240    0,20    0,00    0,00    0,00    0,20     1  containerd-shim
18:53:14        0      3261    0,20    0,00    0,00    0,00    0,20     3  containerd-shim
18:53:14      999      3405    0,40    0,20    0,00    0,00    0,60     6  redis-server
18:53:14     1000      9024    0,80    0,20    0,00    0,00    1,00     5  gnome-shell
18:53:14     1000      9700    0,40    0,00    0,00    0,00    0,40     2  antigravity
18:53:14     1000      9756    0,20    0,00    0,00    0,00    0,20     6  antigravity
18:53:14     1000      9830    1,20    0,40    0,00    0,00    1,60     1  antigravity
18:53:14     1000     10074    1,80    1,40    0,00    0,00    3,20     0  language_server
18:53:14     1000     10121    0,20    0,00    0,00    0,00    0,20     1  antigravity
18:53:14     1000     10122    1,00    0,40    0,00    0,00    1,40     0  antigravity
18:53:14     1000     10187    0,40    0,20    0,00    0,00    0,60     2  antigravity
18:53:14     1000     11152    1,40    1,40    0,00    0,00    2,80     4  language_server
18:53:14     1000     34418    0,00    0,40    0,00    0,00    0,40     5  pidstat
18:53:14     1000     34449    1,80    0,20    0,00    0,00    2,00     5  java

18:53:09      UID       PID  minflt/s  majflt/s     VSZ     RSS   %MEM  Command
18:53:14      115       927      0,40      0,00 2702228  117732   0,73  prometheus
18:53:14        0       937      0,20      0,00  470352   15000   0,09  udisksd
18:53:14        0      3207      1,40      0,00 1235608   15620   0,10  containerd-shim
18:53:14        0      3227      1,20      0,00 1235352   14524   0,09  containerd-shim
18:53:14        0      3240      0,40      0,00 1235608   15636   0,10  containerd-shim
18:53:14        0      3246      0,40      0,00 1235608   15376   0,09  containerd-shim
18:53:14        0      3261      0,40      0,00 1235608   15796   0,10  containerd-shim
18:53:14     1000      9024      6,80      0,00 4676828  275352   1,70  gnome-shell
18:53:14     1000      9700     59,60      0,00 1461692876  303680   1,87  antigravity
18:53:14     1000      9756      6,20      0,00 34336316  165460   1,02  antigravity
18:53:14     1000      9767      1,20      0,00 33906012   82040   0,51  antigravity
18:53:14     1000      9830    237,00      0,00 1461371372  491720   3,03  antigravity
18:53:14     1000     10109      0,20      0,00 33951332   64948   0,40  antigravity
18:53:14     1000     10121      3,40      0,00 1461391740  123772   0,76  antigravity
18:53:14     1000     10122    377,40      0,00 1461343128  285720   1,76  antigravity
18:53:14     1000     10186      2,80      0,00 1478124976  122820   0,76  antigravity
18:53:14     1000     10187     36,60      0,00 1461358904  159220   0,98  antigravity
18:53:14     1000     34449     11,40      0,00 4495476  208320   1,28  java

18:53:09      UID       PID   kB_rd/s   kB_wr/s kB_ccwr/s iodelay  Command
18:53:14     1000     10122      0,00      0,80      0,00       0  antigravity
18:53:14     1000     34418      0,00      0,72      0,00       0  pidstat
18:53:14     1000     34449      0,00      1,60      0,00       0  java

18:53:14      UID       PID    %usr %system  %guest   %wait    %CPU   CPU  Command
18:53:19        0         1    0,20    0,20    0,00    0,00    0,40     7  systemd
18:53:19        0        86    0,00    0,20    0,00    0,00    0,20     0  irq/9-acpi
18:53:19      990       905    0,40    0,20    0,00    0,00    0,60     0  dbus-daemon
18:53:19      115       926    1,00    0,40    0,00    0,00    1,40     1  prometheus-node
18:53:19      115       927    0,20    0,00    0,00    0,00    0,20     3  prometheus
18:53:19        0      1489    0,40    0,20    0,00    0,00    0,60     4  containerd
18:53:19        0      2351    0,40    0,00    0,00    0,00    0,40     3  dockerd
18:53:19      117      2352    0,60    0,40    0,00    0,00    1,00     3  grafana
18:53:19        0      3170    0,40    0,20    0,00    0,00    0,60     0  mount.ntfs-3g
18:53:19        0      3207    0,20    0,00    0,00    0,00    0,20     6  containerd-shim
18:53:19      999      3405    0,40    0,00    0,00    0,00    0,40     6  redis-server
18:53:19     1000      9024    0,40    0,20    0,00    0,00    0,60     0  gnome-shell
18:53:19     1000      9700    0,00    0,20    0,00    0,00    0,20     0  antigravity
18:53:19     1000      9756    0,20    0,20    0,00    0,00    0,40     6  antigravity
18:53:19     1000      9830   11,80    0,40    0,00    0,00   12,20     2  antigravity
18:53:19     1000     10074    1,80    1,20    0,00    0,20    3,00     7  language_server
18:53:19     1000     10121    0,20    0,20    0,00    0,00    0,40     1  antigravity
18:53:19     1000     10122    1,20    0,20    0,00    0,00    1,40     3  antigravity
18:53:19     1000     10187    0,40    0,20    0,00    0,00    0,60     0  antigravity
18:53:19     1000     11152    1,60    1,20    0,00    0,00    2,80     4  language_server
18:53:19        0     31777    0,20    0,00    0,00    0,00    0,20     3  kworker/3:0-mm_percpu_wq
18:53:19     1000     34418    0,00    0,40    0,00    0,00    0,40     0  pidstat
18:53:19     1000     34449    1,80    0,00    0,00    0,00    1,80     5  java

18:53:14      UID       PID  minflt/s  majflt/s     VSZ     RSS   %MEM  Command
18:53:19      115       926     67,80      0,00 1687812   25204   0,16  prometheus-node
18:53:19      115       927      0,20      0,00 2702228  117732   0,73  prometheus
18:53:19      114      1588      3,80      0,00  218252   30140   0,19  postgres
18:53:19        0      3207      5,40      0,00 1235608   15620   0,10  containerd-shim
18:53:19        0      3227      0,80      0,00 1235352   14524   0,09  containerd-shim
18:53:19        0      3240      5,80      0,00 1235608   15892   0,10  containerd-shim
18:53:19        0      3246      0,40      0,00 1235608   15376   0,09  containerd-shim
18:53:19        0      3261      1,60      0,00 1235608   15924   0,10  containerd-shim
18:53:19     1000      9024      0,60      0,00 4676828  275352   1,70  gnome-shell
18:53:19     1000      9700     56,80      0,00 1461692876  303676   1,87  antigravity
18:53:19     1000      9756     24,20      0,00 34336316  165716   1,02  antigravity
18:53:19     1000      9767      0,60      0,00 33906012   82040   0,51  antigravity
18:53:19     1000      9830    425,40      0,00 1461371372  486288   3,00  antigravity
18:53:19     1000     10109      0,40      0,00 33951332   64948   0,40  antigravity
18:53:19     1000     10121      3,40      0,00 1461391740  123900   0,76  antigravity
18:53:19     1000     10122    316,60      0,00 1461343128  285664   1,76  antigravity
18:53:19     1000     10186      2,80      0,00 1478124976  122820   0,76  antigravity
18:53:19     1000     10187     37,00      0,00 1461358904  159584   0,98  antigravity
18:53:19     1000     34449     13,80      0,00 4495476  208576   1,28  java

18:53:14      UID       PID   kB_rd/s   kB_wr/s kB_ccwr/s iodelay  Command
18:53:19     1000     10122      0,00      0,80      0,00       0  antigravity
18:53:19     1000     34418      0,00      0,80      0,00       0  pidstat

18:53:19      UID       PID    %usr %system  %guest   %wait    %CPU   CPU  Command
18:53:24        0      1457    0,20    0,00    0,00    0,00    0,20     5  glances
18:53:24        0      1468    0,20    0,20    0,00    0,00    0,40     7  tailscaled
18:53:24        0      1489    0,20    0,20    0,00    0,00    0,40     4  containerd
18:53:24        0      2351    0,20    0,60    0,00    0,00    0,80     3  dockerd
18:53:24      117      2352    0,80    0,40    0,00    0,00    1,20     3  grafana
18:53:24        0      3170    0,20    0,60    0,00    0,00    0,80     1  mount.ntfs-3g
18:53:24        0      3207    0,00    0,20    0,00    0,00    0,20     6  containerd-shim
18:53:24        0      3227    0,00    0,20    0,00    0,00    0,20     3  containerd-shim
18:53:24        0      3240    0,00    0,20    0,00    0,00    0,20     1  containerd-shim
18:53:24        0      3246    0,20    0,20    0,00    0,00    0,40     0  containerd-shim
18:53:24        0      3261    0,20    0,20    0,00    0,00    0,40     3  containerd-shim
18:53:24      999      3405    0,40    0,00    0,00    0,00    0,40     6  redis-server
18:53:24     1000      9024    0,60    0,20    0,00    0,00    0,80     0  gnome-shell
18:53:24     1000      9700    0,00    0,40    0,00    0,00    0,40     4  antigravity
18:53:24     1000      9756    0,20    0,00    0,00    0,00    0,20     5  antigravity
18:53:24     1000      9830    1,40    0,40    0,00    0,00    1,80     3  antigravity
18:53:24     1000     10074    1,20    2,00    0,00    0,00    3,20     1  language_server
18:53:24     1000     10121    0,20    0,00    0,00    0,00    0,20     1  antigravity
18:53:24     1000     10122    1,00    0,60    0,00    0,00    1,60     4  antigravity
18:53:24     1000     10187    0,40    0,20    0,00    0,00    0,60     0  antigravity
18:53:24     1000     11152    2,00    1,20    0,00    0,00    3,20     4  language_server
18:53:24     1000     34418    0,20    0,20    0,00    0,00    0,40     0  pidstat
18:53:24     1000     34449    1,40    0,00    0,00    0,00    1,40     5  java

18:53:19      UID       PID  minflt/s  majflt/s     VSZ     RSS   %MEM  Command
18:53:24      115       927      6,00      0,00 2702228  117860   0,73  prometheus
18:53:24        0      3207     10,00      0,00 1235608   15020   0,09  containerd-shim
18:53:24        0      3227      4,80      0,00 1235352   13804   0,09  containerd-shim
18:53:24        0      3240      0,20      0,00 1235608   15400   0,09  containerd-shim
18:53:24        0      3246      4,80      0,00 1235608   15056   0,09  containerd-shim
18:53:24        0      3261      5,20      0,00 1235608   15184   0,09  containerd-shim
18:53:24     1000      9024      6,40      0,00 4676764  275352   1,70  gnome-shell
18:53:24     1000      9700     72,60      0,00 1461692876  303940   1,87  antigravity
18:53:24     1000      9756      5,20      0,00 34336316  165716   1,02  antigravity
18:53:24     1000      9767      0,60      0,00 33906012   82040   0,51  antigravity
18:53:24     1000      9830    391,20      0,00 1461371372  489448   3,02  antigravity
18:53:24     1000     10109      0,20      0,00 33951332   64948   0,40  antigravity
18:53:24     1000     10121      4,40      0,00 1461391740  123900   0,76  antigravity
18:53:24     1000     10122    335,60      0,00 1461343128  284156   1,75  antigravity
18:53:24     1000     10186      5,60      0,00 1478124976  122820   0,76  antigravity
18:53:24     1000     10187     32,00      0,00 1461358904  159380   0,98  antigravity
18:53:24     1000     34449      9,20      0,00 4495476  208704   1,29  java

18:53:19      UID       PID   kB_rd/s   kB_wr/s kB_ccwr/s iodelay  Command
18:53:24     1000     34418      0,00      0,79      0,00       0  pidstat
18:53:24     1000     34449      0,00      1,60      0,00       0  java

18:53:24      UID       PID    %usr %system  %guest   %wait    %CPU   CPU  Command
18:53:29        0       381    0,20    0,00    0,00    0,00    0,20     3  systemd-journal
18:53:29      115       927    0,20    0,00    0,00    0,00    0,20     0  prometheus
18:53:29        0      1457    0,00    0,20    0,00    0,00    0,20     5  glances
18:53:29        0      1489    0,20    0,20    0,00    0,00    0,40     4  containerd
18:53:29        0      2351    0,40    0,20    0,00    0,00    0,60     3  dockerd
18:53:29      117      2352    1,60    0,00    0,00    0,00    1,60     3  grafana
18:53:29        0      3170    0,20    0,40    0,00    0,00    0,60     7  mount.ntfs-3g
18:53:29      999      3405    0,20    0,00    0,00    0,00    0,20     6  redis-server
18:53:29     1000      9024    0,20    0,40    0,00    0,00    0,60     2  gnome-shell
18:53:29     1000      9700    0,40    0,00    0,00    0,00    0,40     0  antigravity
18:53:29     1000      9756    0,20    0,20    0,00    0,00    0,40     6  antigravity
18:53:29     1000      9830    1,20    0,40    0,00    0,00    1,60     3  antigravity
18:53:29     1000     10074    1,60    1,40    0,00    0,00    3,00     4  language_server
18:53:29     1000     10121    0,00    0,20    0,00    0,00    0,20     1  antigravity
18:53:29     1000     10122    1,00    0,40    0,00    0,00    1,40     6  antigravity
18:53:29     1000     10187    0,60    0,00    0,00    0,00    0,60     0  antigravity
18:53:29     1000     11152    1,60    1,40    0,00    0,00    3,00     4  language_server
18:53:29        0     25979    0,00    0,20    0,00    0,00    0,20     6  kworker/u32:4-events_unbound
18:53:29     1000     34418    0,20    0,20    0,00    0,00    0,40     0  pidstat
18:53:29     1000     34449    1,80    0,40    0,00    0,00    2,20     5  java

18:53:24      UID       PID  minflt/s  majflt/s     VSZ     RSS   %MEM  Command
18:53:29        0       381      7,60      0,00  136916   82520   0,51  systemd-journal
18:53:29      115       927     33,20      0,00 2702228  118500   0,73  prometheus
18:53:29        0      1489      6,40      0,00 2242640   65732   0,40  containerd
18:53:29      117      2352     38,00      0,00 1830076  333688   2,06  grafana
18:53:29        0      3207     11,60      0,00 1235608   15148   0,09  containerd-shim
18:53:29        0      3227      8,60      0,00 1235352   14060   0,09  containerd-shim
18:53:29        0      3240      8,60      0,00 1235608   15400   0,09  containerd-shim
18:53:29        0      3246     11,40      0,00 1235608   15312   0,09  containerd-shim
18:53:29        0      3261     13,40      0,00 1235608   15312   0,09  containerd-shim
18:53:29       70      3383      4,40      0,00  174540   26160   0,16  postgres
18:53:29     1000      9024      0,60      0,00 4676828  275352   1,70  gnome-shell
18:53:29     1000      9700     52,60      0,00 1461692876  304572   1,88  antigravity
18:53:29     1000      9756      6,80      0,00 34336316  165412   1,02  antigravity
18:53:29     1000      9767      0,60      0,00 33906012   82040   0,51  antigravity
18:53:29     1000      9830    250,00      0,00 1461371372  491488   3,03  antigravity
18:53:29     1000     10109      0,20      0,00 33951332   64948   0,40  antigravity
18:53:29     1000     10121      3,40      0,00 1461391740  123900   0,76  antigravity
18:53:29     1000     10122    324,60      0,00 1461343128  284524   1,75  antigravity
18:53:29     1000     10186      2,80      0,00 1478124976  122820   0,76  antigravity
18:53:29     1000     10187     31,80      0,00 1461358904  159520   0,98  antigravity
18:53:29     1000     34449      8,20      0,00 4495476  208832   1,29  java

18:53:24      UID       PID   kB_rd/s   kB_wr/s kB_ccwr/s iodelay  Command
18:53:29     1000     10122      0,00      0,80      0,00       0  antigravity
18:53:29     1000     34418      0,00      0,75      0,00       0  pidstat

18:53:29      UID       PID    %usr %system  %guest   %wait    %CPU   CPU  Command
18:53:34        0         1    0,60    0,00    0,00    0,00    0,60     6  systemd
18:53:34        0        18    0,00    0,20    0,00    0,00    0,20     2  rcu_preempt
18:53:34        0       320    0,00    0,20    0,00    0,00    0,20     3  jbd2/sda6-8
18:53:34        0       381    0,00    0,20    0,00    0,00    0,20     0  systemd-journal
18:53:34        0       413    0,00    0,20    0,00    0,00    0,20     7  systemd-udevd
18:53:34      990       905    1,40    0,20    0,00    0,00    1,60     2  dbus-daemon
18:53:34      986       922    0,00    0,20    0,00    0,00    0,20     5  polkitd
18:53:34      115       926    1,20    0,40    0,00    0,00    1,60     1  prometheus-node
18:53:34      115       927    0,20    0,00    0,00    0,00    0,20     0  prometheus
18:53:34        0       936    0,20    0,00    0,00    0,00    0,20     4  systemd-logind
18:53:34        0       937    0,20    0,00    0,00    0,00    0,20     4  udisksd
18:53:34        0      1052    0,20    0,00    0,00    0,20    0,20     3  NetworkManager
18:53:34        0      1457    0,20    0,00    0,00    0,00    0,20     5  glances
18:53:34        0      1468    0,40    0,20    0,00    0,00    0,60     7  tailscaled
18:53:34        0      1489    0,80    0,40    0,00    0,00    1,20     4  containerd
18:53:34        0      2351    0,80    0,60    0,00    0,00    1,40     3  dockerd
18:53:34      117      2352    0,60    0,40    0,00    0,00    1,00     3  grafana
18:53:34        0      3170    0,40    0,40    0,00    0,00    0,80     7  mount.ntfs-3g
18:53:34        0      3227    0,20    0,00    0,00    0,00    0,20     3  containerd-shim
18:53:34        0      3240    0,20    0,00    0,00    0,00    0,20     1  containerd-shim
18:53:34      999      3405    0,40    0,00    0,00    0,00    0,40     3  redis-server
18:53:34     1000      8864    0,40    0,00    0,00    0,00    0,40     1  systemd
18:53:34     1000      9024    1,20    0,40    0,00    0,20    1,60     5  gnome-shell
18:53:34     1000      9138    0,20    0,00    0,00    0,00    0,20     2  gsd-housekeepin
18:53:34     1000      9166    0,20    0,00    0,00    0,00    0,20     1  gnome-software
18:53:34     1000      9200    0,00    0,20    0,00    0,00    0,20     4  anydesk
18:53:34     1000      9349    0,00    0,20    0,00    0,00    0,20     7  gvfs-udisks2-vo
18:53:34     1000      9386    0,00    0,20    0,00    0,00    0,20     7  gvfs-afc-volume
18:53:34     1000      9454    0,20    0,20    0,00    2,00    0,40     5  gvfsd-trash
18:53:34        0      9672    0,20    0,00    0,00    0,00    0,20     4  fwupd
18:53:34     1000      9700    0,20    0,20    0,00    0,00    0,40     2  antigravity
18:53:34     1000      9756    0,00    0,20    0,00    0,00    0,20     6  antigravity
18:53:34     1000      9830    1,60    0,20    0,00    0,00    1,80     0  antigravity
18:53:34     1000     10074    1,60    1,40    0,00    0,00    3,00     5  language_server
18:53:34     1000     10121    0,40    0,40    0,00    0,00    0,80     7  antigravity
18:53:34     1000     10122    1,40    0,40    0,00    0,00    1,80     0  antigravity
18:53:34     1000     10186    0,20    0,00    0,00    0,00    0,20     3  antigravity
18:53:34     1000     10187    0,40    0,20    0,00    0,00    0,60     7  antigravity
18:53:34     1000     11152    1,40    1,20    0,00    0,00    2,60     4  language_server
18:53:34        0     13128    0,00    0,20    0,00    0,00    0,20     2  kworker/u32:1-flush-8:0
18:53:34        0     33252    0,20    0,00    0,00    0,20    0,20     0  kworker/0:2-events
18:53:34        0     34004    0,00    0,20    0,00    0,00    0,20     2  kworker/2:1-events
18:53:34     1000     34418    0,00    0,40    0,00    0,00    0,40     5  pidstat
18:53:34     1000     34449    2,80    0,00    0,00    0,00    2,80     5  java

18:53:29      UID       PID  minflt/s  majflt/s     VSZ     RSS   %MEM  Command
18:53:34        0         1      0,20      0,00   24596   15460   0,10  systemd
18:53:34        0       381     42,80      0,00  136916   82520   0,51  systemd-journal
18:53:34        0       413    112,40      0,00   37696   11516   0,07  systemd-udevd
18:53:34      115       926     90,20      0,00 1687812   25300   0,16  prometheus-node
18:53:34      115       927      3,00      0,00 2702228  118628   0,73  prometheus
18:53:34        0      1468     99,60      0,00 1421636   94580   0,58  tailscaled
18:53:34        0      1489     12,00      0,00 2242640   65860   0,41  containerd
18:53:34        0      3207     15,60      0,00 1235608   15404   0,09  containerd-shim
18:53:34        0      3227     13,20      0,00 1235352   14444   0,09  containerd-shim
18:53:34        0      3240     15,60      0,00 1235608   15656   0,10  containerd-shim
18:53:34        0      3246     12,20      0,00 1235608   15568   0,10  containerd-shim
18:53:34        0      3261     13,60      0,00 1235608   15440   0,10  containerd-shim
18:53:34     1000      8864      0,20      0,00   23540   13520   0,08  systemd
18:53:34     1000      9024     10,40      0,00 4676828  275480   1,70  gnome-shell
18:53:34     1000      9700     60,60      0,00 1461692876  303668   1,87  antigravity
18:53:34     1000      9756      6,00      0,00 34336316  165412   1,02  antigravity
18:53:34     1000      9767      1,20      0,00 33906012   82040   0,51  antigravity
18:53:34     1000      9830    248,60      0,00 1461371372  491016   3,02  antigravity
18:53:34     1000     10109      0,20      0,00 33951332   64948   0,40  antigravity
18:53:34     1000     10121    243,00      0,00 1461391740  124764   0,77  antigravity
18:53:34     1000     10122    379,40      0,00 1461343128  285728   1,76  antigravity
18:53:34     1000     10186      3,00      0,00 1478124976  122820   0,76  antigravity
18:53:34     1000     10187     34,00      0,00 1461358904  160032   0,99  antigravity
18:53:34     1000     34449     10,20      0,00 4495476  208960   1,29  java
18:53:34        0     34646     61,80      0,00   37700    7324   0,05  (udev-worker)
18:53:34        0     34660     60,40      0,00   37700    7388   0,05  (udev-worker)
18:53:34        0     34661     27,80      0,00   37700    7004   0,04  (udev-worker)
18:53:34        0     34662     27,80      0,00   37700    7004   0,04  (udev-worker)
18:53:34        0     34663     27,80      0,00   37700    7004   0,04  (udev-worker)
18:53:34        0     34664     27,80      0,00   37700    7004   0,04  (udev-worker)
18:53:34        0     34665     28,00      0,00   37700    7004   0,04  (udev-worker)
18:53:34        0     34666     27,20      0,00   37700    7004   0,04  (udev-worker)
18:53:34        0     34668     28,40      0,00   37700    7004   0,04  (udev-worker)
18:53:34        0     34669     28,20      0,00   37700    7004   0,04  (udev-worker)
18:53:34        0     34670     27,80      0,00   37700    7004   0,04  (udev-worker)
18:53:34        0     34671     28,20      0,00   37700    7004   0,04  (udev-worker)
18:53:34        0     34673     27,60      0,00   37700    7004   0,04  (udev-worker)
18:53:34        0     34674     27,80      0,00   37700    7004   0,04  (udev-worker)
18:53:34        0     34675     38,20      0,00   37700    7004   0,04  (udev-worker)
18:53:34        0     34676     28,00      0,00   37700    7004   0,04  (udev-worker)

18:53:29      UID       PID   kB_rd/s   kB_wr/s kB_ccwr/s iodelay  Command
18:53:34     1000     10122      0,00      0,80      0,00       0  antigravity
18:53:34     1000     34418      0,00      0,77      0,00       0  pidstat
18:53:34     1000     34449      0,00      1,66      0,00       0  java

18:53:34      UID       PID    %usr %system  %guest   %wait    %CPU   CPU  Command
18:53:39        0      1457    0,20    0,00    0,00    0,00    0,20     5  glances
18:53:39        0      1468    0,20    0,20    0,00    0,00    0,40     7  tailscaled
18:53:39        0      1479    0,00    0,20    0,00    0,00    0,20     6  anydesk
18:53:39        0      1489    0,20    0,20    0,00    0,00    0,40     4  containerd
18:53:39        0      2351    0,20    0,20    0,00    0,00    0,40     3  dockerd
18:53:39      117      2352    0,60    0,20    0,00    0,00    0,80     3  grafana
18:53:39        0      3170    0,60    0,20    0,00    0,00    0,80     2  mount.ntfs-3g
18:53:39        0      3207    0,20    0,00    0,00    0,00    0,20     6  containerd-shim
18:53:39        0      3227    0,00    0,20    0,00    0,00    0,20     3  containerd-shim
18:53:39        0      3240    0,00    0,20    0,00    0,00    0,20     1  containerd-shim
18:53:39        0      3246    0,20    0,00    0,00    0,00    0,20     0  containerd-shim
18:53:39        0      3261    0,00    0,20    0,00    0,00    0,20     3  containerd-shim
18:53:39      999      3405    0,40    0,00    0,00    0,00    0,40     3  redis-server
18:53:39     1000      9024    0,40    0,20    0,00    0,00    0,60     5  gnome-shell
18:53:39     1000      9700    0,40    0,00    0,00    0,00    0,40     1  antigravity
18:53:39     1000      9756    0,20    0,20    0,00    0,00    0,40     0  antigravity
18:53:39     1000      9830    1,00    0,60    0,00    0,00    1,60     4  antigravity
18:53:39     1000     10074    1,00    2,00    0,00    0,20    3,00     3  language_server
18:53:39     1000     10121    0,40    0,00    0,00    0,00    0,40     7  antigravity
18:53:39     1000     10122    1,40    0,20    0,00    0,00    1,60     1  antigravity
18:53:39     1000     10187    1,40    0,00    0,00    0,00    1,40     7  antigravity
18:53:39     1000     11152    1,20    1,60    0,00    0,00    2,80     4  language_server
18:53:39        0     31798    0,20    0,00    0,00    0,00    0,20     1  kworker/1:2-events
18:53:39     1000     34418    0,20    0,20    0,00    0,00    0,40     5  pidstat
18:53:39     1000     34449    1,00    0,00    0,00    0,00    1,00     5  java

18:53:34      UID       PID  minflt/s  majflt/s     VSZ     RSS   %MEM  Command
18:53:39        0       413      0,80      0,00   37696   11516   0,07  systemd-udevd
18:53:39      115       927      0,20      0,00 2702228  118628   0,73  prometheus
18:53:39        0      1468    124,40      0,00 1421636   97140   0,60  tailscaled
18:53:39        0      3207      3,40      0,00 1235608   15532   0,10  containerd-shim
18:53:39        0      3227      0,40      0,00 1235352   14444   0,09  containerd-shim
18:53:39        0      3240      3,20      0,00 1235608   15656   0,10  containerd-shim
18:53:39        0      3246      6,20      0,00 1235608   15696   0,10  containerd-shim
18:53:39        0      3261      0,60      0,00 1235608   15440   0,10  containerd-shim
18:53:39     1000      9024      0,40      0,00 4676764  275480   1,70  gnome-shell
18:53:39     1000      9700     58,20      0,00 1461692876  303544   1,87  antigravity
18:53:39     1000      9756      6,80      0,00 34336380  165276   1,02  antigravity
18:53:39     1000      9767      0,60      0,00 33906012   82040   0,51  antigravity
18:53:39     1000      9830    253,60      0,00 1461371372  493172   3,04  antigravity
18:53:39     1000     10109      0,40      0,00 33951332   64948   0,40  antigravity
18:53:39     1000     10121     98,80      0,00 1461391740  124208   0,77  antigravity
18:53:39     1000     10122    375,00      0,00 1461343128  286048   1,76  antigravity
18:53:39     1000     10186      2,80      0,00 1478124976  122820   0,76  antigravity
18:53:39     1000     10187     49,40      0,00 1461358904  158212   0,97  antigravity
18:53:39     1000     34418      4,00      0,00    6044    4836   0,03  pidstat
18:53:39     1000     34449      3,40      0,00 4495476  209088   1,29  java

18:53:34      UID       PID   kB_rd/s   kB_wr/s kB_ccwr/s iodelay  Command
18:53:39     1000     10122      0,00      0,80      0,00       0  antigravity
18:53:39     1000     34418      0,00      1,51      0,00       0  pidstat
18:53:39     1000     34449      0,00      0,02      0,00       0  java

18:53:39      UID       PID    %usr %system  %guest   %wait    %CPU   CPU  Command
18:53:44      115       927    0,20    0,00    0,00    0,00    0,20     5  prometheus
18:53:44        0      1457    0,20    0,00    0,00    0,00    0,20     5  glances
18:53:44        0      1468    0,20    0,00    0,00    0,00    0,20     7  tailscaled
18:53:44        0      1489    0,20    0,00    0,00    0,00    0,20     4  containerd
18:53:44        0      2351    0,40    0,20    0,00    0,00    0,60     3  dockerd
18:53:44      117      2352    0,40    0,60    0,00    0,00    1,00     3  grafana
18:53:44        0      3170    1,40    0,60    0,00    0,00    2,00     1  mount.ntfs-3g
18:53:44        0      3227    0,20    0,00    0,00    0,00    0,20     3  containerd-shim
18:53:44      999      3405    0,40    0,20    0,00    0,00    0,60     4  redis-server
18:53:44     1000      9024    1,20    0,20    0,00    0,00    1,40     2  gnome-shell
18:53:44     1000      9700    0,60    0,00    0,00    0,00    0,60     7  antigravity
18:53:44     1000      9756    1,00    0,00    0,00    0,00    1,00     1  antigravity
18:53:44     1000      9830   15,00    0,20    0,00    0,00   15,20     7  antigravity
18:53:44     1000     10074    1,40    1,60    0,00    0,00    3,00     3  language_server
18:53:44     1000     10121    0,40    0,20    0,00    0,00    0,60     7  antigravity
18:53:44     1000     10122    1,80    0,40    0,00    0,00    2,20     2  antigravity
18:53:44     1000     10187    2,00    0,40    0,00    0,00    2,40     1  antigravity
18:53:44     1000     11152    1,60    1,20    0,00    0,00    2,80     4  language_server
18:53:44     1000     34418    0,20    0,20    0,00    0,00    0,40     7  pidstat

18:53:39      UID       PID  minflt/s  majflt/s     VSZ     RSS   %MEM  Command
18:53:44        0      1468     83,40      0,00 1421636   98548   0,61  tailscaled
18:53:44        0      3227      5,80      0,00 1235352   14572   0,09  containerd-shim
18:53:44        0      3240      2,20      0,00 1235608   15784   0,10  containerd-shim
18:53:44        0      3246      9,40      0,00 1235608   15696   0,10  containerd-shim
18:53:44        0      3261      0,20      0,00 1235608   15440   0,10  containerd-shim
18:53:44     1000      9024      6,60      0,00 4676764  275480   1,70  gnome-shell
18:53:44     1000      9700     54,80      0,00 1461692876  303972   1,87  antigravity
18:53:44     1000      9756     35,00      0,00 34344112  165788   1,02  antigravity
18:53:44     1000      9767      0,60      0,00 33906012   82040   0,51  antigravity
18:53:44     1000      9830    515,20      0,00 1461374508  489240   3,01  antigravity
18:53:44     1000     10109      0,20      0,00 33951332   64948   0,40  antigravity
18:53:44     1000     10121    124,00      0,00 1461391740  124188   0,77  antigravity
18:53:44     1000     10122    441,20      0,00 1461343128  284772   1,75  antigravity
18:53:44     1000     10186      5,60      0,00 1478124976  122820   0,76  antigravity
18:53:44     1000     10187     49,20      0,00 1461358904  157760   0,97  antigravity
18:53:44     1000     11152      0,40      0,00 4969748  458204   2,82  language_server
18:53:44     1000     11274      0,20      0,00 1459530528   92980   0,57  antigravity
18:53:44     1000     29312      0,80      0,00 1459530528   87828   0,54  antigravity
18:53:44     1000     33427      0,80      0,00    7664    3792   0,02  bash

18:53:39      UID       PID   kB_rd/s   kB_wr/s kB_ccwr/s iodelay  Command
18:53:44     1000     10122      0,00      0,80      0,00       0  antigravity
18:53:44     1000     33427      0,00    605,20      0,00       0  bash
18:53:44     1000     34418      0,00      0,85      0,00       0  pidstat

Rata-rata:    UID       PID    %usr %system  %guest   %wait    %CPU   CPU  Command
Rata-rata:      0         1    0,08    0,03    0,00    0,00    0,11     -  systemd
Rata-rata:      0        17    0,00    0,02    0,00    0,00    0,02     -  ksoftirqd/0
Rata-rata:      0        18    0,00    0,05    0,00    0,06    0,05     -  rcu_preempt
Rata-rata:      0        38    0,00    0,02    0,00    0,00    0,02     -  migration/3
Rata-rata:      0        86    0,00    0,05    0,00    0,00    0,05     -  irq/9-acpi
Rata-rata:      0       320    0,00    0,02    0,00    0,00    0,02     -  jbd2/sda6-8
Rata-rata:      0       381    0,02    0,02    0,00    0,00    0,03     -  systemd-journal
Rata-rata:      0       413    0,00    0,02    0,00    0,00    0,02     -  systemd-udevd
Rata-rata:      0       721    0,00    0,02    0,00    0,02    0,02     -  kworker/u33:2-i915_flip
Rata-rata:    990       905    0,23    0,05    0,00    0,00    0,28     -  dbus-daemon
Rata-rata:    986       922    0,00    0,02    0,00    0,00    0,02     -  polkitd
Rata-rata:    115       926    0,37    0,14    0,00    0,00    0,51     -  prometheus-node
Rata-rata:    115       927    0,15    0,00    0,00    0,00    0,15     -  prometheus
Rata-rata:      0       936    0,02    0,00    0,00    0,00    0,02     -  systemd-logind
Rata-rata:      0       937    0,06    0,00    0,00    0,00    0,06     -  udisksd
Rata-rata:      0      1052    0,02    0,00    0,00    0,02    0,02     -  NetworkManager
Rata-rata:      0      1457    0,14    0,02    0,00    0,00    0,15     -  glances
Rata-rata:      0      1468    0,12    0,06    0,00    0,00    0,18     -  tailscaled
Rata-rata:      0      1479    0,00    0,02    0,00    0,00    0,02     -  anydesk
Rata-rata:      0      1489    0,29    0,17    0,00    0,00    0,46     -  containerd
Rata-rata:      0      2351    0,35    0,22    0,00    0,00    0,57     -  dockerd
Rata-rata:    117      2352    0,72    0,29    0,00    0,00    1,01     -  grafana
Rata-rata:      0      2381    0,00    0,02    0,00    0,00    0,02     -  upowerd
Rata-rata:      0      3170    0,45    0,35    0,00    0,00    0,80     -  mount.ntfs-3g
Rata-rata:      0      3207    0,08    0,05    0,00    0,00    0,12     -  containerd-shim
Rata-rata:      0      3227    0,06    0,08    0,00    0,00    0,14     -  containerd-shim
Rata-rata:      0      3240    0,06    0,05    0,00    0,00    0,11     -  containerd-shim
Rata-rata:      0      3246    0,06    0,05    0,00    0,00    0,11     -  containerd-shim
Rata-rata:      0      3261    0,06    0,05    0,00    0,00    0,11     -  containerd-shim
Rata-rata:    999      3405    0,35    0,06    0,00    0,00    0,42     -  redis-server
Rata-rata:   1000      8864    0,03    0,00    0,00    0,00    0,03     -  systemd
Rata-rata:   1000      9024    0,72    0,23    0,00    0,02    0,95     -  gnome-shell
Rata-rata:   1000      9138    0,02    0,00    0,00    0,00    0,02     -  gsd-housekeepin
Rata-rata:   1000      9166    0,02    0,00    0,00    0,00    0,02     -  gnome-software
Rata-rata:   1000      9200    0,00    0,03    0,00    0,00    0,03     -  anydesk
Rata-rata:   1000      9349    0,00    0,02    0,00    0,00    0,02     -  gvfs-udisks2-vo
Rata-rata:   1000      9386    0,00    0,02    0,00    0,00    0,02     -  gvfs-afc-volume
Rata-rata:   1000      9454    0,02    0,02    0,00    0,15    0,03     -  gvfsd-trash
Rata-rata:      0      9672    0,02    0,00    0,00    0,00    0,02     -  fwupd
Rata-rata:   1000      9700    0,31    0,12    0,00    0,02    0,43     -  antigravity
Rata-rata:   1000      9756    0,32    0,14    0,00    0,00    0,46     -  antigravity
Rata-rata:   1000      9830    4,46    0,29    0,00    0,00    4,75     -  antigravity
Rata-rata:   1000     10074    1,60    1,46    0,00    0,03    3,06     -  language_server
Rata-rata:   1000     10121    0,32    0,12    0,00    0,00    0,45     -  antigravity
Rata-rata:   1000     10122    1,15    0,38    0,00    0,00    1,54     -  antigravity
Rata-rata:   1000     10186    0,02    0,02    0,00    0,00    0,03     -  antigravity
Rata-rata:   1000     10187    0,80    0,15    0,00    0,00    0,95     -  antigravity
Rata-rata:   1000     11152    1,61    1,28    0,00    0,00    2,89     -  language_server
Rata-rata:      0     13128    0,00    0,03    0,00    0,00    0,03     -  kworker/u32:1-flush-8:0
Rata-rata:      0     22947    0,00    0,02    0,00    0,00    0,02     -  kworker/u32:5-events_unbound
Rata-rata:      0     25979    0,00    0,02    0,00    0,00    0,02     -  kworker/u32:4-events_unbound
Rata-rata:      0     31777    0,02    0,00    0,00    0,02    0,02     -  kworker/3:0-events
Rata-rata:      0     31798    0,02    0,00    0,00    0,00    0,02     -  kworker/1:2-mm_percpu_wq
Rata-rata:      0     32097    0,00    0,02    0,00    0,00    0,02     -  kworker/4:0-mm_percpu_wq
Rata-rata:      0     33252    0,03    0,00    0,00    0,03    0,03     -  kworker/0:2-i915-unordered
Rata-rata:      0     34004    0,00    0,02    0,00    0,00    0,02     -  kworker/2:1-mm_percpu_wq
Rata-rata:   1000     34418    0,11    0,28    0,00    0,00    0,38     -  pidstat

Rata-rata:    UID       PID  minflt/s  majflt/s     VSZ     RSS   %MEM  Command
Rata-rata:      0         1      0,02      0,00   24596   15460   0,10  systemd
Rata-rata:      0       381      3,88      0,00  136916   82520   0,51  systemd-journal
Rata-rata:      0       413      8,70      0,00   37696   11516   0,07  systemd-udevd
Rata-rata:    115       926     28,34      0,00 1687812   25320   0,16  prometheus-node
Rata-rata:    115       927      4,06      0,00 2702228  118112   0,73  prometheus
Rata-rata:      0       937      0,02      0,00  470352   15000   0,09  udisksd
Rata-rata:      0      1468     24,00      0,00 1421636   93507   0,58  tailscaled
Rata-rata:      0      1489      1,57      0,00 2242640   65827   0,41  containerd
Rata-rata:    114      1588      0,29      0,00  218252   30140   0,19  postgres
Rata-rata:    117      2352      2,92      0,00 1830034  333586   2,06  grafana
Rata-rata:      0      3207      7,10      0,00 1235608   15435   0,10  containerd-shim
Rata-rata:      0      3227      5,95      0,00 1235352   14399   0,09  containerd-shim
Rata-rata:      0      3240      6,17      0,00 1235608   15699   0,10  containerd-shim
Rata-rata:      0      3246      6,27      0,00 1235608   15383   0,09  containerd-shim
Rata-rata:      0      3261      6,83      0,00 1235608   15568   0,10  containerd-shim
Rata-rata:     70      3383      0,34      0,00  174540   26160   0,16  postgres
Rata-rata:   1000      8864      0,02      0,00   23540   13520   0,08  systemd
Rata-rata:   1000      9024      4,11      0,00 4676789  275382   1,70  gnome-shell
Rata-rata:   1000      9700     56,67      0,00 1461692876  303829   1,87  antigravity
Rata-rata:   1000      9756     11,72      0,00 34337618  165504   1,02  antigravity
Rata-rata:   1000      9767      0,74      0,00 33906012   82040   0,51  antigravity
Rata-rata:   1000      9830    317,99      0,00 1461371613  490486   3,02  antigravity
Rata-rata:   1000      9890      0,06      0,00 1459609232  173640   1,07  antigravity
Rata-rata:   1000     10074      5,32      0,00 5034116  373182   2,30  language_server
Rata-rata:   1000     10109      0,25      0,00 33951332   64948   0,40  antigravity
Rata-rata:   1000     10121     58,19      0,00 1461391740  123934   0,76  antigravity
Rata-rata:   1000     10122    338,83      0,00 1461343128  285088   1,76  antigravity
Rata-rata:   1000     10186      4,08      0,00 1478124976  122862   0,76  antigravity
Rata-rata:   1000     10187     33,43      0,00 1461358904  158902   0,98  antigravity
Rata-rata:   1000     11152      0,05      0,00 4969748  458204   2,82  language_server
Rata-rata:   1000     11274      0,05      0,00 1459530528   92980   0,57  antigravity
Rata-rata:   1000     29312      0,06      0,00 1459530528   87828   0,54  antigravity
Rata-rata:   1000     33427      0,06      0,00    7664    3792   0,02  bash
Rata-rata:   1000     34418      0,49      0,00    6035    4836   0,03  pidstat

Rata-rata:    UID       PID   kB_rd/s   kB_wr/s kB_ccwr/s iodelay  Command
Rata-rata:   1000      9024      0,00      0,06      0,00       0  gnome-shell
Rata-rata:   1000     10122      0,00      0,62      0,00       0  antigravity
Rata-rata:   1000     33427      0,00     46,53      0,00       0  bash
Rata-rata:   1000     34418      0,00      0,79      0,00       0  pidstat
