Linux 6.12.94+deb13-amd64 (debian) 	24/06/26 	_x86_64_	(8 CPU)

18:53:44      UID       PID    %usr %system  %guest   %wait    %CPU   CPU  Command
18:53:49        0         1    0,00    0,20    0,00    0,00    0,20     6  systemd
18:53:49        0        86    0,00    0,20    0,00    0,00    0,20     0  irq/9-acpi
18:53:49        0       721    0,00    0,20    0,00    0,00    0,20     5  kworker/u33:2-i915_flip
18:53:49      990       905    0,40    0,20    0,00    0,00    0,60     1  dbus-daemon
18:53:49      115       926    1,00    0,80    0,00    0,00    1,79     6  prometheus-node
18:53:49      115       927    0,20    0,00    0,00    0,00    0,20     3  prometheus
18:53:49        0      1468    0,20    0,20    0,00    0,00    0,40     7  tailscaled
18:53:49        0      1489    0,40    0,20    0,00    0,00    0,60     4  containerd
18:53:49        0      2351    0,40    0,20    0,00    0,00    0,60     3  dockerd
18:53:49      117      2352    0,20    0,40    0,00    0,00    0,60     3  grafana
18:53:49        0      3207    0,20    0,00    0,00    0,00    0,20     6  containerd-shim
18:53:49        0      3240    0,20    0,00    0,00    0,00    0,20     1  containerd-shim
18:53:49        0      3246    0,20    0,00    0,00    0,00    0,20     0  containerd-shim
18:53:49        0      3261    0,20    0,00    0,00    0,00    0,20     3  containerd-shim
18:53:49      999      3405    0,60    0,00    0,00    0,00    0,60     3  redis-server
18:53:49     1000      9024    1,59    0,20    0,00    0,00    1,79     0  gnome-shell
18:53:49     1000      9700    0,60    0,40    0,00    0,00    1,00     7  antigravity
18:53:49     1000      9756    1,20    0,40    0,00    0,40    1,59     3  antigravity
18:53:49     1000      9830   17,53    0,60    0,00    0,00   18,13     7  antigravity
18:53:49     1000     10074    1,20    1,39    0,00    0,00    2,59     4  language_server
18:53:49     1000     10121    0,40    0,40    0,00    0,00    0,80     3  antigravity
18:53:49     1000     10122    0,80    0,20    0,00    0,00    1,00     5  antigravity
18:53:49     1000     10187    2,59    0,00    0,00    0,00    2,59     4  antigravity
18:53:49     1000     11152    1,99    0,60    0,00    0,00    2,59     2  language_server
18:53:49        0     33252    0,20    0,00    0,00    0,00    0,20     0  kworker/0:2-events
18:53:49     1000     34839    0,20    0,20    0,00    0,00    0,40     2  pidstat
18:53:49     1000     34870   79,28    4,78    0,00    0,00   84,06     2  java

18:53:44      UID       PID  minflt/s  majflt/s     VSZ     RSS   %MEM  Command
18:53:49      115       926     54,38      0,00 1687812   25256   0,16  prometheus-node
18:53:49        0      1468      1,59      0,00 1421636   98548   0,61  tailscaled
18:53:49        0      3207      4,18      0,00 1235608   15660   0,10  containerd-shim
18:53:49        0      3227      9,56      0,00 1235352   14700   0,09  containerd-shim
18:53:49        0      3240     11,95      0,00 1235608   16040   0,10  containerd-shim
18:53:49        0      3246      2,99      0,00 1235608   15696   0,10  containerd-shim
18:53:49        0      3261      5,18      0,00 1235608   15568   0,10  containerd-shim
18:53:49     1000      9024      0,40      0,00 4676764  275480   1,70  gnome-shell
18:53:49     1000      9700     35,86      0,00 1461692876  304300   1,87  antigravity
18:53:49     1000      9756      7,37      0,00 34340928  165788   1,02  antigravity
18:53:49     1000      9767      0,60      0,00 33906012   82040   0,51  antigravity
18:53:49     1000      9830    347,21      0,00 1461371372  487672   3,00  antigravity
18:53:49     1000     10109      0,20      0,00 33951332   64948   0,40  antigravity
18:53:49     1000     10121     84,06      0,00 1461391740  124188   0,77  antigravity
18:53:49     1000     10122     33,67      0,00 1461343128  284304   1,75  antigravity
18:53:49     1000     10186      2,79      0,00 1478124976  122820   0,76  antigravity
18:53:49     1000     10187     17,13      0,00 1461358904  157472   0,97  antigravity
18:53:49     1000     11274      0,40      0,00 1459530528   92980   0,57  antigravity
18:53:49     1000     29312      0,40      0,00 1459530528   87828   0,54  antigravity
18:53:49     1000     34839      1,00      0,00    5920    4808   0,03  pidstat
18:53:49     1000     34840      3,78      0,00    2676    1584   0,01  jmeter
18:53:49     1000     34870   5075,10      0,00 4495476  203408   1,25  java

18:53:44      UID       PID   kB_rd/s   kB_wr/s kB_ccwr/s iodelay  Command
18:53:49     1000     34870      0,00      2,15      0,00       0  java

18:53:49      UID       PID    %usr %system  %guest   %wait    %CPU   CPU  Command
18:53:54      115       927    0,20    0,00    0,00    0,00    0,20     5  prometheus
18:53:54        0      1457    0,20    0,00    0,00    0,00    0,20     5  glances
18:53:54        0      1468    0,20    0,00    0,00    0,00    0,20     7  tailscaled
18:53:54        0      1489    0,20    0,20    0,00    0,00    0,40     4  containerd
18:53:54        0      2351    0,40    0,00    0,00    0,00    0,40     3  dockerd
18:53:54      117      2352    0,80    0,40    0,00    0,00    1,20     3  grafana
18:53:54        0      3170    0,60    0,40    0,00    0,00    1,00     2  mount.ntfs-3g
18:53:54        0      3207    0,00    0,20    0,00    0,00    0,20     6  containerd-shim
18:53:54        0      3227    0,20    0,00    0,00    0,00    0,20     3  containerd-shim
18:53:54        0      3240    0,00    0,20    0,00    0,00    0,20     1  containerd-shim
18:53:54        0      3246    0,00    0,20    0,00    0,00    0,20     0  containerd-shim
18:53:54        0      3261    0,00    0,20    0,00    0,00    0,20     3  containerd-shim
18:53:54      999      3405    0,20    0,20    0,00    0,00    0,40     3  redis-server
18:53:54     1000      9024    0,60    0,40    0,00    0,00    1,00     0  gnome-shell
18:53:54     1000      9700    1,00    0,20    0,00    0,00    1,20     6  antigravity
18:53:54     1000      9756    0,40    0,20    0,00    0,00    0,60     7  antigravity
18:53:54     1000      9830    2,40    0,20    0,00    0,00    2,60     7  antigravity
18:53:54     1000     10074    2,40    1,00    0,00    0,20    3,40     4  language_server
18:53:54     1000     10121    0,20    0,00    0,00    0,00    0,20     3  antigravity
18:53:54     1000     10122    1,20    0,20    0,00    0,00    1,40     5  antigravity
18:53:54     1000     10187    0,60    0,20    0,00    0,00    0,80     4  antigravity
18:53:54     1000     11152    2,00    0,80    0,00    0,00    2,80     7  language_server
18:53:54     1000     34839    0,00    0,40    0,00    0,00    0,40     2  pidstat
18:53:54     1000     34870    2,80    0,20    0,00    0,00    3,00     2  java

18:53:49      UID       PID  minflt/s  majflt/s     VSZ     RSS   %MEM  Command
18:53:54      115       927      0,20      0,00 2702228  118628   0,73  prometheus
18:53:54        0      1489      0,40      0,00 2242640   65860   0,41  containerd
18:53:54        0      3207     10,40      0,00 1235608   14988   0,09  containerd-shim
18:53:54        0      3227      5,80      0,00 1235352   14364   0,09  containerd-shim
18:53:54        0      3240     10,20      0,00 1235608   15288   0,09  containerd-shim
18:53:54        0      3246      4,00      0,00 1235608   14904   0,09  containerd-shim
18:53:54        0      3261      5,00      0,00 1235608   15316   0,09  containerd-shim
18:53:54     1000      9024      6,80      0,00 4676764  275480   1,70  gnome-shell
18:53:54     1000      9700    103,40      0,00 1461692876  304156   1,87  antigravity
18:53:54     1000      9756     11,20      0,00 34343868  165260   1,02  antigravity
18:53:54     1000      9767      1,20      0,00 33906012   82040   0,51  antigravity
18:53:54     1000      9830    305,00      0,00 1461374508  490176   3,02  antigravity
18:53:54     1000      9890      2,40      0,00 1459609232  173768   1,07  antigravity
18:53:54     1000     10074     32,60      0,00 5034116  372632   2,30  language_server
18:53:54     1000     10109      0,40      0,00 33951332   64948   0,40  antigravity
18:53:54     1000     10121     14,80      0,00 1461391740  124188   0,77  antigravity
18:53:54     1000     10122    315,20      0,00 1461343128  285712   1,76  antigravity
18:53:54     1000     10186      2,80      0,00 1478124976  122820   0,76  antigravity
18:53:54     1000     10187     31,20      0,00 1461358904  158112   0,97  antigravity
18:53:54     1000     11290      0,00      0,00  377932  189824   1,17  pyrefly
18:53:54     1000     34870     32,00      0,00 4495476  203920   1,26  java

18:53:49      UID       PID   kB_rd/s   kB_wr/s kB_ccwr/s iodelay  Command
18:53:54     1000      9700      0,00      2,40      0,00       0  antigravity
18:53:54     1000     10122      0,00      1,60      0,00       0  antigravity
18:53:54     1000     34839      0,00      0,89      0,00       0  pidstat
18:53:54     1000     34870      0,00      0,03      0,00       0  java

18:53:54      UID       PID    %usr %system  %guest   %wait    %CPU   CPU  Command
18:53:59        0        18    0,00    0,20    0,00    0,00    0,20     1  rcu_preempt
18:53:59      115       927    0,00    0,20    0,00    0,00    0,20     3  prometheus
18:53:59        0      1457    0,20    0,00    0,00    0,00    0,20     5  glances
18:53:59        0      1468    0,20    0,00    0,00    0,00    0,20     7  tailscaled
18:53:59        0      1489    0,20    0,20    0,00    0,00    0,40     4  containerd
18:53:59        0      2351    0,00    0,40    0,00    0,00    0,40     3  dockerd
18:53:59      117      2352    0,60    0,20    0,00    0,00    0,80     3  grafana
18:53:59        0      3170    0,20    0,40    0,00    0,00    0,60     2  mount.ntfs-3g
18:53:59        0      3207    0,20    0,00    0,00    0,00    0,20     6  containerd-shim
18:53:59        0      3227    0,00    0,20    0,00    0,00    0,20     3  containerd-shim
18:53:59        0      3261    0,20    0,00    0,00    0,00    0,20     3  containerd-shim
18:53:59      999      3405    0,20    0,20    0,00    0,00    0,40     3  redis-server
18:53:59     1000      9024    0,20    0,40    0,00    0,00    0,60     2  gnome-shell
18:53:59     1000      9700    0,40    0,20    0,00    0,00    0,60     0  antigravity
18:53:59     1000      9756    0,20    0,20    0,00    0,00    0,40     7  antigravity
18:53:59     1000      9830    1,60    0,00    0,00    0,00    1,60     6  antigravity
18:53:59     1000     10074    1,80    1,40    0,00    0,00    3,20     6  language_server
18:53:59     1000     10121    0,00    0,20    0,00    0,00    0,20     0  antigravity
18:53:59     1000     10122    1,00    0,40    0,00    0,00    1,40     5  antigravity
18:53:59     1000     10187    0,80    0,00    0,00    0,00    0,80     4  antigravity
18:53:59     1000     11152    1,20    1,60    0,00    0,00    2,80     3  language_server
18:53:59     1000     34839    0,20    0,20    0,00    0,00    0,40     4  pidstat
18:53:59     1000     34870    2,00    0,20    0,00    0,00    2,20     2  java

18:53:54      UID       PID  minflt/s  majflt/s     VSZ     RSS   %MEM  Command
18:53:59      115       927      0,20      0,00 2702228  118628   0,73  prometheus
18:53:59        0      1489      7,20      0,00 2242640   65716   0,40  containerd
18:53:59        0      3207     10,60      0,00 1235608   15116   0,09  containerd-shim
18:53:59        0      3227     11,40      0,00 1235352   14492   0,09  containerd-shim
18:53:59        0      3240     10,60      0,00 1235608   15416   0,09  containerd-shim
18:53:59        0      3246     10,40      0,00 1235608   15032   0,09  containerd-shim
18:53:59        0      3261     10,40      0,00 1235608   15444   0,10  containerd-shim
18:53:59     1000      9024      0,20      0,00 4676764  275480   1,70  gnome-shell
18:53:59     1000      9700     92,00      0,00 1461692876  304196   1,87  antigravity
18:53:59     1000      9756     25,20      0,00 34336572  165516   1,02  antigravity
18:53:59     1000      9767      0,60      0,00 33906012   82040   0,51  antigravity
18:53:59     1000      9830    259,40      0,00 1461371372  490544   3,02  antigravity
18:53:59     1000     10109      0,20      0,00 33951332   64948   0,40  antigravity
18:53:59     1000     10121     11,40      0,00 1461391740  124188   0,77  antigravity
18:53:59     1000     10122    358,80      0,00 1461343128  284628   1,75  antigravity
18:53:59     1000     10186      6,00      0,00 1478124976  122820   0,76  antigravity
18:53:59     1000     10187     31,80      0,00 1461358904  158276   0,98  antigravity
18:53:59     1000     34870     20,20      0,00 4495476  204176   1,26  java

18:53:54      UID       PID   kB_rd/s   kB_wr/s kB_ccwr/s iodelay  Command
18:53:59     1000      9700      0,00      4,80      0,00       0  antigravity
18:53:59     1000     34839      0,00      0,87      0,00       0  pidstat

18:53:59      UID       PID    %usr %system  %guest   %wait    %CPU   CPU  Command
18:54:04        0         1    0,20    0,20    0,00    0,00    0,40     6  systemd
18:54:04        0        86    0,00    0,20    0,00    0,00    0,20     0  irq/9-acpi
18:54:04        0       903    0,20    0,00    0,00    0,00    0,20     2  cron
18:54:04      990       905    0,60    0,20    0,00    0,00    0,80     1  dbus-daemon
18:54:04      115       926    1,20    0,40    0,00    0,00    1,60     6  prometheus-node
18:54:04      115       927    0,20    0,00    0,00    0,00    0,20     3  prometheus
18:54:04        0      1457    0,20    0,00    0,00    0,00    0,20     5  glances
18:54:04        0      1468    0,20    0,00    0,00    0,00    0,20     7  tailscaled
18:54:04        0      1489    0,20    0,40    0,00    0,00    0,60     4  containerd
18:54:04      111      1556    0,20    0,00    0,00    0,00    0,20     5  mariadbd
18:54:04        0      2351    0,40    0,20    0,00    0,00    0,60     3  dockerd
18:54:04      117      2352    0,60    0,60    0,00    0,00    1,20     3  grafana
18:54:04        0      3170    0,40    0,20    0,00    0,00    0,60     5  mount.ntfs-3g
18:54:04        0      3246    0,00    0,20    0,00    0,00    0,20     0  containerd-shim
18:54:04      999      3405    0,40    0,00    0,00    0,00    0,40     0  redis-server
18:54:04     1000      9024    0,80    0,20    0,00    0,00    1,00     1  gnome-shell
18:54:04     1000      9700    0,40    0,20    0,00    0,00    0,60     0  antigravity
18:54:04     1000      9756    0,40    0,00    0,00    0,00    0,40     7  antigravity
18:54:04     1000      9830    1,80    0,20    0,00    0,00    2,00     6  antigravity
18:54:04     1000     10074    1,80    1,20    0,00    0,00    3,00     4  language_server
18:54:04     1000     10121    0,40    0,00    0,00    0,00    0,40     3  antigravity
18:54:04     1000     10122    1,40    0,20    0,00    0,00    1,60     5  antigravity
18:54:04     1000     10187    0,40    0,00    0,00    0,00    0,40     4  antigravity
18:54:04     1000     11152    1,40    1,60    0,00    0,00    3,00     5  language_server
18:54:04     1000     34839    0,20    0,20    0,00    0,00    0,40     4  pidstat
18:54:04     1000     34870    1,40    0,20    0,00    0,00    1,60     2  java

18:53:59      UID       PID  minflt/s  majflt/s     VSZ     RSS   %MEM  Command
18:54:04      115       926    109,60      0,00 1687812   25208   0,16  prometheus-node
18:54:04      115       927      0,20      0,00 2702228  118628   0,73  prometheus
18:54:04        0      1468      0,20      0,00 1421636   98548   0,61  tailscaled
18:54:04        0      1489      0,60      0,00 2242640   65716   0,40  containerd
18:54:04        0      3207     14,40      0,00 1235608   15372   0,09  containerd-shim
18:54:04        0      3227     11,20      0,00 1235352   14748   0,09  containerd-shim
18:54:04        0      3240     12,60      0,00 1235608   15544   0,10  containerd-shim
18:54:04        0      3246     12,20      0,00 1235608   15288   0,09  containerd-shim
18:54:04        0      3261     13,00      0,00 1235608   15700   0,10  containerd-shim
18:54:04     1000      9024      7,00      0,00 4676764  275480   1,70  gnome-shell
18:54:04     1000      9700    129,00      0,00 1461692876  304756   1,88  antigravity
18:54:04     1000      9756      5,60      0,00 34336300  165516   1,02  antigravity
18:54:04     1000      9767      1,80      0,00 33906012   82040   0,51  antigravity
18:54:04     1000      9830    317,00      0,00 1461371372  491516   3,03  antigravity
18:54:04     1000     10074     56,00      0,00 5034116  373144   2,30  language_server
18:54:04     1000     10109      0,20      0,00 33951332   64948   0,40  antigravity
18:54:04     1000     10121     95,40      0,00 1461391740  124444   0,77  antigravity
18:54:04     1000     10122    328,60      0,00 1461343128  284096   1,75  antigravity
18:54:04     1000     10186      5,60      0,00 1478124976  122692   0,76  antigravity
18:54:04     1000     10187     30,60      0,00 1461358904  158104   0,97  antigravity
18:54:04     1000     11152      0,20      0,00 4969748  458204   2,82  language_server
18:54:04     1000     29312      0,00      0,00 1459530528   88084   0,54  antigravity
18:54:04     1000     34870     12,40      0,00 4495476  204688   1,26  java

18:53:59      UID       PID   kB_rd/s   kB_wr/s kB_ccwr/s iodelay  Command
18:54:04     1000     10122      0,00      0,80      0,00       0  antigravity
18:54:04     1000     34839      0,00      0,77      0,00       0  pidstat
18:54:04     1000     34870      0,00      0,03      0,00       0  java

18:54:04      UID       PID    %usr %system  %guest   %wait    %CPU   CPU  Command
18:54:09        0      1468    0,00    0,20    0,00    0,00    0,20     7  tailscaled
18:54:09        0      1489    0,40    0,00    0,00    0,00    0,40     4  containerd
18:54:09        0      2351    0,40    0,40    0,00    0,00    0,80     3  dockerd
18:54:09      117      2352    0,60    0,20    0,00    0,00    0,80     3  grafana
18:54:09        0      3170    0,40    0,60    0,00    0,00    1,00     2  mount.ntfs-3g
18:54:09        0      3207    0,20    0,00    0,00    0,00    0,20     6  containerd-shim
18:54:09        0      3227    0,20    0,00    0,00    0,00    0,20     3  containerd-shim
18:54:09        0      3240    0,20    0,20    0,00    0,00    0,40     1  containerd-shim
18:54:09        0      3261    0,00    0,20    0,00    0,00    0,20     3  containerd-shim
18:54:09      999      3405    0,40    0,00    0,00    0,00    0,40     3  redis-server
18:54:09     1000      9024    0,40    0,20    0,00    0,00    0,60     2  gnome-shell
18:54:09     1000      9700    0,20    0,00    0,00    0,00    0,20     7  antigravity
18:54:09     1000      9756    0,00    0,20    0,00    0,00    0,20     4  antigravity
18:54:09     1000      9830   11,40    0,60    0,00    0,00   12,00     6  antigravity
18:54:09     1000     10074    1,60    1,60    0,00    0,20    3,20     0  language_server
18:54:09     1000     10121    0,20    0,00    0,00    0,00    0,20     0  antigravity
18:54:09     1000     10122    1,00    0,40    0,00    0,00    1,40     5  antigravity
18:54:09     1000     10187    0,80    0,00    0,00    0,00    0,80     0  antigravity
18:54:09     1000     11152    1,20    1,60    0,00    0,00    2,80     7  language_server
18:54:09     1000     34839    0,00    0,40    0,00    0,00    0,40     4  pidstat
18:54:09     1000     34870    1,00    0,20    0,00    0,00    1,20     2  java

18:54:04      UID       PID  minflt/s  majflt/s     VSZ     RSS   %MEM  Command
18:54:09      115       927      0,20      0,00 2702228  118628   0,73  prometheus
18:54:09        0      1468      0,20      0,00 1421636   98548   0,61  tailscaled
18:54:09        0      1489      1,20      0,00 2242640   65716   0,40  containerd
18:54:09        0      3207      9,00      0,00 1235608   15500   0,10  containerd-shim
18:54:09        0      3227      6,20      0,00 1235352   14748   0,09  containerd-shim
18:54:09        0      3240      9,40      0,00 1235608   15800   0,10  containerd-shim
18:54:09        0      3246     10,80      0,00 1235608   15544   0,10  containerd-shim
18:54:09        0      3261      6,40      0,00 1235608   15828   0,10  containerd-shim
18:54:09     1000      9024      0,40      0,00 4676764  275480   1,70  gnome-shell
18:54:09     1000      9700     55,40      0,00 1461692876  304680   1,88  antigravity
18:54:09     1000      9756      7,20      0,00 34336300  165292   1,02  antigravity
18:54:09     1000      9767      0,60      0,00 33906012   82040   0,51  antigravity
18:54:09     1000      9830    420,80      0,00 1461371372  486744   3,00  antigravity
18:54:09     1000     10109      0,20      0,00 33951332   64948   0,40  antigravity
18:54:09     1000     10121     13,00      0,00 1461391740  124444   0,77  antigravity
18:54:09     1000     10122    334,40      0,00 1461343128  284652   1,75  antigravity
18:54:09     1000     10186      3,00      0,00 1478124976  122692   0,76  antigravity
18:54:09     1000     10187     32,40      0,00 1461358904  158368   0,98  antigravity
18:54:09     1000     29312     14,60      0,00 1459530528   88340   0,54  antigravity
18:54:09     1000     34870     10,20      0,00 4495476  204816   1,26  java

18:54:04      UID       PID   kB_rd/s   kB_wr/s kB_ccwr/s iodelay  Command
18:54:09     1000     10122      0,00      0,80      0,00       0  antigravity
18:54:09     1000     34839      0,00      0,92      0,00       0  pidstat
18:54:09     1000     34870      0,00      1,60      0,00       0  java

18:54:09      UID       PID    %usr %system  %guest   %wait    %CPU   CPU  Command
18:54:14      115       927    0,20    0,00    0,00    0,00    0,20     5  prometheus
18:54:14        0      1457    0,20    0,00    0,00    0,00    0,20     5  glances
18:54:14        0      1468    0,20    0,00    0,00    0,00    0,20     7  tailscaled
18:54:14        0      1489    0,40    0,00    0,00    0,00    0,40     4  containerd
18:54:14        0      2351    0,40    0,00    0,00    0,00    0,40     3  dockerd
18:54:14      117      2352    0,60    0,40    0,00    0,00    1,00     3  grafana
18:54:14        0      3170    0,20    0,40    0,00    0,00    0,60     6  mount.ntfs-3g
18:54:14        0      3227    0,00    0,20    0,00    0,00    0,20     3  containerd-shim
18:54:14        0      3246    0,00    0,20    0,00    0,00    0,20     0  containerd-shim
18:54:14      999      3405    0,40    0,00    0,00    0,00    0,40     4  redis-server
18:54:14     1000      9024    0,80    0,20    0,00    0,00    1,00     0  gnome-shell
18:54:14     1000      9700    0,20    0,20    0,00    0,00    0,40     7  antigravity
18:54:14     1000      9756    0,00    0,40    0,00    0,00    0,40     7  antigravity
18:54:14     1000      9830    1,00    0,40    0,00    0,00    1,40     3  antigravity
18:54:14     1000     10074    1,60    1,40    0,00    0,00    3,00     5  language_server
18:54:14     1000     10121    0,00    0,20    0,00    0,00    0,20     0  antigravity
18:54:14     1000     10122    1,00    0,40    0,00    0,00    1,40     2  antigravity
18:54:14     1000     10187    0,40    0,00    0,00    0,00    0,40     4  antigravity
18:54:14     1000     11152    1,40    1,40    0,00    0,00    2,80     3  language_server
18:54:14        0     22947    0,00    0,20    0,00    0,00    0,20     0  kworker/u32:5-events_unbound
18:54:14     1000     34839    0,20    0,20    0,00    0,00    0,40     7  pidstat
18:54:14     1000     34870    0,80    0,00    0,00    0,00    0,80     2  java

18:54:09      UID       PID  minflt/s  majflt/s     VSZ     RSS   %MEM  Command
18:54:14        0      1489      0,60      0,00 2242640   65716   0,40  containerd
18:54:14        0      3207      1,00      0,00 1235608   15500   0,10  containerd-shim
18:54:14        0      3227      0,20      0,00 1235352   14748   0,09  containerd-shim
18:54:14        0      3240      0,80      0,00 1235608   15800   0,10  containerd-shim
18:54:14     1000      9024      6,60      0,00 4676828  275480   1,70  gnome-shell
18:54:14     1000      9700     57,00      0,00 1461692876  304048   1,87  antigravity
18:54:14     1000      9756      6,20      0,00 34336300  165420   1,02  antigravity
18:54:14     1000      9767      1,20      0,00 33906012   82040   0,51  antigravity
18:54:14     1000      9830    251,20      0,00 1461371372  489392   3,01  antigravity
18:54:14     1000     10109      0,40      0,00 33951332   64948   0,40  antigravity
18:54:14     1000     10121      2,80      0,00 1461391740  124444   0,77  antigravity
18:54:14     1000     10122    311,20      0,00 1461343128  285564   1,76  antigravity
18:54:14     1000     10186      3,00      0,00 1478124976  122692   0,76  antigravity
18:54:14     1000     10187     32,00      0,00 1461358904  159008   0,98  antigravity
18:54:14     1000     29312      0,20      0,00 1459530528   88184   0,54  antigravity
18:54:14     1000     34870      6,00      0,00 4495476  204944   1,26  java

18:54:09      UID       PID   kB_rd/s   kB_wr/s kB_ccwr/s iodelay  Command
18:54:14     1000     34839      0,00      0,78      0,00       0  pidstat

18:54:14      UID       PID    %usr %system  %guest   %wait    %CPU   CPU  Command
18:54:19      990       905    0,80    0,00    0,00    0,00    0,80     4  dbus-daemon
18:54:19      115       926    1,00    0,60    0,00    0,00    1,60     1  prometheus-node
18:54:19      115       927    0,20    0,00    0,00    0,00    0,20     3  prometheus
18:54:19        0      1479    0,20    0,00    0,00    0,00    0,20     7  anydesk
18:54:19        0      1489    0,40    0,00    0,00    0,00    0,40     4  containerd
18:54:19        0      2351    0,20    0,40    0,00    0,00    0,60     3  dockerd
18:54:19      117      2352    0,60    0,40    0,00    0,00    1,00     3  grafana
18:54:19        0      3170    0,40    0,00    0,00    0,00    0,40     5  mount.ntfs-3g
18:54:19        0      3207    0,20    0,00    0,00    0,00    0,20     6  containerd-shim
18:54:19      999      3405    0,40    0,00    0,00    0,00    0,40     4  redis-server
18:54:19     1000      9024    0,20    0,20    0,00    0,00    0,40     7  gnome-shell
18:54:19     1000      9200    0,20    0,00    0,00    0,00    0,20     4  anydesk
18:54:19     1000      9700    0,20    0,20    0,00    0,00    0,40     4  antigravity
18:54:19     1000      9756    0,20    0,20    0,00    0,00    0,40     4  antigravity
18:54:19     1000      9830    1,20    0,20    0,00    0,00    1,40     3  antigravity
18:54:19     1000     10074    1,60    1,40    0,00    0,00    3,00     3  language_server
18:54:19     1000     10121    0,20    0,00    0,00    0,00    0,20     5  antigravity
18:54:19     1000     10122    1,20    0,20    0,00    0,00    1,40     1  antigravity
18:54:19     1000     10187    0,40    0,20    0,00    0,00    0,60     4  antigravity
18:54:19     1000     11152    1,80    0,80    0,00    0,00    2,60     4  language_server
18:54:19        0     33252    0,20    0,00    0,00    0,20    0,20     0  kworker/0:2-events
18:54:19     1000     34839    0,00    0,40    0,00    0,00    0,40     7  pidstat
18:54:19     1000     34870    1,20    0,00    0,00    0,00    1,20     2  java

18:54:14      UID       PID  minflt/s  majflt/s     VSZ     RSS   %MEM  Command
18:54:19      115       926     52,00      0,00 1687812   25308   0,16  prometheus-node
18:54:19        0      1489      1,80      0,00 2242640   65716   0,40  containerd
18:54:19      114      1588      3,80      0,00  218252   30140   0,19  postgres
18:54:19        0      3207      8,60      0,00 1235608   15628   0,10  containerd-shim
18:54:19        0      3227      2,60      0,00 1235352   14748   0,09  containerd-shim
18:54:19        0      3246      7,00      0,00 1235608   15672   0,10  containerd-shim
18:54:19        0      3261      7,40      0,00 1235608   15828   0,10  containerd-shim
18:54:19     1000      9024      0,60      0,00 4676764  275480   1,70  gnome-shell
18:54:19     1000      9700     58,00      0,00 1461692876  303788   1,87  antigravity
18:54:19     1000      9756     24,60      0,00 34336300  165676   1,02  antigravity
18:54:19     1000      9767      0,60      0,00 33906012   82040   0,51  antigravity
18:54:19     1000      9830    251,00      0,00 1461371372  491204   3,03  antigravity
18:54:19     1000     10109      0,20      0,00 33951332   64948   0,40  antigravity
18:54:19     1000     10121      3,60      0,00 1461391740  124444   0,77  antigravity
18:54:19     1000     10122    347,40      0,00 1461343128  284016   1,75  antigravity
18:54:19     1000     10186      3,00      0,00 1478124976  122692   0,76  antigravity
18:54:19     1000     10187     31,60      0,00 1461358904  159048   0,98  antigravity
18:54:19     1000     34870      5,80      0,00 4495476  204944   1,26  java

18:54:14      UID       PID   kB_rd/s   kB_wr/s kB_ccwr/s iodelay  Command
18:54:19     1000     10122      0,00      0,80      0,00       0  antigravity
18:54:19     1000     34839      0,00      0,71      0,00       0  pidstat

18:54:19      UID       PID    %usr %system  %guest   %wait    %CPU   CPU  Command
18:54:24      115       927    0,00    0,20    0,00    0,00    0,20     3  prometheus
18:54:24        0      1457    0,20    0,00    0,00    0,00    0,20     5  glances
18:54:24        0      1489    0,20    0,00    0,00    0,00    0,20     4  containerd
18:54:24        0      2351    0,20    0,20    0,00    0,00    0,40     3  dockerd
18:54:24      117      2352    0,60    0,20    0,00    0,00    0,80     3  grafana
18:54:24        0      3170    0,60    0,40    0,00    0,00    1,00     4  mount.ntfs-3g
18:54:24        0      3227    0,00    0,20    0,00    0,00    0,20     3  containerd-shim
18:54:24        0      3240    0,20    0,00    0,00    0,00    0,20     1  containerd-shim
18:54:24        0      3246    0,20    0,20    0,00    0,00    0,40     0  containerd-shim
18:54:24        0      3261    0,20    0,20    0,00    0,00    0,40     3  containerd-shim
18:54:24      999      3405    0,40    0,20    0,00    0,00    0,60     4  redis-server
18:54:24     1000      9024    0,80    0,20    0,00    0,00    1,00     7  gnome-shell
18:54:24     1000      9700    0,20    0,00    0,00    0,00    0,20     2  antigravity
18:54:24     1000      9756    0,20    0,00    0,00    0,00    0,20     1  antigravity
18:54:24     1000      9830    1,40    0,20    0,00    0,00    1,60     3  antigravity
18:54:24     1000     10074    1,60    1,80    0,00    0,00    3,40     5  language_server
18:54:24     1000     10121    0,20    0,00    0,00    0,00    0,20     5  antigravity
18:54:24     1000     10122    1,20    0,40    0,00    0,00    1,60     7  antigravity
18:54:24     1000     10187    0,40    0,20    0,00    0,00    0,60     4  antigravity
18:54:24     1000     11152    1,60    1,20    0,00    0,00    2,80     3  language_server
18:54:24        0     32395    0,00    0,20    0,00    0,00    0,20     6  kworker/6:1-mm_percpu_wq
18:54:24     1000     34839    0,00    0,40    0,00    0,00    0,40     7  pidstat
18:54:24     1000     34870    0,80    0,00    0,00    0,00    0,80     2  java

18:54:19      UID       PID  minflt/s  majflt/s     VSZ     RSS   %MEM  Command
18:54:24        0      1489      3,80      0,00 2242640   65716   0,40  containerd
18:54:24        0      3207      7,40      0,00 1235608   15260   0,09  containerd-shim
18:54:24        0      3227      8,00      0,00 1235352   14300   0,09  containerd-shim
18:54:24        0      3240     10,00      0,00 1235608   15104   0,09  containerd-shim
18:54:24        0      3246     11,20      0,00 1235608   14988   0,09  containerd-shim
18:54:24        0      3261      7,40      0,00 1235608   15240   0,09  containerd-shim
18:54:24     1000      9024      6,40      0,00 4676764  275480   1,70  gnome-shell
18:54:24     1000      9700     53,20      0,00 1461692876  303940   1,87  antigravity
18:54:24     1000      9756      5,40      0,00 34336300  165804   1,02  antigravity
18:54:24     1000      9767      1,00      0,00 33906012   82040   0,51  antigravity
18:54:24     1000      9830    248,60      0,00 1461371372  493024   3,04  antigravity
18:54:24     1000     10109      0,20      0,00 33951332   64948   0,40  antigravity
18:54:24     1000     10121     30,80      0,00 1461391740  124172   0,76  antigravity
18:54:24     1000     10122    327,60      0,00 1461343128  284164   1,75  antigravity
18:54:24     1000     10186      6,00      0,00 1478124976  122692   0,76  antigravity
18:54:24     1000     10187     31,20      0,00 1461358904  159120   0,98  antigravity
18:54:24     1000     34870      6,80      0,00 4495476  205200   1,26  java

18:54:19      UID       PID   kB_rd/s   kB_wr/s kB_ccwr/s iodelay  Command
18:54:24     1000      9767      0,00      1,60      0,00       0  antigravity
18:54:24     1000     10122      0,00      0,80      0,00       0  antigravity
18:54:24     1000     34839      0,00      0,77      0,00       0  pidstat

18:54:24      UID       PID    %usr %system  %guest   %wait    %CPU   CPU  Command
18:54:29        0        86    0,00    0,20    0,00    0,00    0,20     0  irq/9-acpi
18:54:29        0      1457    0,20    0,00    0,00    0,00    0,20     5  glances
18:54:29        0      1489    0,20    0,40    0,00    0,00    0,60     4  containerd
18:54:29        0      2351    0,60    0,00    0,00    0,00    0,60     3  dockerd
18:54:29      117      2352    2,40    0,00    0,00    0,00    2,40     3  grafana
18:54:29        0      3170    0,00    0,40    0,00    0,00    0,40     6  mount.ntfs-3g
18:54:29        0      3207    0,00    0,20    0,00    0,00    0,20     6  containerd-shim
18:54:29        0      3240    0,20    0,00    0,00    0,00    0,20     1  containerd-shim
18:54:29      999      3405    0,40    0,00    0,00    0,00    0,40     5  redis-server
18:54:29       70      3873    0,20    0,00    0,00    0,00    0,20     7  postgres
18:54:29     1000      9024    0,40    0,20    0,00    0,00    0,60     6  gnome-shell
18:54:29     1000      9700    0,00    0,20    0,00    0,00    0,20     1  antigravity
18:54:29     1000      9756    0,20    0,00    0,00    0,00    0,20     1  antigravity
18:54:29     1000      9830   11,80    0,40    0,00    0,00   12,20     3  antigravity
18:54:29     1000     10074    1,20    1,60    0,00    0,00    2,80     7  language_server
18:54:29     1000     10121    0,20    0,20    0,00    0,00    0,40     7  antigravity
18:54:29     1000     10122    1,20    0,40    0,00    0,00    1,60     4  antigravity
18:54:29     1000     10187    0,60    0,00    0,00    0,00    0,60     7  antigravity
18:54:29     1000     11152    1,80    1,00    0,00    0,20    2,80     2  language_server
18:54:29        0     33395    0,20    0,00    0,00    0,00    0,20     5  kworker/5:3-events
18:54:29     1000     34839    0,20    0,20    0,00    0,00    0,40     0  pidstat
18:54:29     1000     34870    1,60    0,20    0,00    0,00    1,80     2  java

18:54:24      UID       PID  minflt/s  majflt/s     VSZ     RSS   %MEM  Command
18:54:29        0      1468      0,40      0,00 1421636   98548   0,61  tailscaled
18:54:29        0      1489      0,20      0,00 2242640   65716   0,40  containerd
18:54:29      117      2352      2,40      0,00 1830016  333688   2,06  grafana
18:54:29        0      3207     11,40      0,00 1235608   15260   0,09  containerd-shim
18:54:29        0      3227     11,60      0,00 1235352   14428   0,09  containerd-shim
18:54:29        0      3240     11,40      0,00 1235608   15104   0,09  containerd-shim
18:54:29        0      3246     10,80      0,00 1235608   15244   0,09  containerd-shim
18:54:29        0      3261     12,20      0,00 1235608   15496   0,10  containerd-shim
18:54:29       70      3383      4,40      0,00  174540   26160   0,16  postgres
18:54:29     1000      9024      0,60      0,00 4676764  275480   1,70  gnome-shell
18:54:29     1000      9700     55,80      0,00 1461692876  304648   1,88  antigravity
18:54:29     1000      9756      7,00      0,00 34336300  165448   1,02  antigravity
18:54:29     1000      9767      0,60      0,00 33906012   82040   0,51  antigravity
18:54:29     1000      9830    399,60      0,00 1461371372  486216   3,00  antigravity
18:54:29     1000     10109      0,20      0,00 33951332   64948   0,40  antigravity
18:54:29     1000     10121      2,60      0,00 1461391740  124172   0,76  antigravity
18:54:29     1000     10122    371,20      0,00 1461343128  285380   1,76  antigravity
18:54:29     1000     10186      3,00      0,00 1478124976  122692   0,76  antigravity
18:54:29     1000     10187     30,40      0,00 1461358904  159260   0,98  antigravity
18:54:29     1000     34870      7,80      0,00 4495476  205328   1,26  java

18:54:24      UID       PID   kB_rd/s   kB_wr/s kB_ccwr/s iodelay  Command
18:54:29     1000     10122      0,00      0,80      0,00       0  antigravity
18:54:29     1000     34839      0,00      0,77      0,00       0  pidstat

18:54:29      UID       PID    %usr %system  %guest   %wait    %CPU   CPU  Command
18:54:34        0         1    0,60    0,20    0,00    0,00    0,80     0  systemd
18:54:34        0        17    0,00    0,20    0,00    0,00    0,20     0  ksoftirqd/0
18:54:34        0        18    0,00    0,20    0,00    0,00    0,20     5  rcu_preempt
18:54:34        0       112    0,00    0,20    0,00    0,00    0,20     0  kworker/0:1H-kblockd
18:54:34        0       413    0,00    0,20    0,00    0,00    0,20     5  systemd-udevd
18:54:34      990       905    1,40    0,00    0,00    0,00    1,40     7  dbus-daemon
18:54:34      986       922    0,20    0,00    0,00    0,00    0,20     2  polkitd
18:54:34      115       926    1,00    0,80    0,00    0,00    1,80     1  prometheus-node
18:54:34      115       927    0,20    0,00    0,00    0,00    0,20     7  prometheus
18:54:34        0      1052    0,20    0,00    0,00   11,40    0,20     5  NetworkManager
18:54:34        0      1468    0,20    0,40    0,00    0,00    0,60     7  tailscaled
18:54:34        0      1489    0,80    0,40    0,00    0,00    1,20     4  containerd
18:54:34        0      2351    0,60    0,60    0,00    0,00    1,20     3  dockerd
18:54:34      117      2352    0,60    0,20    0,00    0,00    0,80     3  grafana
18:54:34        0      3170    0,40    0,40    0,00    0,00    0,80     2  mount.ntfs-3g
18:54:34        0      3207    0,20    0,00    0,00    0,00    0,20     6  containerd-shim
18:54:34        0      3227    0,20    0,00    0,00    0,00    0,20     3  containerd-shim
18:54:34        0      3240    0,20    0,00    0,00    0,00    0,20     1  containerd-shim
18:54:34        0      3261    0,20    0,00    0,00    0,00    0,20     3  containerd-shim
18:54:34      999      3405    0,40    0,00    0,00    0,00    0,40     3  redis-server
18:54:34     1000      8864    0,20    0,00    0,00    0,00    0,20     6  systemd
18:54:34     1000      9024    1,00    0,40    0,00    0,00    1,40     2  gnome-shell
18:54:34     1000      9138    0,20    0,20    0,00    0,00    0,40     3  gsd-housekeepin
18:54:34     1000      9162    0,20    0,00    0,00    0,00    0,20     6  gsd-sharing
18:54:34     1000      9166    0,20    0,00    0,00    0,00    0,20     4  gnome-software
18:54:34     1000      9349    0,20    0,00    0,00    0,00    0,20     7  gvfs-udisks2-vo
18:54:34     1000      9366    0,00    0,20    0,00    0,00    0,20     2  goa-daemon
18:54:34     1000      9493    0,00    0,20    0,00    0,00    0,20     0  xdg-desktop-por
18:54:34     1000      9551    0,20    0,00    0,00    0,00    0,20     0  gsd-xsettings
18:54:34     1000      9700    0,20    0,40    0,00    0,00    0,60     1  antigravity
18:54:34     1000      9756    0,40    0,00    0,00    0,00    0,40     3  antigravity
18:54:34     1000      9830    1,20    0,20    0,00    0,00    1,40     3  antigravity
18:54:34     1000     10074    1,80    1,20    0,00    0,00    3,00     7  language_server
18:54:34     1000     10121    0,40    0,20    0,00    0,00    0,60     7  antigravity
18:54:34     1000     10122    7,40    1,00    0,00    0,00    8,40     7  antigravity
18:54:34     1000     10187    0,60    0,20    0,00    0,00    0,80     7  antigravity
18:54:34     1000     11152    1,60    1,20    0,00    0,00    2,80     0  language_server
18:54:34        0     13128    0,00    0,20    0,00    0,00    0,20     5  kworker/u32:1-flush-8:0
18:54:34        0     32262    0,20    0,00    0,00    0,00    0,20     7  kworker/7:3-mm_percpu_wq
18:54:34     1000     34839    0,00    0,40    0,00    0,00    0,40     2  pidstat
18:54:34     1000     34870    1,80    0,00    0,00    0,00    1,80     2  java

18:54:29      UID       PID  minflt/s  majflt/s     VSZ     RSS   %MEM  Command
18:54:34        0       381     49,60      0,00  136916   82520   0,51  systemd-journal
18:54:34        0       413    111,00      0,00   37696   11516   0,07  systemd-udevd
18:54:34      115       926     85,60      0,00 1687812   25116   0,15  prometheus-node
18:54:34        0      1468      0,20      0,00 1421636   98548   0,61  tailscaled
18:54:34        0      1489     27,20      0,00 2242640   66228   0,41  containerd
18:54:34        0      3207     13,20      0,00 1235608   15516   0,10  containerd-shim
18:54:34        0      3227     12,20      0,00 1235352   14556   0,09  containerd-shim
18:54:34        0      3240     13,80      0,00 1235608   15488   0,10  containerd-shim
18:54:34        0      3246     12,40      0,00 1235608   15500   0,10  containerd-shim
18:54:34        0      3261     10,80      0,00 1235608   15496   0,10  containerd-shim
18:54:34     1000      9024      8,80      0,00 4676828  275480   1,70  gnome-shell
18:54:34     1000      9700     57,20      0,00 1461692876  303984   1,87  antigravity
18:54:34     1000      9756      6,80      0,00 34336300  165576   1,02  antigravity
18:54:34     1000      9767      1,20      0,00 33906012   82040   0,51  antigravity
18:54:34     1000      9830    241,60      0,00 1461371372  487980   3,01  antigravity
18:54:34     1000     10109      0,40      0,00 33951332   64948   0,40  antigravity
18:54:34     1000     10121    107,20      0,00 1461391740  124300   0,77  antigravity
18:54:34     1000     10122   1080,00      0,00 1461343128  286216   1,76  antigravity
18:54:34     1000     10186      3,40      0,00 1478124976  122692   0,76  antigravity
18:54:34     1000     10187     35,60      0,00 1461358904  159644   0,98  antigravity
18:54:34     1000     34870     28,40      0,00 4495476  205840   1,27  java
18:54:34        0     35054     64,20      0,00   37700    7324   0,05  (udev-worker)
18:54:34        0     35068     28,80      0,00   37700    7004   0,04  (udev-worker)
18:54:34        0     35070     28,60      0,00   37700    7004   0,04  (udev-worker)
18:54:34        0     35071     28,00      0,00   37700    7004   0,04  (udev-worker)
18:54:34        0     35072     27,80      0,00   37700    7004   0,04  (udev-worker)
18:54:34        0     35073     28,00      0,00   37700    7004   0,04  (udev-worker)
18:54:34        0     35074     28,00      0,00   37700    7004   0,04  (udev-worker)
18:54:34        0     35075     27,60      0,00   37700    7004   0,04  (udev-worker)
18:54:34        0     35076     61,40      0,00   37700    7260   0,04  (udev-worker)
18:54:34        0     35077     28,20      0,00   37700    7004   0,04  (udev-worker)
18:54:34        0     35079     28,20      0,00   37700    7004   0,04  (udev-worker)
18:54:34        0     35080     28,00      0,00   37700    7004   0,04  (udev-worker)
18:54:34        0     35081     28,60      0,00   37700    7004   0,04  (udev-worker)
18:54:34        0     35082     38,20      0,00   37700    7004   0,04  (udev-worker)
18:54:34        0     35084     28,20      0,00   37700    7004   0,04  (udev-worker)
18:54:34        0     35085     28,20      0,00   37700    7004   0,04  (udev-worker)

18:54:29      UID       PID   kB_rd/s   kB_wr/s kB_ccwr/s iodelay  Command
18:54:34     1000     34839      0,00      0,78      0,00       0  pidstat
18:54:34     1000     34870      0,00      0,06      0,00       0  java

18:54:34      UID       PID    %usr %system  %guest   %wait    %CPU   CPU  Command
18:54:39        0      1457    0,20    0,20    0,00    0,00    0,40     5  glances
18:54:39        0      1468    0,20    0,00    0,00    0,00    0,20     7  tailscaled
18:54:39        0      1489    0,20    0,00    0,00    0,00    0,20     4  containerd
18:54:39        0      2351    0,40    0,20    0,00    0,00    0,60     3  dockerd
18:54:39      117      2352    0,60    0,20    0,00    0,00    0,80     3  grafana
18:54:39        0      3170    0,60    0,40    0,00    0,00    1,00     5  mount.ntfs-3g
18:54:39        0      3246    0,20    0,20    0,00    0,00    0,40     0  containerd-shim
18:54:39        0      3261    0,00    0,20    0,00    0,00    0,20     3  containerd-shim
18:54:39      999      3405    0,40    0,00    0,00    0,00    0,40     0  redis-server
18:54:39     1000      9024    0,20    0,40    0,00    0,00    0,60     6  gnome-shell
18:54:39     1000      9700    0,20    0,00    0,00    0,00    0,20     2  antigravity
18:54:39     1000      9756    0,20    0,00    0,00    0,00    0,20     1  antigravity
18:54:39     1000      9830    1,40    0,20    0,00    0,00    1,60     3  antigravity
18:54:39     1000     10074    1,20    1,80    0,00    0,20    3,00     5  language_server
18:54:39     1000     10121    0,40    0,00    0,00    0,00    0,40     7  antigravity
18:54:39     1000     10122    1,20    0,40    0,00    0,00    1,60     7  antigravity
18:54:39     1000     10187    0,80    0,00    0,00    0,00    0,80     7  antigravity
18:54:39     1000     11152    1,00    1,80    0,00    0,00    2,80     3  language_server
18:54:39     1000     29312    0,20    0,00    0,00    0,00    0,20     3  antigravity
18:54:39     1000     34839    0,20    0,20    0,00    0,00    0,40     1  pidstat
18:54:39     1000     34870    1,00    0,00    0,00    0,00    1,00     2  java

18:54:34      UID       PID  minflt/s  majflt/s     VSZ     RSS   %MEM  Command
18:54:39        0       413      1,20      0,00   37696   11516   0,07  systemd-udevd
18:54:39        0      3207      8,00      0,00 1235608   15644   0,10  containerd-shim
18:54:39        0      3227      2,40      0,00 1235352   14556   0,09  containerd-shim
18:54:39        0      3240      6,80      0,00 1235608   15744   0,10  containerd-shim
18:54:39        0      3246      7,40      0,00 1235608   15756   0,10  containerd-shim
18:54:39     1000      9024      0,40      0,00 4676764  275480   1,70  gnome-shell
18:54:39     1000      9700     58,20      0,00 1461692876  304076   1,87  antigravity
18:54:39     1000      9756      7,20      0,00 34336300  165576   1,02  antigravity
18:54:39     1000      9767      0,60      0,00 33906012   82040   0,51  antigravity
18:54:39     1000      9830    258,80      0,00 1461371372  490492   3,02  antigravity
18:54:39     1000     10109      0,20      0,00 33951332   64948   0,40  antigravity
18:54:39     1000     10121     93,80      0,00 1461391740  124300   0,77  antigravity
18:54:39     1000     10122    415,80      0,00 1461343128  284828   1,75  antigravity
18:54:39     1000     10186      3,00      0,00 1478124976  122692   0,76  antigravity
18:54:39     1000     10187     37,20      0,00 1461358904  159788   0,98  antigravity
18:54:39     1000     34839      7,00      0,00    6052    4936   0,03  pidstat
18:54:39     1000     34870      5,00      0,00 4495476  205968   1,27  java

18:54:34      UID       PID   kB_rd/s   kB_wr/s kB_ccwr/s iodelay  Command
18:54:39     1000     10122      0,00      1,60      0,00       0  antigravity
18:54:39     1000     34839      0,00      1,40      0,00       0  pidstat

18:54:39      UID       PID    %usr %system  %guest   %wait    %CPU   CPU  Command
18:54:44        0       413    0,20    0,00    0,00    0,00    0,20     5  systemd-udevd
18:54:44      115       927    0,20    0,00    0,00    0,00    0,20     7  prometheus
18:54:44        0      1468    0,00    0,20    0,00    0,00    0,20     7  tailscaled
18:54:44        0      1489    0,20    0,20    0,00    0,00    0,40     4  containerd
18:54:44        0      2351    0,40    0,20    0,00    0,00    0,60     3  dockerd
18:54:44      117      2352    0,40    0,80    0,00    0,00    1,20     3  grafana
18:54:44        0      3170    0,20    0,40    0,00    0,00    0,60     2  mount.ntfs-3g
18:54:44        0      3227    0,20    0,00    0,00    0,00    0,20     3  containerd-shim
18:54:44        0      3240    0,00    0,20    0,00    0,00    0,20     1  containerd-shim
18:54:44      999      3405    0,40    0,00    0,00    0,00    0,40     3  redis-server
18:54:44     1000      9024    0,80    0,40    0,00    0,00    1,20     5  gnome-shell
18:54:44     1000      9700    0,20    0,00    0,00    0,00    0,20     1  antigravity
18:54:44     1000      9756    0,20    0,20    0,00    0,00    0,40     3  antigravity
18:54:44     1000      9830    1,40    0,00    0,00    0,00    1,40     4  antigravity
18:54:44     1000     10074    1,60    1,60    0,00    0,00    3,20     6  language_server
18:54:44     1000     10121    0,20    0,00    0,00    0,00    0,20     4  antigravity
18:54:44     1000     10122    0,80    0,60    0,00    0,00    1,40     7  antigravity
18:54:44     1000     10187    0,60    0,20    0,00    0,00    0,80     0  antigravity
18:54:44     1000     11152    1,20    2,00    0,00    0,00    3,20     2  language_server
18:54:44        0     22947    0,00    0,20    0,00    0,00    0,20     7  kworker/u32:5-events_unbound
18:54:44     1000     34839    0,20    0,40    0,00    0,00    0,60     2  pidstat
18:54:44     1000     34870    1,40    0,00    0,00    0,00    1,40     2  java

18:54:39      UID       PID  minflt/s  majflt/s     VSZ     RSS   %MEM  Command
18:54:44        0      1489      0,20      0,00 2242640   66228   0,41  containerd
18:54:44        0      3207      1,00      0,00 1235608   15644   0,10  containerd-shim
18:54:44        0      3227      0,40      0,00 1235352   14684   0,09  containerd-shim
18:54:44        0      3240      8,40      0,00 1235608   16000   0,10  containerd-shim
18:54:44        0      3246      0,80      0,00 1235608   15756   0,10  containerd-shim
18:54:44        0      3261      5,80      0,00 1235608   15624   0,10  containerd-shim
18:54:44     1000      9024      6,60      0,00 4676764  275352   1,70  gnome-shell
18:54:44     1000      9700     55,40      0,00 1461692876  303936   1,87  antigravity
18:54:44     1000      9756     27,80      0,00 34336364  165832   1,02  antigravity
18:54:44     1000      9767      0,60      0,00 33906012   82040   0,51  antigravity
18:54:44     1000      9830    244,80      0,00 1461371372  493064   3,04  antigravity
18:54:44     1000     10109      0,20      0,00 33951332   64948   0,40  antigravity
18:54:44     1000     10121     12,00      0,00 1461391740  124300   0,77  antigravity
18:54:44     1000     10122    366,80      0,00 1461343128  285172   1,76  antigravity
18:54:44     1000     10186      6,00      0,00 1478124976  122692   0,76  antigravity
18:54:44     1000     10187     39,40      0,00 1461358904  159916   0,99  antigravity
18:54:44     1000     34839      0,00      0,00    6008    4936   0,03  pidstat
18:54:44     1000     34870     18,60      0,00 4495476  206480   1,27  java

18:54:39      UID       PID   kB_rd/s   kB_wr/s kB_ccwr/s iodelay  Command
18:54:44     1000     34839      0,00      0,72      0,00       0  pidstat
18:54:44     1000     34870      0,00      0,07      0,00       0  java

18:54:44      UID       PID    %usr %system  %guest   %wait    %CPU   CPU  Command
18:54:49        0         1    0,20    0,00    0,00    0,00    0,20     1  systemd
18:54:49        0        21    0,00    0,20    0,00    0,00    0,20     0  migration/0
18:54:49        0        86    0,00    0,20    0,00    0,00    0,20     0  irq/9-acpi
18:54:49      102       896    0,20    0,00    0,00    0,00    0,20     2  avahi-daemon
18:54:49      990       905    0,80    0,00    0,00    0,00    0,80     5  dbus-daemon
18:54:49      115       926    1,00    0,60    0,00    0,00    1,60     7  prometheus-node
18:54:49      115       927    0,20    0,00    0,00    0,00    0,20     0  prometheus
18:54:49        0      1457    0,20    0,00    0,00    0,00    0,20     5  glances
18:54:49        0      1468    0,20    0,00    0,00    0,00    0,20     7  tailscaled
18:54:49        0      1489    0,20    0,20    0,00    0,00    0,40     4  containerd
18:54:49        0      1599    0,00    0,20    0,00    0,00    0,20     4  apache2
18:54:49        0      2351    0,20    0,20    0,00    0,00    0,40     3  dockerd
18:54:49      117      2352    0,20    0,60    0,00    0,00    0,80     3  grafana
18:54:49        0      3170    1,00    1,00    0,00    0,20    2,00     2  mount.ntfs-3g
18:54:49        0      3207    0,20    0,20    0,00    0,00    0,40     6  containerd-shim
18:54:49        0      3227    0,00    0,20    0,00    0,00    0,20     3  containerd-shim
18:54:49      999      3405    0,40    0,00    0,00    0,00    0,40     1  redis-server
18:54:49     1000      9024    1,00    0,00    0,00    0,00    1,00     4  gnome-shell
18:54:49     1000      9700    0,60    0,60    0,00    0,20    1,20     4  antigravity
18:54:49     1000      9756    1,00    0,40    0,00    0,00    1,40     4  antigravity
18:54:49     1000      9830   17,00    0,40    0,00    0,00   17,40     2  antigravity
18:54:49     1000     10074    0,60    2,20    0,00    0,00    2,80     5  language_server
18:54:49     1000     10121    0,20    0,40    0,00    0,00    0,60     3  antigravity
18:54:49     1000     10122    2,00    0,60    0,00    0,00    2,60     4  antigravity
18:54:49     1000     10187    2,00    0,20    0,00    0,20    2,20     7  antigravity
18:54:49     1000     11152    1,60    1,20    0,00    0,00    2,80     0  language_server
18:54:49     1000     11245    0,20    0,00    0,00    0,00    0,20     6  antigravity
18:54:49        0     25979    0,00    0,20    0,00    0,00    0,20     5  kworker/u32:4-flush-8:0
18:54:49        0     33252    0,20    0,00    0,00    0,00    0,20     0  kworker/0:2-events
18:54:49     1000     34839    0,00    0,20    0,00    0,00    0,20     6  pidstat

18:54:44      UID       PID  minflt/s  majflt/s     VSZ     RSS   %MEM  Command
18:54:49      115       926     83,40      0,00 1687812   25148   0,15  prometheus-node
18:54:49        0      3227      7,00      0,00 1235352   14684   0,09  containerd-shim
18:54:49        0      3240      0,20      0,00 1235608   16000   0,10  containerd-shim
18:54:49        0      3246      6,60      0,00 1235608   16012   0,10  containerd-shim
18:54:49        0      3261      0,40      0,00 1235608   15752   0,10  containerd-shim
18:54:49     1000      9024      0,60      0,00 4676764  275352   1,70  gnome-shell
18:54:49     1000      9700     59,20      0,00 1461692876  304832   1,88  antigravity
18:54:49     1000      9756     14,60      0,00 34340948  165832   1,02  antigravity
18:54:49     1000      9767      0,60      0,00 33906012   82040   0,51  antigravity
18:54:49     1000      9830    738,20      0,00 1461371372  490324   3,02  antigravity
18:54:49     1000     10109      0,20      0,00 33951332   64948   0,40  antigravity
18:54:49     1000     10121    126,20      0,00 1461391740  124416   0,77  antigravity
18:54:49     1000     10122    418,20      0,00 1461343128  286244   1,76  antigravity
18:54:49     1000     10186      3,00      0,00 1478124976  122692   0,76  antigravity
18:54:49     1000     10187    100,00      0,00 1461358904  160424   0,99  antigravity
18:54:49     1000     11274      0,60      0,00 1459530528   92980   0,57  antigravity
18:54:49     1000     29312      2,40      0,00 1459530528   88184   0,54  antigravity
18:54:49     1000     33427      0,60      0,00    7664    3792   0,02  bash

18:54:44      UID       PID   kB_rd/s   kB_wr/s kB_ccwr/s iodelay  Command
18:54:49     1000     10122      0,00      0,80      0,00       0  antigravity
18:54:49     1000     33427      0,00    591,62      0,00       0  bash
18:54:49     1000     34839      0,00      0,75      0,00       0  pidstat

Rata-rata:    UID       PID    %usr %system  %guest   %wait    %CPU   CPU  Command
Rata-rata:      0         1    0,08    0,05    0,00    0,00    0,12     -  systemd
Rata-rata:      0        17    0,00    0,02    0,00    0,00    0,02     -  ksoftirqd/0
Rata-rata:      0        18    0,00    0,03    0,00    0,02    0,03     -  rcu_preempt
Rata-rata:      0        21    0,00    0,02    0,00    0,00    0,02     -  migration/0
Rata-rata:      0        86    0,00    0,06    0,00    0,00    0,06     -  irq/9-acpi
Rata-rata:      0       112    0,00    0,02    0,00    0,00    0,02     -  kworker/0:1H-events_highpri
Rata-rata:      0       413    0,02    0,02    0,00    0,00    0,03     -  systemd-udevd
Rata-rata:      0       721    0,00    0,02    0,00    0,00    0,02     -  kworker/u33:2-i915_flip
Rata-rata:    102       896    0,02    0,00    0,00    0,00    0,02     -  avahi-daemon
Rata-rata:      0       903    0,02    0,00    0,00    0,00    0,02     -  cron
Rata-rata:    990       905    0,31    0,03    0,00    0,00    0,34     -  dbus-daemon
Rata-rata:    986       922    0,02    0,00    0,00    0,00    0,02     -  polkitd
Rata-rata:    115       926    0,40    0,25    0,00    0,00    0,65     -  prometheus-node
Rata-rata:    115       927    0,12    0,03    0,00    0,00    0,15     -  prometheus
Rata-rata:      0      1052    0,02    0,00    0,00    0,88    0,02     -  NetworkManager
Rata-rata:      0      1457    0,12    0,02    0,00    0,00    0,14     -  glances
Rata-rata:      0      1468    0,12    0,08    0,00    0,00    0,20     -  tailscaled
Rata-rata:      0      1479    0,02    0,00    0,00    0,00    0,02     -  anydesk
Rata-rata:      0      1489    0,31    0,17    0,00    0,00    0,48     -  containerd
Rata-rata:    111      1556    0,02    0,00    0,00    0,00    0,02     -  mariadbd
Rata-rata:      0      1599    0,00    0,02    0,00    0,00    0,02     -  apache2
Rata-rata:      0      2351    0,35    0,23    0,00    0,00    0,58     -  dockerd
Rata-rata:    117      2352    0,68    0,35    0,00    0,00    1,03     -  grafana
Rata-rata:      0      3170    0,38    0,38    0,00    0,02    0,77     -  mount.ntfs-3g
Rata-rata:      0      3207    0,09    0,05    0,00    0,00    0,14     -  containerd-shim
Rata-rata:      0      3227    0,06    0,06    0,00    0,00    0,12     -  containerd-shim
Rata-rata:      0      3240    0,08    0,05    0,00    0,00    0,12     -  containerd-shim
Rata-rata:      0      3246    0,05    0,08    0,00    0,00    0,12     -  containerd-shim
Rata-rata:      0      3261    0,06    0,06    0,00    0,00    0,12     -  containerd-shim
Rata-rata:    999      3405    0,38    0,05    0,00    0,00    0,43     -  redis-server
Rata-rata:     70      3873    0,02    0,00    0,00    0,00    0,02     -  postgres
Rata-rata:   1000      8864    0,02    0,00    0,00    0,00    0,02     -  systemd
Rata-rata:   1000      9024    0,68    0,26    0,00    0,00    0,94     -  gnome-shell
Rata-rata:   1000      9138    0,02    0,02    0,00    0,00    0,03     -  gsd-housekeepin
Rata-rata:   1000      9162    0,02    0,00    0,00    0,00    0,02     -  gsd-sharing
Rata-rata:   1000      9166    0,02    0,00    0,00    0,00    0,02     -  gnome-software
Rata-rata:   1000      9200    0,02    0,00    0,00    0,00    0,02     -  anydesk
Rata-rata:   1000      9349    0,02    0,00    0,00    0,00    0,02     -  gvfs-udisks2-vo
Rata-rata:   1000      9366    0,00    0,02    0,00    0,00    0,02     -  goa-daemon
Rata-rata:   1000      9493    0,00    0,02    0,00    0,00    0,02     -  xdg-desktop-por
Rata-rata:   1000      9551    0,02    0,00    0,00    0,00    0,02     -  gsd-xsettings
Rata-rata:   1000      9700    0,34    0,20    0,00    0,02    0,54     -  antigravity
Rata-rata:   1000      9756    0,35    0,17    0,00    0,03    0,52     -  antigravity
Rata-rata:   1000      9830    5,48    0,28    0,00    0,00    5,75     -  antigravity
Rata-rata:   1000     10074    1,54    1,51    0,00    0,05    3,05     -  language_server
Rata-rata:   1000     10121    0,23    0,12    0,00    0,00    0,35     -  antigravity
Rata-rata:   1000     10122    1,65    0,42    0,00    0,00    2,06     -  antigravity
Rata-rata:   1000     10187    0,85    0,09    0,00    0,02    0,94     -  antigravity
Rata-rata:   1000     11152    1,52    1,29    0,00    0,02    2,81     -  language_server
Rata-rata:   1000     11245    0,02    0,00    0,00    0,00    0,02     -  antigravity
Rata-rata:      0     13128    0,00    0,02    0,00    0,00    0,02     -  kworker/u32:1-flush-8:0
Rata-rata:      0     22947    0,00    0,03    0,00    0,02    0,03     -  kworker/u32:5-events_unbound
Rata-rata:      0     25979    0,00    0,02    0,00    0,09    0,02     -  kworker/u32:4-flush-8:0
Rata-rata:   1000     29312    0,02    0,00    0,00    0,00    0,02     -  antigravity
Rata-rata:      0     32262    0,02    0,00    0,00    0,00    0,02     -  kworker/7:3-events_freezable
Rata-rata:      0     32395    0,00    0,02    0,00    0,02    0,02     -  kworker/6:1-events
Rata-rata:      0     33252    0,05    0,00    0,00    0,03    0,05     -  kworker/0:2-events
Rata-rata:      0     33395    0,02    0,00    0,00    0,00    0,02     -  kworker/5:3-mm_percpu_wq
Rata-rata:   1000     34839    0,11    0,29    0,00    0,00    0,40     -  pidstat

Rata-rata:    UID       PID  minflt/s  majflt/s     VSZ     RSS   %MEM  Command
Rata-rata:      0       381      3,81      0,00  136916   82520   0,51  systemd-journal
Rata-rata:      0       413      8,63      0,00   37696   11516   0,07  systemd-udevd
Rata-rata:    115       926     29,62      0,00 1687812   25216   0,16  prometheus-node
Rata-rata:    115       927      0,06      0,00 2702228  118628   0,73  prometheus
Rata-rata:      0      1468      0,20      0,00 1421636   98548   0,61  tailscaled
Rata-rata:      0      1489      3,32      0,00 2242640   65896   0,41  containerd
Rata-rata:    114      1588      0,29      0,00  218252   30140   0,19  postgres
Rata-rata:    117      2352      0,18      0,00 1830053  333688   2,06  grafana
Rata-rata:      0      3207      7,63      0,00 1235608   15441   0,10  containerd-shim
Rata-rata:      0      3227      6,81      0,00 1235352   14597   0,09  containerd-shim
Rata-rata:      0      3240      8,17      0,00 1235608   15625   0,10  containerd-shim
Rata-rata:      0      3246      7,43      0,00 1235608   15457   0,10  containerd-shim
Rata-rata:      0      3261      6,46      0,00 1235608   15586   0,10  containerd-shim
Rata-rata:     70      3383      0,34      0,00  174540   26160   0,16  postgres
Rata-rata:   1000      9024      3,49      0,00 4676774  275460   1,70  gnome-shell
Rata-rata:   1000      9700     66,89      0,00 1461692876  304257   1,87  antigravity
Rata-rata:   1000      9756     12,01      0,00 34337622  165580   1,02  antigravity
Rata-rata:   1000      9767      0,86      0,00 33906012   82040   0,51  antigravity
Rata-rata:   1000      9830    329,48      0,00 1461371613  489873   3,02  antigravity
Rata-rata:   1000      9890      0,18      0,00 1459609232  173758   1,07  antigravity
Rata-rata:   1000     10074      6,81      0,00 5034116  372977   2,30  language_server
Rata-rata:   1000     10109      0,25      0,00 33951332   64948   0,40  antigravity
Rata-rata:   1000     10121     45,99      0,00 1461391740  124308   0,77  antigravity
Rata-rata:   1000     10122    385,19      0,00 1461343128  284998   1,76  antigravity
Rata-rata:   1000     10186      3,89      0,00 1478124976  122722   0,76  antigravity
Rata-rata:   1000     10187     36,96      0,00 1461358904  158965   0,98  antigravity
Rata-rata:   1000     11152      0,02      0,00 4969748  458204   2,82  language_server
Rata-rata:   1000     11274      0,08      0,00 1459530528   92980   0,57  antigravity
Rata-rata:   1000     11290      0,00      0,00  377932  189814   1,17  pyrefly
Rata-rata:   1000     29312      1,35      0,00 1459530528   88106   0,54  antigravity
Rata-rata:   1000     33427      0,05      0,00    7664    3792   0,02  bash
Rata-rata:   1000     34839      0,62      0,00    5944    4838   0,03  pidstat

Rata-rata:    UID       PID   kB_rd/s   kB_wr/s kB_ccwr/s iodelay  Command
Rata-rata:   1000      9700      0,00      0,55      0,00       0  antigravity
Rata-rata:   1000      9767      0,00      0,12      0,00       0  antigravity
Rata-rata:   1000     10122      0,00      0,62      0,00       0  antigravity
Rata-rata:   1000     33427      0,00     45,49      0,00       0  bash
Rata-rata:   1000     34839      0,00      0,78      0,00       0  pidstat
