Linux 6.12.94+deb13-amd64 (debian) 	24/06/26 	_x86_64_	(8 CPU)

19:05:12      UID       PID    %usr %system  %guest   %wait    %CPU   CPU  Command
19:05:17        0        17    0,00    0,20    0,00    0,00    0,20     0  ksoftirqd/0
19:05:17        0      1457    0,20    0,00    0,00    0,00    0,20     5  glances
19:05:17        0      1468    0,20    0,00    0,00    0,00    0,20     6  tailscaled
19:05:17        0      1489    0,60    0,00    0,00    0,00    0,60     4  containerd
19:05:17        0      1599    0,00    0,20    0,00    0,00    0,20     0  apache2
19:05:17        0      2351    0,00    0,40    0,00    0,00    0,40     3  dockerd
19:05:17      117      2352    0,40    0,40    0,00    0,00    0,80     1  grafana
19:05:17        0      3170    0,20    0,00    0,00    0,00    0,20     3  mount.ntfs-3g
19:05:17        0      3207    0,20    0,00    0,00    0,00    0,20     6  containerd-shim
19:05:17        0      3227    0,00    0,20    0,00    0,00    0,20     3  containerd-shim
19:05:17        0      3240    0,20    0,20    0,00    0,00    0,40     1  containerd-shim
19:05:17      999      3405    0,40    0,00    0,00    0,00    0,40     1  redis-server
19:05:17     1000      9024    1,59    0,20    0,00    0,20    1,79     4  gnome-shell
19:05:17     1000      9700    0,60    0,40    0,00    0,00    0,99     7  antigravity
19:05:17     1000      9756    0,99    0,60    0,00    0,00    1,59     6  antigravity
19:05:17     1000      9830    7,16    0,40    0,00    0,00    7,55     5  antigravity
19:05:17     1000     10074    1,19    1,19    0,00    0,00    2,39     7  language_server
19:05:17     1000     10121    0,00    0,40    0,00    0,00    0,40     3  antigravity
19:05:17     1000     10122   10,34    0,40    0,00    0,40   10,74     5  antigravity
19:05:17     1000     10187    2,78    0,20    0,00    0,00    2,98     6  antigravity
19:05:17     1000     11152    1,19    1,19    0,00    0,00    2,39     0  language_server
19:05:17        0     30858    0,00    0,20    0,00    0,00    0,20     3  kworker/u32:3-events_unbound
19:05:17     1000     39753    0,20    0,20    0,00    0,00    0,40     6  pidstat
19:05:17     1000     39791  107,95    7,36    0,00    0,00  115,31     7  java

19:05:12      UID       PID  minflt/s  majflt/s     VSZ     RSS   %MEM  Command
19:05:17        0      1468    162,82      0,00 1421636  102172   0,63  tailscaled
19:05:17        0      3207      1,19      0,00 1235608   15156   0,09  containerd-shim
19:05:17        0      3227      6,56      0,00 1235352   14620   0,09  containerd-shim
19:05:17        0      3240      1,19      0,00 1235608   15592   0,10  containerd-shim
19:05:17        0      3246      3,98      0,00 1235608   15972   0,10  containerd-shim
19:05:17        0      3261      5,77      0,00 1235608   15956   0,10  containerd-shim
19:05:17     1000      9024      0,99      0,00 4672668  275504   1,70  gnome-shell
19:05:17     1000      9700     38,17      0,00 1461692876  304100   1,87  antigravity
19:05:17     1000      9756     13,92      0,00 34341380  165396   1,02  antigravity
19:05:17     1000      9767      0,60      0,00 33906012   82040   0,51  antigravity
19:05:17     1000      9830    345,73      0,00 1461371884  490060   3,02  antigravity
19:05:17     1000     10109      0,20      0,00 33951332   64948   0,40  antigravity
19:05:17     1000     10121     99,40      0,00 1461391740  127916   0,79  antigravity
19:05:17     1000     10122   1187,08      0,00 1461343128  272808   1,68  antigravity
19:05:17     1000     10186      2,98      0,00 1478124976  122768   0,76  antigravity
19:05:17     1000     10187     32,41      0,00 1461358904  158624   0,98  antigravity
19:05:17     1000     39753      1,19      0,00    6052    5012   0,03  pidstat
19:05:17     1000     39754      3,78      0,00    2676    1740   0,01  jmeter
19:05:17     1000     39791   9625,65      0,00 6506524  277288   1,71  java
19:05:17     1000     40330     27,63      0,00    2672    1516   0,01  sh
19:05:17     1000     40331     95,43      0,00    7144    3180   0,02  cpuUsage.sh

19:05:12      UID       PID   kB_rd/s   kB_wr/s kB_ccwr/s iodelay  Command
19:05:17     1000     39791      0,00      2,15      0,00       0  java

19:05:17      UID       PID    %usr %system  %guest   %wait    %CPU   CPU  Command
19:05:22        0         1    0,20    0,00    0,00    0,00    0,20     2  systemd
19:05:22        0        86    0,00    0,20    0,00    0,00    0,20     0  irq/9-acpi
19:05:22      990       905    0,60    0,00    0,00    0,00    0,60     7  dbus-daemon
19:05:22      115       926    1,40    0,20    0,00    0,00    1,60     2  prometheus-node
19:05:22      115       927    0,20    0,00    0,00    0,00    0,20     5  prometheus
19:05:22        0      1457    0,20    0,00    0,00    0,00    0,20     5  glances
19:05:22        0      1468    0,20    0,00    0,00    0,00    0,20     6  tailscaled
19:05:22        0      1479    0,00    0,20    0,00    0,00    0,20     6  anydesk
19:05:22        0      1489    0,20    0,00    0,00    0,00    0,20     4  containerd
19:05:22        0      2351    0,00    0,40    0,00    0,00    0,40     3  dockerd
19:05:22      117      2352    0,80    0,00    0,00    0,00    0,80     1  grafana
19:05:22        0      3170    0,20    0,20    0,00    0,00    0,40     4  mount.ntfs-3g
19:05:22        0      3246    0,20    0,00    0,00    0,00    0,20     0  containerd-shim
19:05:22        0      3261    0,00    0,20    0,00    0,00    0,20     3  containerd-shim
19:05:22      999      3405    0,40    0,00    0,00    0,00    0,40     7  redis-server
19:05:22     1000      9024    0,60    0,20    0,00    0,00    0,80     6  gnome-shell
19:05:22     1000      9700    0,20    0,00    0,00    0,00    0,20     7  antigravity
19:05:22     1000      9830    0,80    0,00    0,00    0,00    0,80     1  antigravity
19:05:22     1000     10074    1,60    1,00    0,00    0,00    2,60     4  language_server
19:05:22     1000     10121    0,40    0,00    0,00    0,00    0,40     3  antigravity
19:05:22     1000     10122    1,20    0,20    0,00    0,00    1,40     4  antigravity
19:05:22     1000     10187    0,40    0,20    0,00    0,00    0,60     2  antigravity
19:05:22     1000     11152    1,20    1,60    0,00    0,00    2,80     0  language_server
19:05:22        0     38622    0,00    0,20    0,00    0,00    0,20     0  kworker/0:1-events_freezable
19:05:22     1000     39753    0,00    0,20    0,00    0,00    0,20     7  pidstat
19:05:22     1000     39791    3,60    1,40    0,00    0,00    5,00     7  java

19:05:17      UID       PID  minflt/s  majflt/s     VSZ     RSS   %MEM  Command
19:05:22      115       926     92,80      0,00 1687812   25112   0,15  prometheus-node
19:05:22        0      1468     25,40      0,00 1421636  102812   0,63  tailscaled
19:05:22      114      1588      3,80      0,00  218252   30140   0,19  postgres
19:05:22        0      3207      4,20      0,00 1235608   14796   0,09  containerd-shim
19:05:22        0      3227      2,60      0,00 1235352   14020   0,09  containerd-shim
19:05:22        0      3240      0,20      0,00 1235608   15068   0,09  containerd-shim
19:05:22        0      3246      3,00      0,00 1235608   15204   0,09  containerd-shim
19:05:22        0      3261      3,20      0,00 1235608   15220   0,09  containerd-shim
19:05:22     1000      9024      6,40      0,00 4672732  275504   1,70  gnome-shell
19:05:22     1000      9700     42,00      0,00 1461692876  303560   1,87  antigravity
19:05:22     1000      9756      1,80      0,00 34332860  165268   1,02  antigravity
19:05:22     1000      9767      1,20      0,00 33906012   82040   0,51  antigravity
19:05:22     1000      9830     57,40      0,00 1461371884  490168   3,02  antigravity
19:05:22     1000     10109      0,40      0,00 33951332   64948   0,40  antigravity
19:05:22     1000     10121     18,80      0,00 1461391740  127776   0,79  antigravity
19:05:22     1000     10122    174,40      0,00 1461343128  272264   1,68  antigravity
19:05:22     1000     10186      3,00      0,00 1478124976  122768   0,76  antigravity
19:05:22     1000     10187      3,40      0,00 1461358904  158624   0,98  antigravity
19:05:22     1000     39753      1,20      0,00    6052    5012   0,03  pidstat
19:05:22     1000     39791     40,00      0,00 6506524  274276   1,69  java

19:05:17      UID       PID   kB_rd/s   kB_wr/s kB_ccwr/s iodelay  Command
19:05:22     1000     39753      0,00      0,82      0,00       0  pidstat
19:05:22     1000     39791      0,00      0,17      0,00       0  java

19:05:22      UID       PID    %usr %system  %guest   %wait    %CPU   CPU  Command
19:05:27        0        18    0,00    0,20    0,00    0,00    0,20     4  rcu_preempt
19:05:27      115       927    0,20    0,00    0,00    0,00    0,20     5  prometheus
19:05:27        0      1457    0,20    0,00    0,00    0,00    0,20     5  glances
19:05:27        0      1489    0,40    0,20    0,00    0,00    0,60     4  containerd
19:05:27        0      2351    0,60    0,20    0,00    0,00    0,80     3  dockerd
19:05:27      117      2352    1,00    0,40    0,00    0,00    1,40     4  grafana
19:05:27        0      2381    0,00    0,20    0,00    0,00    0,20     5  upowerd
19:05:27        0      3170    0,20    0,20    0,00    0,00    0,40     4  mount.ntfs-3g
19:05:27        0      3246    0,00    0,20    0,00    0,00    0,20     0  containerd-shim
19:05:27        0      3261    0,20    0,00    0,00    0,00    0,20     3  containerd-shim
19:05:27      999      3405    0,40    0,00    0,00    0,00    0,40     7  redis-server
19:05:27     1000      9024    0,80    0,00    0,00    0,00    0,80     6  gnome-shell
19:05:27     1000      9700    0,20    0,20    0,00    0,00    0,40     7  antigravity
19:05:27     1000      9756    0,20    0,00    0,00    0,00    0,20     5  antigravity
19:05:27     1000      9830    0,80    0,00    0,00    0,00    0,80     1  antigravity
19:05:27     1000     10074    1,80    1,00    0,00    0,00    2,80     6  language_server
19:05:27     1000     10121    0,40    0,20    0,00    0,00    0,60     7  antigravity
19:05:27     1000     10122    0,40    0,60    0,00    0,00    1,00     5  antigravity
19:05:27     1000     10187    0,60    0,00    0,00    0,00    0,60     0  antigravity
19:05:27     1000     11152    1,20    1,80    0,00    0,00    3,00     4  language_server
19:05:27     1000     39753    0,20    0,20    0,00    0,00    0,40     7  pidstat
19:05:27     1000     39791    5,80    0,60    0,00    0,00    6,40     7  java

19:05:22      UID       PID  minflt/s  majflt/s     VSZ     RSS   %MEM  Command
19:05:27      117      2352      2,80      0,00 1830640  334228   2,06  grafana
19:05:27        0      3207     10,20      0,00 1235608   14924   0,09  containerd-shim
19:05:27        0      3227     10,80      0,00 1235352   14404   0,09  containerd-shim
19:05:27        0      3240     10,00      0,00 1235608   15324   0,09  containerd-shim
19:05:27        0      3246     11,60      0,00 1235608   15332   0,09  containerd-shim
19:05:27        0      3261     14,40      0,00 1235608   15348   0,09  containerd-shim
19:05:27     1000      9024      0,80      0,00 4672732  275504   1,70  gnome-shell
19:05:27     1000      9700     65,00      0,00 1461692876  304168   1,87  antigravity
19:05:27     1000      9756      1,20      0,00 34332860  165268   1,02  antigravity
19:05:27     1000      9767      0,60      0,00 33906012   82040   0,51  antigravity
19:05:27     1000      9830     58,60      0,00 1461371884  490936   3,02  antigravity
19:05:27     1000     10109      0,20      0,00 33951332   64948   0,40  antigravity
19:05:27     1000     10121      2,00      0,00 1461391740  127776   0,79  antigravity
19:05:27     1000     10122     82,60      0,00 1461343128  272076   1,68  antigravity
19:05:27     1000     10186      6,00      0,00 1478124976  122768   0,76  antigravity
19:05:27     1000     10187      5,20      0,00 1461358904  158624   0,98  antigravity
19:05:27     1000     39791     39,20      0,00 6506524  274788   1,69  java

19:05:22      UID       PID   kB_rd/s   kB_wr/s kB_ccwr/s iodelay  Command
19:05:27     1000     39753      0,00      0,85      0,00       0  pidstat
19:05:27     1000     39791      0,00      0,21      0,00       0  java

19:05:27      UID       PID    %usr %system  %guest   %wait    %CPU   CPU  Command
19:05:32        0      1468    0,20    0,20    0,00    0,00    0,40     6  tailscaled
19:05:32        0      1489    0,20    0,00    0,00    0,00    0,20     4  containerd
19:05:32        0      2351    0,20    0,20    0,00    0,00    0,40     3  dockerd
19:05:32      117      2352    0,60    0,20    0,00    0,00    0,80     4  grafana
19:05:32        0      3170    0,00    0,20    0,00    0,00    0,20     6  mount.ntfs-3g
19:05:32        0      3207    0,20    0,00    0,00    0,00    0,20     6  containerd-shim
19:05:32        0      3227    0,20    0,00    0,00    0,00    0,20     3  containerd-shim
19:05:32        0      3240    0,20    0,00    0,00    0,00    0,20     1  containerd-shim
19:05:32      999      3405    0,40    0,00    0,00    0,00    0,40     1  redis-server
19:05:32     1000      9024    0,60    0,20    0,00    0,00    0,80     4  gnome-shell
19:05:32     1000      9756    0,20    0,00    0,00    0,00    0,20     5  antigravity
19:05:32     1000      9830    0,80    0,20    0,00    0,00    1,00     4  antigravity
19:05:32     1000     10074    1,60    1,40    0,00    0,00    3,00     4  language_server
19:05:32     1000     10121    0,20    0,20    0,00    0,00    0,40     1  antigravity
19:05:32     1000     10122    0,80    0,00    0,00    0,00    0,80     7  antigravity
19:05:32     1000     10187    0,60    0,00    0,00    0,00    0,60     0  antigravity
19:05:32     1000     11152    1,40    1,40    0,00    0,00    2,80     5  language_server
19:05:32        0     13128    0,00    0,20    0,00    0,00    0,20     6  kworker/u32:1-flush-8:0
19:05:32        0     31798    0,00    0,20    0,00    0,00    0,20     1  kworker/1:2-mm_percpu_wq
19:05:32     1000     39753    0,20    0,40    0,00    0,00    0,60     0  pidstat
19:05:32     1000     39791    5,20    1,20    0,00    0,00    6,40     7  java

19:05:27      UID       PID  minflt/s  majflt/s     VSZ     RSS   %MEM  Command
19:05:32        0      3207     12,40      0,00 1235608   15308   0,09  containerd-shim
19:05:32        0      3227      8,00      0,00 1235352   14532   0,09  containerd-shim
19:05:32        0      3240     12,20      0,00 1235608   15452   0,10  containerd-shim
19:05:32        0      3246     12,20      0,00 1235608   15460   0,10  containerd-shim
19:05:32        0      3261     14,20      0,00 1235608   15860   0,10  containerd-shim
19:05:32       70      3383      4,40      0,00  174540   26160   0,16  postgres
19:05:32     1000      9024      6,40      0,00 4672732  275504   1,70  gnome-shell
19:05:32     1000      9700     34,80      0,00 1461692876  304236   1,87  antigravity
19:05:32     1000      9756      4,20      0,00 34324732  165396   1,02  antigravity
19:05:32     1000      9767      0,60      0,00 33906012   82040   0,51  antigravity
19:05:32     1000      9830     77,20      0,00 1461371884  491704   3,03  antigravity
19:05:32     1000     10109      0,20      0,00 33951332   64948   0,40  antigravity
19:05:32     1000     10121    123,00      0,00 1461391740  127904   0,79  antigravity
19:05:32     1000     10122     18,00      0,00 1461343128  272076   1,68  antigravity
19:05:32     1000     10186      3,00      0,00 1478124976  122768   0,76  antigravity
19:05:32     1000     10187      2,80      0,00 1461358904  158624   0,98  antigravity
19:05:32     1000     29312      0,20      0,00 1459530528   88440   0,54  antigravity
19:05:32     1000     39791     39,20      0,00 6506524  275684   1,70  java

19:05:27      UID       PID   kB_rd/s   kB_wr/s kB_ccwr/s iodelay  Command
19:05:32     1000     39753      0,00      0,73      0,00       0  pidstat
19:05:32     1000     39791      0,00      1,81      0,00       0  java

19:05:32      UID       PID    %usr %system  %guest   %wait    %CPU   CPU  Command
19:05:37        0         1    0,20    0,00    0,00    0,00    0,20     5  systemd
19:05:37        0        86    0,00    0,20    0,00    0,00    0,20     0  irq/9-acpi
19:05:37      990       905    0,80    0,00    0,00    0,00    0,80     7  dbus-daemon
19:05:37      115       926    1,00    0,40    0,00    0,00    1,40     2  prometheus-node
19:05:37      115       927    0,40    0,00    0,00    0,00    0,40     5  prometheus
19:05:37        0      1457    0,20    0,00    0,00    0,00    0,20     5  glances
19:05:37        0      1489    0,40    0,00    0,00    0,00    0,40     4  containerd
19:05:37      111      1556    0,20    0,00    0,00    0,00    0,20     5  mariadbd
19:05:37        0      2351    0,20    0,20    0,00    0,00    0,40     3  dockerd
19:05:37      117      2352    0,60    0,40    0,00    0,00    1,00     4  grafana
19:05:37        0      3170    0,20    0,20    0,00    0,00    0,40     3  mount.ntfs-3g
19:05:37        0      3207    0,20    0,00    0,00    0,00    0,20     6  containerd-shim
19:05:37        0      3227    0,00    0,20    0,00    0,00    0,20     3  containerd-shim
19:05:37        0      3240    0,00    0,20    0,00    0,00    0,20     1  containerd-shim
19:05:37        0      3246    0,20    0,00    0,00    0,00    0,20     0  containerd-shim
19:05:37        0      3261    0,20    0,00    0,00    0,00    0,20     3  containerd-shim
19:05:37      999      3405    0,40    0,20    0,00    0,00    0,60     1  redis-server
19:05:37     1000      9024    0,40    0,00    0,00    0,00    0,40     4  gnome-shell
19:05:37     1000      9700    0,20    0,00    0,00    0,00    0,20     0  antigravity
19:05:37     1000      9756    0,00    0,20    0,00    0,00    0,20     5  antigravity
19:05:37     1000      9830    0,60    0,00    0,00    0,00    0,60     4  antigravity
19:05:37     1000     10074    1,40    1,20    0,00    0,00    2,60     0  language_server
19:05:37     1000     10122    0,80    0,20    0,00    0,00    1,00     7  antigravity
19:05:37     1000     10187    0,40    0,20    0,00    0,00    0,60     0  antigravity
19:05:37     1000     11152    1,80    1,00    0,00    0,00    2,80     6  language_server
19:05:37     1000     39753    0,00    0,20    0,00    0,00    0,20     0  pidstat
19:05:37     1000     39791    3,80    0,80    0,00    0,00    4,60     7  java

19:05:32      UID       PID  minflt/s  majflt/s     VSZ     RSS   %MEM  Command
19:05:37      115       926     58,80      0,00 1687812   25076   0,15  prometheus-node
19:05:37        0      3207     10,60      0,00 1235608   15564   0,10  containerd-shim
19:05:37        0      3227     11,60      0,00 1235352   14532   0,09  containerd-shim
19:05:37        0      3240     11,00      0,00 1235608   15580   0,10  containerd-shim
19:05:37        0      3246     14,20      0,00 1235608   15716   0,10  containerd-shim
19:05:37        0      3261      2,60      0,00 1235608   15988   0,10  containerd-shim
19:05:37     1000      9024      0,60      0,00 4672668  275504   1,70  gnome-shell
19:05:37     1000      9700     33,80      0,00 1461692876  304204   1,87  antigravity
19:05:37     1000      9756      1,40      0,00 34324732  165396   1,02  antigravity
19:05:37     1000      9767      0,60      0,00 33906012   82040   0,51  antigravity
19:05:37     1000      9830     61,80      0,00 1461371884  492600   3,03  antigravity
19:05:37     1000     10109      0,20      0,00 33951332   64948   0,40  antigravity
19:05:37     1000     10121     15,00      0,00 1461391740  127764   0,79  antigravity
19:05:37     1000     10122     24,20      0,00 1461343128  271940   1,68  antigravity
19:05:37     1000     10186      3,00      0,00 1478124976  122768   0,76  antigravity
19:05:37     1000     10187      3,00      0,00 1461358904  158624   0,98  antigravity
19:05:37     1000     39791     24,80      0,00 6506524  276068   1,70  java

19:05:32      UID       PID   kB_rd/s   kB_wr/s kB_ccwr/s iodelay  Command
19:05:37     1000     39753      0,00      0,74      0,00       0  pidstat
19:05:37     1000     39791      0,00      1,77      0,00       0  java

19:05:37      UID       PID    %usr %system  %guest   %wait    %CPU   CPU  Command
19:05:42        0         1    0,40    0,20    0,00    0,00    0,60     0  systemd
19:05:42        0        33    0,00    0,20    0,00    0,00    0,20     2  ksoftirqd/2
19:05:42        0       381    0,00    0,20    0,00    0,00    0,20     1  systemd-journal
19:05:42        0       413    0,00    0,20    0,00    0,00    0,20     1  systemd-udevd
19:05:42      990       905    0,60    0,00    0,00    0,20    0,60     4  dbus-daemon
19:05:42      115       927    0,00    0,20    0,00    0,00    0,20     1  prometheus
19:05:42        0      1052    0,20    0,00    0,00    0,00    0,20     4  NetworkManager
19:05:42        0      1457    0,20    0,00    0,00    0,00    0,20     5  glances
19:05:42        0      1468    0,20    0,20    0,00    0,00    0,40     6  tailscaled
19:05:42        0      1489    1,00    0,40    0,00    0,00    1,40     4  containerd
19:05:42        0      2351    0,80    1,00    0,00    0,00    1,80     3  dockerd
19:05:42      117      2352    0,80    0,00    0,00    0,00    0,80     4  grafana
19:05:42        0      3170    0,40    0,00    0,00    0,00    0,40     5  mount.ntfs-3g
19:05:42        0      3207    0,00    0,20    0,00    0,00    0,20     6  containerd-shim
19:05:42        0      3261    0,00    0,20    0,00    0,00    0,20     3  containerd-shim
19:05:42      999      3405    0,40    0,00    0,00    0,00    0,40     7  redis-server
19:05:42     1000      8864    0,40    0,00    0,00    0,00    0,40     7  systemd
19:05:42     1000      9024    1,00    0,20    0,00    0,00    1,20     4  gnome-shell
19:05:42     1000      9138    0,20    0,20    0,00    0,00    0,40     6  gsd-housekeepin
19:05:42     1000      9162    0,20    0,00    0,00    0,00    0,20     0  gsd-sharing
19:05:42     1000      9349    0,20    0,00    0,00    0,00    0,20     5  gvfs-udisks2-vo
19:05:42     1000      9366    0,20    0,00    0,00    0,40    0,20     4  goa-daemon
19:05:42     1000      9700    0,20    0,20    0,00    0,00    0,40     0  antigravity
19:05:42     1000      9756    0,20    0,00    0,00    0,00    0,20     5  antigravity
19:05:42     1000      9830    0,80    0,20    0,00    0,00    1,00     4  antigravity
19:05:42     1000     10074    1,00    2,00    0,00    0,20    3,00     0  language_server
19:05:42     1000     10121    0,20    0,20    0,00    0,00    0,40     5  antigravity
19:05:42     1000     10122    0,60    0,20    0,00    0,00    0,80     3  antigravity
19:05:42     1000     10187    0,60    0,20    0,00    0,00    0,80     7  antigravity
19:05:42     1000     11152    1,20    1,60    0,00    0,00    2,80     2  language_server
19:05:42     1000     39753    0,20    0,40    0,00    0,00    0,60     7  pidstat
19:05:42     1000     39791    5,60    1,60    0,00    0,00    7,20     7  java

19:05:37      UID       PID  minflt/s  majflt/s     VSZ     RSS   %MEM  Command
19:05:42        0       381     45,80      0,00  136916   82776   0,51  systemd-journal
19:05:42        0       413    111,00      0,00   37696   11516   0,07  systemd-udevd
19:05:42        0      1468      1,60      0,00 1421636  102812   0,63  tailscaled
19:05:42        0      1489     15,40      0,00 2242640   66056   0,41  containerd
19:05:42        0      2351      1,20      0,00 3433248  108392   0,67  dockerd
19:05:42        0      3207      4,40      0,00 1235608   15564   0,10  containerd-shim
19:05:42        0      3227      9,40      0,00 1235352   14916   0,09  containerd-shim
19:05:42        0      3240      0,80      0,00 1235608   15580   0,10  containerd-shim
19:05:42        0      3246     10,60      0,00 1235608   15844   0,10  containerd-shim
19:05:42        0      3261      0,40      0,00 1235608   15988   0,10  containerd-shim
19:05:42     1000      9024      3,20      0,00 4672732  275504   1,70  gnome-shell
19:05:42     1000      9700     39,60      0,00 1461692876  303560   1,87  antigravity
19:05:42     1000      9756      3,00      0,00 34324796  165396   1,02  antigravity
19:05:42     1000      9767      1,20      0,00 33906012   82040   0,51  antigravity
19:05:42     1000      9830     60,60      0,00 1461371948  493240   3,04  antigravity
19:05:42     1000     10109      0,40      0,00 33951332   64948   0,40  antigravity
19:05:42     1000     10121      8,20      0,00 1461391740  127764   0,79  antigravity
19:05:42     1000     10122     29,40      0,00 1461343128  272060   1,68  antigravity
19:05:42     1000     10186      3,40      0,00 1478124976  122768   0,76  antigravity
19:05:42     1000     10187      2,80      0,00 1461358904  158752   0,98  antigravity
19:05:42     1000     39791     33,60      0,00 6506524  287072   1,77  java
19:05:42        0     40415     58,80      0,00   37700    7324   0,05  (udev-worker)
19:05:42        0     40429     27,60      0,00   37700    7004   0,04  (udev-worker)
19:05:42        0     40431     27,80      0,00   37700    7004   0,04  (udev-worker)
19:05:42        0     40432     27,80      0,00   37700    7004   0,04  (udev-worker)
19:05:42        0     40433     28,20      0,00   37700    7004   0,04  (udev-worker)
19:05:42        0     40434     27,80      0,00   37700    7004   0,04  (udev-worker)
19:05:42        0     40436     59,80      0,00   37700    7260   0,04  (udev-worker)
19:05:42        0     40437     27,80      0,00   37700    7004   0,04  (udev-worker)
19:05:42        0     40438     27,60      0,00   37700    7004   0,04  (udev-worker)
19:05:42        0     40439     28,00      0,00   37700    7004   0,04  (udev-worker)
19:05:42        0     40440     38,40      0,00   37700    7004   0,04  (udev-worker)
19:05:42        0     40442     28,80      0,00   37700    7004   0,04  (udev-worker)
19:05:42        0     40443     28,40      0,00   37700    7004   0,04  (udev-worker)
19:05:42        0     40444     28,80      0,00   37700    7004   0,04  (udev-worker)
19:05:42        0     40445     28,80      0,00   37700    7004   0,04  (udev-worker)
19:05:42        0     40446     28,00      0,00   37700    7004   0,04  (udev-worker)

19:05:37      UID       PID   kB_rd/s   kB_wr/s kB_ccwr/s iodelay  Command
19:05:42     1000     39753      0,00      0,82      0,00       0  pidstat
19:05:42     1000     39791      0,00      1,77      0,00       0  java

19:05:42      UID       PID    %usr %system  %guest   %wait    %CPU   CPU  Command
19:05:47        0      1457    0,20    0,00    0,00    0,00    0,20     5  glances
19:05:47        0      1489    0,40    0,00    0,00    0,00    0,40     4  containerd
19:05:47        0      2351    0,40    0,20    0,00    0,00    0,60     3  dockerd
19:05:47      117      2352    0,60    0,40    0,00    0,00    1,00     4  grafana
19:05:47        0      3170    0,20    0,40    0,00    0,00    0,60     5  mount.ntfs-3g
19:05:47        0      3227    0,20    0,20    0,00    0,00    0,40     3  containerd-shim
19:05:47        0      3246    0,20    0,00    0,00    0,00    0,20     0  containerd-shim
19:05:47      999      3405    0,20    0,20    0,00    0,00    0,40     7  redis-server
19:05:47     1000      9024    0,80    0,00    0,00    0,00    0,80     0  gnome-shell
19:05:47     1000      9700    0,20    0,00    0,00    0,00    0,20     0  antigravity
19:05:47     1000      9830    0,60    0,00    0,00    0,00    0,60     3  antigravity
19:05:47     1000     10074    1,20    1,60    0,00    0,00    2,80     3  language_server
19:05:47     1000     10121    0,20    0,20    0,00    0,00    0,40     7  antigravity
19:05:47     1000     10122    0,80    0,20    0,00    0,00    1,00     2  antigravity
19:05:47     1000     10187    0,80    0,00    0,00    0,00    0,80     0  antigravity
19:05:47     1000     11152    1,60    1,20    0,00    0,00    2,80     2  language_server
19:05:47     1000     39753    0,20    0,20    0,00    0,00    0,40     4  pidstat
19:05:47     1000     39791    2,80    1,00    0,00    0,00    3,80     7  java

19:05:42      UID       PID  minflt/s  majflt/s     VSZ     RSS   %MEM  Command
19:05:47        0       413      1,20      0,00   37696   11516   0,07  systemd-udevd
19:05:47        0      1489      6,00      0,00 2242640   66184   0,41  containerd
19:05:47        0      3207      1,00      0,00 1235608   15564   0,10  containerd-shim
19:05:47        0      3227      0,80      0,00 1235352   14748   0,09  containerd-shim
19:05:47        0      3246      3,40      0,00 1235608   15972   0,10  containerd-shim
19:05:47        0      3261      1,00      0,00 1235608   15988   0,10  containerd-shim
19:05:47     1000      9024      5,00      0,00 4672668  275376   1,70  gnome-shell
19:05:47     1000      9700     33,60      0,00 1461692876  304072   1,87  antigravity
19:05:47     1000      9756      1,40      0,00 34324796  165396   1,02  antigravity
19:05:47     1000      9767      0,60      0,00 33906012   82040   0,51  antigravity
19:05:47     1000      9830     56,60      0,00 1461371948  494008   3,04  antigravity
19:05:47     1000     10109      0,20      0,00 33951332   64948   0,40  antigravity
19:05:47     1000     10121      2,80      0,00 1461391740  127764   0,79  antigravity
19:05:47     1000     10122     36,80      0,00 1461343128  271884   1,67  antigravity
19:05:47     1000     10186      6,00      0,00 1478124976  122768   0,76  antigravity
19:05:47     1000     10187      7,20      0,00 1461358904  158752   0,98  antigravity
19:05:47     1000     39753      4,80      0,00    6184    5012   0,03  pidstat
19:05:47     1000     39791     22,40      0,00 6506524  287200   1,77  java

19:05:42      UID       PID   kB_rd/s   kB_wr/s kB_ccwr/s iodelay  Command
19:05:47     1000     39753      0,00      1,24      0,00       0  pidstat
19:05:47     1000     39791      0,00      0,17      0,00       0  java

19:05:47      UID       PID    %usr %system  %guest   %wait    %CPU   CPU  Command
19:05:52        0         1    0,20    0,00    0,00    0,00    0,20     0  systemd
19:05:52        0       721    0,00    0,20    0,00    0,00    0,20     7  kworker/u33:2-i915_flip
19:05:52      990       905    0,60    0,00    0,00    0,00    0,60     4  dbus-daemon
19:05:52      115       926    1,00    0,60    0,00    0,00    1,60     2  prometheus-node
19:05:52      115       927    0,20    0,00    0,00    0,00    0,20     1  prometheus
19:05:52        0      1489    0,20    0,20    0,00    0,00    0,40     4  containerd
19:05:52        0      2351    0,20    0,20    0,00    0,00    0,40     3  dockerd
19:05:52      117      2352    0,40    0,40    0,00    0,00    0,80     4  grafana
19:05:52        0      3170    0,00    0,20    0,00    0,00    0,20     4  mount.ntfs-3g
19:05:52        0      3207    0,20    0,00    0,00    0,00    0,20     6  containerd-shim
19:05:52        0      3240    0,20    0,00    0,00    0,00    0,20     1  containerd-shim
19:05:52        0      3246    0,20    0,00    0,00    0,00    0,20     0  containerd-shim
19:05:52        0      3261    0,20    0,00    0,00    0,00    0,20     3  containerd-shim
19:05:52      999      3405    0,40    0,00    0,00    0,00    0,40     7  redis-server
19:05:52     1000      9024    0,60    0,20    0,00    0,00    0,80     0  gnome-shell
19:05:52     1000      9700    0,20    0,00    0,00    0,00    0,20     0  antigravity
19:05:52     1000      9756    0,20    0,00    0,00    0,00    0,20     5  antigravity
19:05:52     1000      9830    0,80    0,00    0,00    0,00    0,80     3  antigravity
19:05:52     1000     10074    1,60    1,20    0,00    0,00    2,80     4  language_server
19:05:52     1000     10122    0,60    0,20    0,00    0,00    0,80     2  antigravity
19:05:52     1000     10187    0,60    0,00    0,00    0,00    0,60     6  antigravity
19:05:52     1000     11152    1,60    1,40    0,00    0,20    3,00     1  language_server
19:05:52     1000     39753    0,20    0,20    0,00    0,00    0,40     4  pidstat
19:05:52     1000     39791    4,80    0,60    0,00    0,00    5,40     7  java

19:05:47      UID       PID  minflt/s  majflt/s     VSZ     RSS   %MEM  Command
19:05:52      115       926     72,20      0,00 1687812   24952   0,15  prometheus-node
19:05:52      115       927      0,40      0,00 2702228  115688   0,71  prometheus
19:05:52        0      1489      8,00      0,00 2242640   66184   0,41  containerd
19:05:52        0      3207      1,40      0,00 1235608   14728   0,09  containerd-shim
19:05:52        0      3227      4,60      0,00 1235352   14140   0,09  containerd-shim
19:05:52        0      3240      5,40      0,00 1235608   15108   0,09  containerd-shim
19:05:52        0      3246      1,60      0,00 1235608   15072   0,09  containerd-shim
19:05:52        0      3261      5,00      0,00 1235608   15732   0,10  containerd-shim
19:05:52     1000      9024      6,40      0,00 4672732  275376   1,70  gnome-shell
19:05:52     1000      9700     36,40      0,00 1461692876  304060   1,87  antigravity
19:05:52     1000      9756      1,40      0,00 34324796  165396   1,02  antigravity
19:05:52     1000      9767      0,60      0,00 33906012   82040   0,51  antigravity
19:05:52     1000      9830     55,40      0,00 1461371948  494776   3,05  antigravity
19:05:52     1000      9890      0,80      0,00 1459609232  173760   1,07  antigravity
19:05:52     1000     10109      0,20      0,00 33951332   64948   0,40  antigravity
19:05:52     1000     10121      2,00      0,00 1461391740  127892   0,79  antigravity
19:05:52     1000     10122     65,80      0,00 1461343128  271992   1,68  antigravity
19:05:52     1000     10186      3,00      0,00 1478124976  122768   0,76  antigravity
19:05:52     1000     10187      2,60      0,00 1461358904  158752   0,98  antigravity
19:05:52     1000     39791     37,60      0,00 6506524  288224   1,78  java

19:05:47      UID       PID   kB_rd/s   kB_wr/s kB_ccwr/s iodelay  Command
19:05:52     1000     39753      0,00      0,68      0,00       0  pidstat
19:05:52     1000     39791      0,00      1,77      0,00       0  java

19:05:52      UID       PID    %usr %system  %guest   %wait    %CPU   CPU  Command
19:05:57        0      1457    0,20    0,00    0,00    0,00    0,20     5  glances
19:05:57        0      1468    0,20    0,00    0,00    0,00    0,20     6  tailscaled
19:05:57        0      1489    0,20    0,20    0,00    0,00    0,40     4  containerd
19:05:57        0      2351    0,40    0,20    0,00    0,00    0,60     3  dockerd
19:05:57      117      2352    0,80    0,20    0,00    0,00    1,00     4  grafana
19:05:57        0      3170    0,20    0,20    0,00    0,00    0,40     4  mount.ntfs-3g
19:05:57        0      3227    0,00    0,20    0,00    0,00    0,20     3  containerd-shim
19:05:57        0      3240    0,20    0,20    0,00    0,00    0,40     1  containerd-shim
19:05:57        0      3246    0,00    0,20    0,00    0,00    0,20     0  containerd-shim
19:05:57      999      3405    0,40    0,00    0,00    0,00    0,40     0  redis-server
19:05:57     1000      9024    0,60    0,00    0,00    0,00    0,60     2  gnome-shell
19:05:57     1000      9700    0,20    0,00    0,00    0,00    0,20     1  antigravity
19:05:57     1000      9756    0,20    0,00    0,00    0,00    0,20     5  antigravity
19:05:57     1000      9830    0,80    0,20    0,00    0,00    1,00     4  antigravity
19:05:57     1000     10074    1,60    1,00    0,00    0,00    2,60     3  language_server
19:05:57     1000     10121    0,20    0,20    0,00    0,00    0,40     6  antigravity
19:05:57     1000     10122    0,60    0,20    0,00    0,00    0,80     2  antigravity
19:05:57     1000     10187    0,60    0,20    0,00    0,00    0,80     6  antigravity
19:05:57     1000     11152    1,60    1,20    0,00    0,00    2,80     1  language_server
19:05:57        0     35706    0,00    0,20    0,00    0,00    0,20     2  kworker/u32:6-events_unbound
19:05:57     1000     39753    0,00    0,40    0,00    0,00    0,40     7  pidstat
19:05:57     1000     39791    3,60    0,60    0,00    0,00    4,20     7  java

19:05:52      UID       PID  minflt/s  majflt/s     VSZ     RSS   %MEM  Command
19:05:57        0      1489      8,80      0,00 2242640   66312   0,41  containerd
19:05:57        0      3207      9,40      0,00 1235608   14984   0,09  containerd-shim
19:05:57        0      3227      9,60      0,00 1235352   14140   0,09  containerd-shim
19:05:57        0      3240      9,40      0,00 1235608   15364   0,09  containerd-shim
19:05:57        0      3246      8,00      0,00 1235608   15200   0,09  containerd-shim
19:05:57        0      3261     10,20      0,00 1235608   15732   0,10  containerd-shim
19:05:57     1000      9024      0,60      0,00 4672668  275376   1,70  gnome-shell
19:05:57     1000      9700     35,00      0,00 1461692876  304008   1,87  antigravity
19:05:57     1000      9756      1,40      0,00 34324796  165396   1,02  antigravity
19:05:57     1000      9767      0,60      0,00 33906012   82040   0,51  antigravity
19:05:57     1000      9830     91,60      0,00 1461371948  495800   3,05  antigravity
19:05:57     1000     10109      0,20      0,00 33951332   64948   0,40  antigravity
19:05:57     1000     10121      3,20      0,00 1461391740  127892   0,79  antigravity
19:05:57     1000     10122     39,40      0,00 1461343128  272364   1,68  antigravity
19:05:57     1000     10186      3,00      0,00 1478124976  122768   0,76  antigravity
19:05:57     1000     10187      3,20      0,00 1461358904  158752   0,98  antigravity
19:05:57     1000     39791     16,00      0,00 6506524  288352   1,78  java

19:05:52      UID       PID   kB_rd/s   kB_wr/s kB_ccwr/s iodelay  Command
19:05:57     1000      9700      0,00      2,40      0,00       0  antigravity
19:05:57     1000     39753      0,00      0,82      0,00       0  pidstat
19:05:57     1000     39791      0,00      0,17      0,00       0  java

19:05:57      UID       PID    %usr %system  %guest   %wait    %CPU   CPU  Command
19:06:02      115       927    0,20    0,20    0,00    0,00    0,40     6  prometheus
19:06:02        0      1457    0,20    0,00    0,00    0,00    0,20     5  glances
19:06:02        0      1479    0,20    0,00    0,00    0,00    0,20     4  anydesk
19:06:02        0      1489    0,20    0,20    0,00    0,00    0,40     4  containerd
19:06:02        0      2351    0,20    0,00    0,00    0,00    0,20     3  dockerd
19:06:02      117      2352    0,80    0,20    0,00    0,00    1,00     4  grafana
19:06:02        0      3170    0,20    0,20    0,00    0,00    0,40     6  mount.ntfs-3g
19:06:02        0      3207    0,00    0,20    0,00    0,00    0,20     6  containerd-shim
19:06:02        0      3261    0,00    0,20    0,00    0,00    0,20     3  containerd-shim
19:06:02      999      3405    0,40    0,00    0,00    0,00    0,40     3  redis-server
19:06:02     1000      9024    0,40    0,40    0,00    0,00    0,80     2  gnome-shell
19:06:02     1000      9700    0,00    0,20    0,00    0,00    0,20     6  antigravity
19:06:02     1000      9830   11,20    0,20    0,00    0,00   11,40     4  antigravity
19:06:02     1000     10074    1,40    1,40    0,00    0,00    2,80     2  language_server
19:06:02     1000     10121    0,20    0,20    0,00    0,00    0,40     1  antigravity
19:06:02     1000     10122    1,00    0,00    0,00    0,00    1,00     1  antigravity
19:06:02     1000     10187    0,40    0,20    0,00    0,00    0,60     3  antigravity
19:06:02     1000     11152    2,00    0,80    0,00    0,00    2,80     4  language_server
19:06:02     1000     39753    0,20    0,20    0,00    0,00    0,40     7  pidstat
19:06:02     1000     39791    4,60    0,60    0,00    0,00    5,20     7  java

19:05:57      UID       PID  minflt/s  majflt/s     VSZ     RSS   %MEM  Command
19:06:02        0       903      0,40      0,00    6792    2852   0,02  cron
19:06:02        0      1489      7,00      0,00 2242640   66312   0,41  containerd
19:06:02        0      3207     13,00      0,00 1235608   15112   0,09  containerd-shim
19:06:02        0      3227     11,80      0,00 1235352   14268   0,09  containerd-shim
19:06:02        0      3240     12,80      0,00 1235608   15364   0,09  containerd-shim
19:06:02        0      3246     13,80      0,00 1235608   15456   0,10  containerd-shim
19:06:02        0      3261     18,00      0,00 1235608   16116   0,10  containerd-shim
19:06:02     1000      9024      6,40      0,00 4672732  275376   1,70  gnome-shell
19:06:02     1000      9700     41,20      0,00 1461692876  303588   1,87  antigravity
19:06:02     1000      9756      6,40      0,00 34324652  165396   1,02  antigravity
19:06:02     1000      9767      1,20      0,00 33906012   82040   0,51  antigravity
19:06:02     1000      9830    240,00      0,00 1461371948  489300   3,01  antigravity
19:06:02     1000     10109      0,40      0,00 33951332   64948   0,40  antigravity
19:06:02     1000     10121     81,80      0,00 1461391740  128020   0,79  antigravity
19:06:02     1000     10122     30,80      0,00 1461343128  272076   1,68  antigravity
19:06:02     1000     10186      3,00      0,00 1478124976  122768   0,76  antigravity
19:06:02     1000     10187      3,00      0,00 1461358904  158752   0,98  antigravity
19:06:02     1000     39791     25,40      0,00 6506524  288992   1,78  java
19:06:02     1000     40534     28,20      0,00    2672    1660   0,01  sh
19:06:02     1000     40535     66,80      0,00    7012    3208   0,02  cpuUsage.sh
19:06:02     1000     40542     24,00      0,00    5656    2136   0,01  sleep

19:05:57      UID       PID   kB_rd/s   kB_wr/s kB_ccwr/s iodelay  Command
19:06:02     1000     39753      0,00      0,75      0,00       0  pidstat
19:06:02     1000     39791      0,00      1,84      0,00       0  java

19:06:02      UID       PID    %usr %system  %guest   %wait    %CPU   CPU  Command
19:06:07        0         1    0,20    0,00    0,00    0,00    0,20     0  systemd
19:06:07        0        18    0,00    0,20    0,00    0,00    0,20     7  rcu_preempt
19:06:07        0        86    0,00    0,20    0,00    0,00    0,20     0  irq/9-acpi
19:06:07      990       905    0,60    0,00    0,00    0,00    0,60     6  dbus-daemon
19:06:07      115       926    0,80    0,60    0,00    0,00    1,40     2  prometheus-node
19:06:07        0      1457    0,20    0,00    0,00    0,00    0,20     5  glances
19:06:07        0      1468    0,00    0,20    0,00    0,00    0,20     6  tailscaled
19:06:07        0      1489    0,20    0,20    0,00    0,00    0,40     4  containerd
19:06:07      111      1556    0,00    0,20    0,00    0,00    0,20     5  mariadbd
19:06:07        0      2351    0,40    0,20    0,00    0,00    0,60     3  dockerd
19:06:07      117      2352    0,40    0,60    0,00    0,00    1,00     4  grafana
19:06:07        0      3170    0,00    0,40    0,00    0,00    0,40     7  mount.ntfs-3g
19:06:07        0      3227    0,20    0,00    0,00    0,00    0,20     3  containerd-shim
19:06:07        0      3246    0,20    0,00    0,00    0,00    0,20     0  containerd-shim
19:06:07        0      3261    0,20    0,00    0,00    0,00    0,20     3  containerd-shim
19:06:07      999      3405    0,40    0,00    0,00    0,00    0,40     3  redis-server
19:06:07     1000      9024    0,60    0,00    0,00    0,00    0,60     0  gnome-shell
19:06:07     1000      9700    0,20    0,00    0,00    0,00    0,20     5  antigravity
19:06:07     1000      9756    0,20    0,20    0,00    0,00    0,40     5  antigravity
19:06:07     1000      9830    0,80    0,00    0,00    0,00    0,80     4  antigravity
19:06:07     1000     10074    1,40    1,40    0,00    0,00    2,80     2  language_server
19:06:07     1000     10121    0,20    0,20    0,00    0,00    0,40     2  antigravity
19:06:07     1000     10122    0,80    0,20    0,00    0,00    1,00     6  antigravity
19:06:07     1000     10187    0,60    0,00    0,00    1,60    0,60     7  antigravity
19:06:07     1000     11152    1,40    1,80    0,00    0,00    3,20     6  language_server
19:06:07     1000     39753    0,20    0,20    0,00    0,00    0,40     7  pidstat
19:06:07     1000     39791    6,00    1,00    0,00    0,00    7,00     7  java

19:06:02      UID       PID  minflt/s  majflt/s     VSZ     RSS   %MEM  Command
19:06:07      115       926     58,00      0,00 1687812   25412   0,16  prometheus-node
19:06:07        0      1489      3,60      0,00 2242640   66440   0,41  containerd
19:06:07        0      3207      4,80      0,00 1235608   15240   0,09  containerd-shim
19:06:07        0      3227      5,20      0,00 1235352   14396   0,09  containerd-shim
19:06:07        0      3240     11,20      0,00 1235608   15492   0,10  containerd-shim
19:06:07        0      3246      3,20      0,00 1235608   15456   0,10  containerd-shim
19:06:07        0      3261      0,40      0,00 1235608   16116   0,10  containerd-shim
19:06:07     1000      9024      0,80      0,00 4672668  275376   1,70  gnome-shell
19:06:07     1000      9700     33,80      0,00 1461692876  304100   1,87  antigravity
19:06:07     1000      9756      1,40      0,00 34324652  165396   1,02  antigravity
19:06:07     1000      9767      0,60      0,00 33906012   82040   0,51  antigravity
19:06:07     1000      9830     43,00      0,00 1461371948  487540   3,00  antigravity
19:06:07     1000     10109      0,20      0,00 33951332   64948   0,40  antigravity
19:06:07     1000     10121    105,00      0,00 1461391740  127996   0,79  antigravity
19:06:07     1000     10122    101,60      0,00 1461343128  272112   1,68  antigravity
19:06:07     1000     10186      6,00      0,00 1478124976  122768   0,76  antigravity
19:06:07     1000     10187      5,20      0,00 1461358904  158752   0,98  antigravity
19:06:07     1000     39791     39,00      0,00 6506524  289760   1,79  java
19:06:07     1000     40558     28,40      0,00    2672    1644   0,01  sh
19:06:07     1000     40559     66,60      0,00    7012    3272   0,02  cpuUsage.sh
19:06:07     1000     40566     23,40      0,00    5656    2136   0,01  sleep

19:06:02      UID       PID   kB_rd/s   kB_wr/s kB_ccwr/s iodelay  Command
19:06:07     1000     39753      0,00      0,76      0,00       0  pidstat
19:06:07     1000     39791      0,00      1,68      0,00       0  java

19:06:07      UID       PID    %usr %system  %guest   %wait    %CPU   CPU  Command
19:06:12      115       927    0,20    0,00    0,00    0,00    0,20     3  prometheus
19:06:12        0      1468    0,20    0,00    0,00    0,00    0,20     6  tailscaled
19:06:12        0      1479    0,00    0,20    0,00    0,00    0,20     2  anydesk
19:06:12        0      1489    0,20    0,20    0,00    0,00    0,40     4  containerd
19:06:12        0      2351    0,40    0,20    0,00    0,00    0,60     3  dockerd
19:06:12      117      2352    0,20    0,60    0,00    0,00    0,80     4  grafana
19:06:12        0      3170    0,20    0,20    0,00    0,00    0,40     5  mount.ntfs-3g
19:06:12        0      3207    0,00    0,20    0,00    0,00    0,20     6  containerd-shim
19:06:12        0      3227    0,20    0,00    0,00    0,00    0,20     3  containerd-shim
19:06:12        0      3240    0,20    0,00    0,00    0,00    0,20     1  containerd-shim
19:06:12      999      3405    0,40    0,00    0,00    0,00    0,40     0  redis-server
19:06:12     1000      9024    0,80    0,00    0,00    0,00    0,80     0  gnome-shell
19:06:12     1000      9700    0,00    0,20    0,00    0,00    0,20     4  antigravity
19:06:12     1000      9830    0,60    0,20    0,00    0,00    0,80     3  antigravity
19:06:12     1000     10074    1,00    1,80    0,00    0,00    2,80     4  language_server
19:06:12     1000     10121    0,20    0,20    0,00    0,00    0,40     4  antigravity
19:06:12     1000     10122    0,80    0,20    0,00    0,00    1,00     2  antigravity
19:06:12     1000     10187    0,40    0,20    0,00    0,00    0,60     7  antigravity
19:06:12     1000     11152    1,60    1,20    0,00    0,00    2,80     0  language_server
19:06:12     1000     39753    0,00    0,20    0,00    0,00    0,20     7  pidstat
19:06:12     1000     39791    1,80    0,40    0,00    0,00    2,20     7  java

19:06:07      UID       PID  minflt/s  majflt/s     VSZ     RSS   %MEM  Command
19:06:12        0      1489      0,40      0,00 2242640   66440   0,41  containerd
19:06:12      117      2352      0,20      0,00 1830640  334228   2,06  grafana
19:06:12        0      3207      4,00      0,00 1235608   15240   0,09  containerd-shim
19:06:12        0      3227      6,00      0,00 1235352   14524   0,09  containerd-shim
19:06:12        0      3240      2,40      0,00 1235608   15492   0,10  containerd-shim
19:06:12        0      3246      5,60      0,00 1235608   15584   0,10  containerd-shim
19:06:12     1000      9024      6,40      0,00 4672732  275376   1,70  gnome-shell
19:06:12     1000      9700     36,20      0,00 1461692876  304116   1,87  antigravity
19:06:12     1000      9756      1,40      0,00 34324652  165396   1,02  antigravity
19:06:12     1000      9767      0,60      0,00 33906012   82040   0,51  antigravity
19:06:12     1000      9830     60,40      0,00 1461371948  488308   3,01  antigravity
19:06:12     1000     10109      0,20      0,00 33951332   64948   0,40  antigravity
19:06:12     1000     10121     15,00      0,00 1461391740  127996   0,79  antigravity
19:06:12     1000     10122     79,60      0,00 1461343128  272156   1,68  antigravity
19:06:12     1000     10186      3,00      0,00 1478124976  122768   0,76  antigravity
19:06:12     1000     10187      3,00      0,00 1461358904  158752   0,98  antigravity
19:06:12     1000     39791     12,00      0,00 6506524  290144   1,79  java

19:06:07      UID       PID   kB_rd/s   kB_wr/s kB_ccwr/s iodelay  Command
19:06:12     1000     39753      0,00      0,88      0,00       0  pidstat
19:06:12     1000     39791      0,00      0,21      0,00       0  java

19:06:12      UID       PID    %usr %system  %guest   %wait    %CPU   CPU  Command
19:06:17        0      1457    0,20    0,00    0,00    0,00    0,20     5  glances
19:06:17        0      1468    0,00    0,20    0,00    0,00    0,20     6  tailscaled
19:06:17        0      1489    0,40    0,00    0,00    0,00    0,40     4  containerd
19:06:17        0      2351    0,40    0,40    0,00    0,00    0,80     3  dockerd
19:06:17      117      2352    0,80    0,20    0,00    0,00    1,00     4  grafana
19:06:17        0      3170    0,20    0,20    0,00    0,00    0,40     2  mount.ntfs-3g
19:06:17        0      3207    0,20    0,00    0,00    0,00    0,20     6  containerd-shim
19:06:17        0      3240    0,00    0,20    0,00    0,00    0,20     1  containerd-shim
19:06:17        0      3246    0,00    0,20    0,00    0,00    0,20     0  containerd-shim
19:06:17        0      3261    0,20    0,00    0,00    0,00    0,20     3  containerd-shim
19:06:17      999      3405    0,40    0,20    0,00    0,00    0,60     3  redis-server
19:06:17     1000      9024    0,40    0,20    0,00    0,00    0,60     2  gnome-shell
19:06:17     1000      9200    0,00    0,20    0,00    0,00    0,20     4  anydesk
19:06:17     1000      9700    0,20    0,00    0,00    0,00    0,20     4  antigravity
19:06:17     1000      9756    0,20    0,00    0,00    0,00    0,20     5  antigravity
19:06:17     1000      9830    0,60    0,20    0,00    0,00    0,80     3  antigravity
19:06:17     1000     10074    1,40    1,80    0,00    0,00    3,20     1  language_server
19:06:17     1000     10121    0,20    0,00    0,00    0,00    0,20     3  antigravity
19:06:17     1000     10122    1,00    0,20    0,00    0,00    1,20     2  antigravity
19:06:17     1000     10187    0,40    0,40    0,00    0,00    0,80     0  antigravity
19:06:17     1000     11152    1,60    1,40    0,00    0,00    3,00     3  language_server
19:06:17        0     38623    0,20    0,00    0,00    0,00    0,20     0  kworker/0:3-i915-unordered
19:06:17     1000     39753    0,20    0,40    0,00    0,00    0,60     7  pidstat
19:06:17     1000     39791    2,00    0,20    0,00    0,00    2,20     7  java

19:06:12      UID       PID  minflt/s  majflt/s     VSZ     RSS   %MEM  Command
19:06:17        0      1489      1,60      0,00 2242640   66568   0,41  containerd
19:06:17        0      3207      0,40      0,00 1235608   15240   0,09  containerd-shim
19:06:17        0      3227      5,00      0,00 1235352   14652   0,09  containerd-shim
19:06:17        0      3240      5,60      0,00 1235608   15492   0,10  containerd-shim
19:06:17        0      3246     10,60      0,00 1235608   15712   0,10  containerd-shim
19:06:17        0      3261      1,40      0,00 1235608   16116   0,10  containerd-shim
19:06:17     1000      9024      5,40      0,00 4672796  275376   1,70  gnome-shell
19:06:17     1000      9700     34,00      0,00 1461692876  303916   1,87  antigravity
19:06:17     1000      9756      1,40      0,00 34324652  165396   1,02  antigravity
19:06:17     1000      9767      0,60      0,00 33906012   82040   0,51  antigravity
19:06:17     1000      9830     59,20      0,00 1461371948  488944   3,01  antigravity
19:06:17     1000     10109      0,20      0,00 33951332   64948   0,40  antigravity
19:06:17     1000     10121      2,80      0,00 1461391740  127996   0,79  antigravity
19:06:17     1000     10122     95,60      0,00 1461343128  272152   1,68  antigravity
19:06:17     1000     10186      3,00      0,00 1478124976  122768   0,76  antigravity
19:06:17     1000     10187      6,60      0,00 1461358904  158880   0,98  antigravity
19:06:17     1000     39791     16,60      0,00 6506524  289824   1,79  java

19:06:12      UID       PID   kB_rd/s   kB_wr/s kB_ccwr/s iodelay  Command
19:06:17     1000     39753      0,00      0,72      0,00       0  pidstat
19:06:17     1000     39791      0,00      0,72      0,00       0  java

Rata-rata:    UID       PID    %usr %system  %guest   %wait    %CPU   CPU  Command
Rata-rata:      0         1    0,09    0,02    0,00    0,00    0,11     -  systemd
Rata-rata:      0        17    0,00    0,02    0,00    0,02    0,02     -  ksoftirqd/0
Rata-rata:      0        18    0,00    0,03    0,00    0,15    0,03     -  rcu_preempt
Rata-rata:      0        33    0,00    0,02    0,00    0,00    0,02     -  ksoftirqd/2
Rata-rata:      0        86    0,00    0,05    0,00    0,00    0,05     -  irq/9-acpi
Rata-rata:      0       381    0,00    0,02    0,00    0,00    0,02     -  systemd-journal
Rata-rata:      0       413    0,00    0,02    0,00    0,00    0,02     -  systemd-udevd
Rata-rata:      0       721    0,00    0,02    0,00    0,02    0,02     -  kworker/u33:2-i915_flip
Rata-rata:    990       905    0,25    0,00    0,00    0,02    0,25     -  dbus-daemon
Rata-rata:    115       926    0,32    0,14    0,00    0,00    0,46     -  prometheus-node
Rata-rata:    115       927    0,11    0,03    0,00    0,00    0,14     -  prometheus
Rata-rata:      0      1052    0,02    0,00    0,00    0,00    0,02     -  NetworkManager
Rata-rata:      0      1457    0,15    0,00    0,00    0,00    0,15     -  glances
Rata-rata:      0      1468    0,09    0,06    0,00    0,00    0,15     -  tailscaled
Rata-rata:      0      1479    0,02    0,03    0,00    0,00    0,05     -  anydesk
Rata-rata:      0      1489    0,35    0,12    0,00    0,00    0,48     -  containerd
Rata-rata:    111      1556    0,02    0,02    0,00    0,00    0,03     -  mariadbd
Rata-rata:      0      1599    0,00    0,02    0,00    0,00    0,02     -  apache2
Rata-rata:      0      2351    0,32    0,29    0,00    0,00    0,62     -  dockerd
Rata-rata:    117      2352    0,63    0,31    0,00    0,00    0,94     -  grafana
Rata-rata:      0      2381    0,00    0,02    0,00    0,00    0,02     -  upowerd
Rata-rata:      0      3170    0,17    0,20    0,00    0,00    0,37     -  mount.ntfs-3g
Rata-rata:      0      3207    0,08    0,05    0,00    0,00    0,12     -  containerd-shim
Rata-rata:      0      3227    0,06    0,06    0,00    0,00    0,12     -  containerd-shim
Rata-rata:      0      3240    0,08    0,06    0,00    0,00    0,14     -  containerd-shim
Rata-rata:      0      3246    0,08    0,05    0,00    0,00    0,12     -  containerd-shim
Rata-rata:      0      3261    0,08    0,05    0,00    0,00    0,12     -  containerd-shim
Rata-rata:    999      3405    0,38    0,05    0,00    0,00    0,43     -  redis-server
Rata-rata:   1000      8864    0,03    0,00    0,00    0,00    0,03     -  systemd
Rata-rata:   1000      9024    0,71    0,12    0,00    0,02    0,83     -  gnome-shell
Rata-rata:   1000      9138    0,02    0,02    0,00    0,00    0,03     -  gsd-housekeepin
Rata-rata:   1000      9162    0,02    0,00    0,00    0,00    0,02     -  gsd-sharing
Rata-rata:   1000      9200    0,00    0,02    0,00    0,00    0,02     -  anydesk
Rata-rata:   1000      9349    0,02    0,00    0,00    0,00    0,02     -  gvfs-udisks2-vo
Rata-rata:   1000      9366    0,02    0,00    0,00    0,03    0,02     -  goa-daemon
Rata-rata:   1000      9700    0,18    0,09    0,00    0,00    0,28     -  antigravity
Rata-rata:   1000      9756    0,18    0,08    0,00    0,00    0,26     -  antigravity
Rata-rata:   1000      9830    2,03    0,12    0,00    0,00    2,15     -  antigravity
Rata-rata:   1000     10074    1,40    1,38    0,00    0,02    2,78     -  language_server
Rata-rata:   1000     10121    0,18    0,15    0,00    0,00    0,34     -  antigravity
Rata-rata:   1000     10122    1,52    0,22    0,00    0,03    1,74     -  antigravity
Rata-rata:   1000     10187    0,71    0,14    0,00    0,12    0,85     -  antigravity
Rata-rata:   1000     11152    1,49    1,35    0,00    0,02    2,84     -  language_server
Rata-rata:      0     13128    0,00    0,02    0,00    0,00    0,02     -  kworker/u32:1-kvfree_rcu_reclaim
Rata-rata:      0     30858    0,00    0,02    0,00    0,00    0,02     -  kworker/u32:3-kvfree_rcu_reclaim
Rata-rata:      0     31798    0,00    0,02    0,00    0,02    0,02     -  kworker/1:2-mm_percpu_wq
Rata-rata:      0     35706    0,00    0,02    0,00    0,00    0,02     -  kworker/u32:6-events_unbound
Rata-rata:      0     38622    0,00    0,02    0,00    0,02    0,02     -  kworker/0:1-events
Rata-rata:      0     38623    0,02    0,00    0,00    0,00    0,02     -  kworker/0:3-i915-unordered
Rata-rata:   1000     39753    0,14    0,26    0,00    0,00    0,40     -  pidstat
Rata-rata:   1000     39791   12,16    1,34    0,00    0,00   13,50     -  java

Rata-rata:    UID       PID  minflt/s  majflt/s     VSZ     RSS   %MEM  Command
Rata-rata:      0       381      3,52      0,00  136916   82776   0,51  systemd-journal
Rata-rata:      0       413      8,63      0,00   37696   11516   0,07  systemd-udevd
Rata-rata:      0       903      0,03      0,00    6792    2852   0,02  cron
Rata-rata:    115       926     21,67      0,00 1687812   25140   0,15  prometheus-node
Rata-rata:    115       927      0,03      0,00 2702228  115688   0,71  prometheus
Rata-rata:      0      1468     14,67      0,00 1421636  102763   0,63  tailscaled
Rata-rata:      0      1489      3,91      0,00 2242640   66164   0,41  containerd
Rata-rata:    114      1588      0,29      0,00  218252   30140   0,19  postgres
Rata-rata:      0      2351      0,09      0,00 3433248  108457   0,67  dockerd
Rata-rata:    117      2352      0,23      0,00 1830640  334228   2,06  grafana
Rata-rata:      0      3207      5,92      0,00 1235608   15186   0,09  containerd-shim
Rata-rata:      0      3227      7,07      0,00 1235352   14453   0,09  containerd-shim
Rata-rata:      0      3240      6,32      0,00 1235608   15422   0,10  containerd-shim
Rata-rata:      0      3246      7,83      0,00 1235608   15537   0,10  containerd-shim
Rata-rata:      0      3261      5,89      0,00 1235608   15867   0,10  containerd-shim
Rata-rata:     70      3383      0,34      0,00  174540   26160   0,16  postgres
Rata-rata:   1000      9024      3,80      0,00 4672712  275435   1,70  gnome-shell
Rata-rata:   1000      9700     38,74      0,00 1461692876  303976   1,87  antigravity
Rata-rata:   1000      9756      3,11      0,00 34327258  165376   1,02  antigravity
Rata-rata:   1000      9767      0,74      0,00 33906012   82040   0,51  antigravity
Rata-rata:   1000      9830     97,62      0,00 1461371923  491337   3,03  antigravity
Rata-rata:   1000      9890      0,06      0,00 1459609232  173760   1,07  antigravity
Rata-rata:   1000     10109      0,25      0,00 33951332   64948   0,40  antigravity
Rata-rata:   1000     10121     36,88      0,00 1461391740  127881   0,79  antigravity
Rata-rata:   1000     10122    151,65      0,00 1461343128  272151   1,68  antigravity
Rata-rata:   1000     10186      3,72      0,00 1478124976  122768   0,76  antigravity
Rata-rata:   1000     10187      6,20      0,00 1461358904  158713   0,98  antigravity
Rata-rata:   1000     29312      0,02      0,00 1459530528   88440   0,54  antigravity
Rata-rata:   1000     39753      0,55      0,00    6123    5012   0,03  pidstat
Rata-rata:   1000     39754      0,29      0,00    2676    1740   0,01  jmeter
Rata-rata:   1000     39791    771,12      0,00 6506524  283667   1,75  java

Rata-rata:    UID       PID   kB_rd/s   kB_wr/s kB_ccwr/s iodelay  Command
Rata-rata:   1000      9700      0,00      0,18      0,00       0  antigravity
Rata-rata:   1000     39753      0,00      0,76      0,00       0  pidstat
Rata-rata:   1000     39791      0,00      1,11      0,00       0  java
