Linux 6.12.94+deb13-amd64 (debian) 	24/06/26 	_x86_64_	(8 CPU)

18:51:33      UID       PID    %usr %system  %guest   %wait    %CPU   CPU  Command
18:51:38        0        17    0,00    0,20    0,00    0,00    0,20     0  ksoftirqd/0
18:51:38      115       927    0,20    0,00    0,00    0,00    0,20     0  prometheus
18:51:38        0      1457    0,20    0,00    0,00    0,00    0,20     5  glances
18:51:38        0      1468    0,20    0,20    0,00    0,00    0,40     1  tailscaled
18:51:38        0      1489    0,20    0,20    0,00    0,00    0,40     4  containerd
18:51:38        0      2351    0,20    0,20    0,00    0,00    0,40     3  dockerd
18:51:38      117      2352    0,60    0,20    0,00    0,00    0,80     3  grafana
18:51:38        0      3170    0,40    0,40    0,00    0,00    0,80     5  mount.ntfs-3g
18:51:38        0      3207    0,00    0,20    0,00    0,00    0,20     6  containerd-shim
18:51:38        0      3240    0,20    0,00    0,00    0,00    0,20     1  containerd-shim
18:51:38        0      3261    0,00    0,20    0,00    0,00    0,20     3  containerd-shim
18:51:38      999      3405    0,40    0,20    0,00    0,00    0,60     5  redis-server
18:51:38     1000      9024    1,39    0,80    0,00    0,20    2,19     2  gnome-shell
18:51:38     1000      9700    0,80    0,40    0,00    0,20    1,20     0  antigravity
18:51:38     1000      9756    1,39    0,40    0,00    0,20    1,79     5  antigravity
18:51:38     1000      9830   19,32    0,40    0,00    0,80   19,72     2  antigravity
18:51:38     1000     10074    1,79    0,80    0,00    0,00    2,59     1  language_server
18:51:38     1000     10121    0,40    0,40    0,00    0,00    0,80     7  antigravity
18:51:38     1000     10122    1,59    0,60    0,00    0,00    2,19     7  antigravity
18:51:38     1000     10187    2,19    0,40    0,00    0,00    2,59     0  antigravity
18:51:38     1000     11152    1,39    1,20    0,00    0,00    2,59     4  language_server
18:51:38        0     25979    0,00    0,20    0,00    0,00    0,20     0  kworker/u32:4-kvfree_rcu_reclaim
18:51:38     1000     34024    0,40    0,20    0,00    0,00    0,60     2  pidstat
18:51:38     1000     34055   81,27    4,98    0,00    0,00   86,25     5  java

18:51:33      UID       PID  minflt/s  majflt/s     VSZ     RSS   %MEM  Command
18:51:38        0       413      2,39      0,00   37696   11516   0,07  systemd-udevd
18:51:38        0      1468     35,66      0,00 1421636   92148   0,57  tailscaled
18:51:38        0      3207     11,75      0,00 1235608   15616   0,10  containerd-shim
18:51:38        0      3227      3,39      0,00 1235352   14600   0,09  containerd-shim
18:51:38        0      3240      1,99      0,00 1235608   15928   0,10  containerd-shim
18:51:38        0      3246      4,98      0,00 1235608   15920   0,10  containerd-shim
18:51:38        0      3261      4,98      0,00 1235608   16076   0,10  containerd-shim
18:51:38     1000      9024      1,20      0,00 4676828  275632   1,70  gnome-shell
18:51:38     1000      9700     70,92      0,00 1461692876  303996   1,87  antigravity
18:51:38     1000      9756     11,16      0,00 34343804  165716   1,02  antigravity
18:51:38     1000      9767      1,20      0,00 33906012   82040   0,51  antigravity
18:51:38     1000      9830    791,24      0,00 1461374508  489812   3,02  antigravity
18:51:38     1000     10109      0,40      0,00 33951332   64948   0,40  antigravity
18:51:38     1000     10121    149,00      0,00 1461391740  123028   0,76  antigravity
18:51:38     1000     10122    579,28      0,00 1461343128  285672   1,76  antigravity
18:51:38     1000     10186      3,39      0,00 1478124976  122956   0,76  antigravity
18:51:38     1000     10187     31,87      0,00 1461358904  158632   0,98  antigravity
18:51:38     1000     11274      0,20      0,00 1459530528   92980   0,57  antigravity
18:51:38     1000     34024      1,00      0,00    6052    4988   0,03  pidstat
18:51:38     1000     34025      4,18      0,00    2676    1772   0,01  jmeter
18:51:38     1000     34055   5027,29      0,00 3896400  204732   1,26  java

18:51:33      UID       PID   kB_rd/s   kB_wr/s kB_ccwr/s iodelay  Command
18:51:38     1000     34055      0,00      2,03      0,00       0  java

18:51:38      UID       PID    %usr %system  %guest   %wait    %CPU   CPU  Command
18:51:43        0        18    0,00    0,20    0,00    0,00    0,20     6  rcu_preempt
18:51:43      115       927    0,20    0,00    0,00    0,00    0,20     0  prometheus
18:51:43        0      1457    0,20    0,00    0,00    0,00    0,20     5  glances
18:51:43        0      1468    0,60    0,20    0,00    0,00    0,80     7  tailscaled
18:51:43        0      1479    0,00    0,20    0,00    0,00    0,20     7  anydesk
18:51:43        0      1489    0,60    0,00    0,00    0,00    0,60     4  containerd
18:51:43      111      1556    0,00    0,20    0,00    0,00    0,20     5  mariadbd
18:51:43        0      2351    0,40    0,00    0,00    0,00    0,40     3  dockerd
18:51:43      117      2352    0,60    0,20    0,00    0,00    0,80     3  grafana
18:51:43        0      3170    0,20    0,40    0,00    0,00    0,60     1  mount.ntfs-3g
18:51:43        0      3227    0,20    0,00    0,00    0,00    0,20     3  containerd-shim
18:51:43        0      3246    0,00    0,20    0,00    0,00    0,20     0  containerd-shim
18:51:43        0      3261    0,20    0,00    0,00    0,00    0,20     3  containerd-shim
18:51:43      999      3405    0,40    0,00    0,00    0,00    0,40     6  redis-server
18:51:43     1000      9024    0,60    0,20    0,00    0,00    0,80     3  gnome-shell
18:51:43     1000      9700    0,20    0,20    0,00    0,00    0,40     0  antigravity
18:51:43     1000      9756    0,20    0,20    0,00    0,00    0,40     7  antigravity
18:51:43     1000      9830    1,20    0,20    0,00    0,00    1,40     2  antigravity
18:51:43     1000     10074    2,00    1,00    0,00    0,20    3,00     7  language_server
18:51:43     1000     10121    0,40    0,00    0,00    0,00    0,40     0  antigravity
18:51:43     1000     10122    1,20    0,20    0,00    0,00    1,40     5  antigravity
18:51:43     1000     10187    0,20    0,40    0,00    0,00    0,60     0  antigravity
18:51:43     1000     11152    2,20    0,80    0,00    0,00    3,00     4  language_server
18:51:43     1000     34024    0,00    0,20    0,00    0,00    0,20     2  pidstat
18:51:43     1000     34055    0,40    0,00    0,00    0,00    0,40     5  java

18:51:38      UID       PID  minflt/s  majflt/s     VSZ     RSS   %MEM  Command
18:51:43      115       927      0,40      0,00 2702228  118268   0,73  prometheus
18:51:43        0      1468     21,20      0,00 1421636   92532   0,57  tailscaled
18:51:43        0      3207      8,40      0,00 1235608   15744   0,10  containerd-shim
18:51:43        0      3240      0,20      0,00 1235608   15928   0,10  containerd-shim
18:51:43        0      3261      3,00      0,00 1235608   16076   0,10  containerd-shim
18:51:43     1000      9024      6,20      0,00 4676764  275504   1,70  gnome-shell
18:51:43     1000      9700     56,80      0,00 1461692876  304068   1,87  antigravity
18:51:43     1000      9756      7,60      0,00 34342588  165328   1,02  antigravity
18:51:43     1000      9767      0,60      0,00 33906012   82040   0,51  antigravity
18:51:43     1000      9830    250,80      0,00 1461373548  491348   3,03  antigravity
18:51:43     1000     10109      0,20      0,00 33951332   64948   0,40  antigravity
18:51:43     1000     10121    119,80      0,00 1461391740  123284   0,76  antigravity
18:51:43     1000     10122    435,60      0,00 1461343128  284880   1,75  antigravity
18:51:43     1000     10186      6,00      0,00 1478124976  122956   0,76  antigravity
18:51:43     1000     10187     31,60      0,00 1461358904  158544   0,98  antigravity
18:51:43     1000     34055     16,80      0,00 3896400  205116   1,26  java

18:51:38      UID       PID   kB_rd/s   kB_wr/s kB_ccwr/s iodelay  Command
18:51:43     1000     34024      0,00      0,82      0,00       0  pidstat

18:51:43      UID       PID    %usr %system  %guest   %wait    %CPU   CPU  Command
18:51:48        0         1    0,20    0,20    0,00    0,00    0,40     2  systemd
18:51:48        0        86    0,00    0,20    0,00    0,00    0,20     0  irq/9-acpi
18:51:48      990       905    0,40    0,20    0,00    0,00    0,60     1  dbus-daemon
18:51:48      115       926    1,20    0,40    0,00    0,00    1,60     1  prometheus-node
18:51:48      115       927    0,20    0,00    0,00    0,00    0,20     0  prometheus
18:51:48        0      1468    0,60    0,00    0,00    0,00    0,60     7  tailscaled
18:51:48        0      1489    0,20    0,00    0,00    0,00    0,20     4  containerd
18:51:48        0      2351    0,60    0,20    0,00    0,00    0,80     3  dockerd
18:51:48      117      2352    0,60    0,20    0,00    0,00    0,80     3  grafana
18:51:48        0      3170    0,40    0,20    0,00    0,00    0,60     4  mount.ntfs-3g
18:51:48        0      3207    0,20    0,00    0,00    0,00    0,20     6  containerd-shim
18:51:48        0      3227    0,20    0,00    0,00    0,00    0,20     3  containerd-shim
18:51:48        0      3240    0,00    0,20    0,00    0,00    0,20     1  containerd-shim
18:51:48        0      3246    0,20    0,00    0,00    0,00    0,20     0  containerd-shim
18:51:48      999      3405    0,40    0,00    0,00    0,00    0,40     6  redis-server
18:51:48     1000      9024    0,60    0,00    0,00    0,00    0,60     6  gnome-shell
18:51:48     1000      9700    0,20    0,00    0,00    0,00    0,20     7  antigravity
18:51:48     1000      9756    0,40    0,00    0,00    0,00    0,40     7  antigravity
18:51:48     1000      9830    1,20    0,20    0,00    0,00    1,40     4  antigravity
18:51:48     1000     10074    1,40    1,40    0,00    0,00    2,80     5  language_server
18:51:48     1000     10121    0,00    0,20    0,00    0,00    0,20     5  antigravity
18:51:48     1000     10122    1,20    0,40    0,00    0,00    1,60     7  antigravity
18:51:48     1000     10187    0,40    0,00    0,00    0,00    0,40     0  antigravity
18:51:48     1000     11152    1,60    1,00    0,00    0,00    2,60     4  language_server
18:51:48        0     33252    0,20    0,00    0,00    0,00    0,20     0  kworker/0:2-events_freezable
18:51:48        0     33395    0,20    0,00    0,00    0,00    0,20     5  kworker/5:3-mm_percpu_wq
18:51:48     1000     34024    0,20    0,20    0,00    0,00    0,40     2  pidstat
18:51:48     1000     34055    0,40    0,00    0,00    0,00    0,40     5  java

18:51:43      UID       PID  minflt/s  majflt/s     VSZ     RSS   %MEM  Command
18:51:48        0       381      6,40      0,00  136916   82520   0,51  systemd-journal
18:51:48      115       926    107,00      0,00 1687812   25028   0,15  prometheus-node
18:51:48      115       927      0,20      0,00 2702228  118268   0,73  prometheus
18:51:48        0      1468      0,20      0,00 1421636   92532   0,57  tailscaled
18:51:48        0      3207      5,20      0,00 1235608   15428   0,10  containerd-shim
18:51:48        0      3227      6,60      0,00 1235352   14728   0,09  containerd-shim
18:51:48        0      3240      4,20      0,00 1235608   15928   0,10  containerd-shim
18:51:48        0      3246      1,80      0,00 1235608   15920   0,10  containerd-shim
18:51:48     1000      9024      0,80      0,00 4676828  275504   1,70  gnome-shell
18:51:48     1000      9700     53,40      0,00 1461692876  304672   1,88  antigravity
18:51:48     1000      9756      6,20      0,00 34338492  165328   1,02  antigravity
18:51:48     1000      9767      0,60      0,00 33906012   82040   0,51  antigravity
18:51:48     1000      9830    241,60      0,00 1461373548  493568   3,04  antigravity
18:51:48     1000     10109      0,20      0,00 33951332   64948   0,40  antigravity
18:51:48     1000     10121      7,00      0,00 1461391740  123284   0,76  antigravity
18:51:48     1000     10122    368,40      0,00 1461343128  285664   1,76  antigravity
18:51:48     1000     10186      3,20      0,00 1478124976  122956   0,76  antigravity
18:51:48     1000     10187     34,00      0,00 1461358904  159056   0,98  antigravity
18:51:48     1000     34055      3,00      0,00 3896400  205116   1,26  java

18:51:43      UID       PID   kB_rd/s   kB_wr/s kB_ccwr/s iodelay  Command
18:51:48     1000     34024      0,00      0,75      0,00       0  pidstat

18:51:48      UID       PID    %usr %system  %guest   %wait    %CPU   CPU  Command
18:51:53        0        82    0,00    0,20    0,00    0,00    0,20     2  khugepaged
18:51:53        0      1457    0,20    0,00    0,00    0,00    0,20     5  glances
18:51:53        0      1479    0,20    0,00    0,00    0,00    0,20     7  anydesk
18:51:53        0      1489    0,40    0,20    0,00    0,00    0,60     4  containerd
18:51:53        0      2351    0,20    0,20    0,00    0,00    0,40     3  dockerd
18:51:53      117      2352    0,80    0,40    0,00    0,00    1,20     3  grafana
18:51:53        0      3170    0,40    0,20    0,00    0,00    0,60     7  mount.ntfs-3g
18:51:53        0      3207    0,00    0,20    0,00    0,00    0,20     6  containerd-shim
18:51:53        0      3240    0,20    0,00    0,00    0,00    0,20     1  containerd-shim
18:51:53      999      3405    0,40    0,00    0,00    0,00    0,40     5  redis-server
18:51:53     1000      9024    1,00    0,00    0,00    0,00    1,00     1  gnome-shell
18:51:53     1000      9151    0,20    0,00    0,00    0,00    0,20     1  gsd-power
18:51:53     1000      9700    0,40    0,00    0,00    0,00    0,40     3  antigravity
18:51:53     1000      9756    0,20    0,20    0,00    0,00    0,40     1  antigravity
18:51:53     1000      9830   11,80    0,40    0,00    0,00   12,20     2  antigravity
18:51:53     1000     10074    1,20    1,40    0,00    0,00    2,60     0  language_server
18:51:53     1000     10121    0,20    0,00    0,00    0,00    0,20     5  antigravity
18:51:53     1000     10122    1,40    0,20    0,00    0,20    1,60     6  antigravity
18:51:53     1000     10187    0,80    0,00    0,00    0,20    0,80     0  antigravity
18:51:53     1000     11152    1,00    2,00    0,00    0,00    3,00     4  language_server
18:51:53     1000     34024    0,00    0,40    0,00    0,00    0,40     2  pidstat
18:51:53     1000     34055    0,20    0,00    0,00    0,00    0,20     5  java

18:51:48      UID       PID  minflt/s  majflt/s     VSZ     RSS   %MEM  Command
18:51:53        0      3207      6,40      0,00 1235608   15084   0,09  containerd-shim
18:51:53        0      3227      7,80      0,00 1235352   14084   0,09  containerd-shim
18:51:53        0      3240      8,60      0,00 1235608   15428   0,10  containerd-shim
18:51:53        0      3246      5,20      0,00 1235608   15456   0,10  containerd-shim
18:51:53        0      3261      5,80      0,00 1235608   15656   0,10  containerd-shim
18:51:53     1000      9024      6,60      0,00 4676764  275632   1,70  gnome-shell
18:51:53     1000      9700     56,60      0,00 1461692876  304388   1,88  antigravity
18:51:53     1000      9756     24,00      0,00 34338556  165840   1,02  antigravity
18:51:53     1000      9767      0,60      0,00 33906012   82040   0,51  antigravity
18:51:53     1000      9830    389,00      0,00 1461373548  486624   3,00  antigravity
18:51:53     1000      9890      1,00      0,00 1459609232  173640   1,07  antigravity
18:51:53     1000     10109      0,20      0,00 33951332   64948   0,40  antigravity
18:51:53     1000     10121      3,00      0,00 1461391740  123284   0,76  antigravity
18:51:53     1000     10122    541,60      0,00 1461343128  285452   1,76  antigravity
18:51:53     1000     10186      3,40      0,00 1478124976  122956   0,76  antigravity
18:51:53     1000     10187     33,60      0,00 1461358904  159260   0,98  antigravity
18:51:53     1000     11290      0,00      0,00  377932  188928   1,16  pyrefly
18:51:53     1000     34055      1,00      0,00 3896400  205116   1,26  java

18:51:48      UID       PID   kB_rd/s   kB_wr/s kB_ccwr/s iodelay  Command
18:51:53     1000     34024      0,00      0,86      0,00       0  pidstat

18:51:53      UID       PID    %usr %system  %guest   %wait    %CPU   CPU  Command
18:51:58      115       927    0,20    0,00    0,00    0,00    0,20     0  prometheus
18:51:58        0      1457    0,20    0,00    0,00    0,00    0,20     5  glances
18:51:58        0      1489    0,20    0,20    0,00    0,00    0,40     4  containerd
18:51:58        0      2351    0,60    0,00    0,00    0,00    0,60     3  dockerd
18:51:58      117      2352    0,60    0,40    0,00    0,00    1,00     3  grafana
18:51:58        0      3170    0,40    0,40    0,00    0,00    0,80     2  mount.ntfs-3g
18:51:58        0      3207    0,20    0,00    0,00    0,00    0,20     6  containerd-shim
18:51:58        0      3246    0,00    0,20    0,00    0,00    0,20     0  containerd-shim
18:51:58        0      3261    0,20    0,20    0,00    0,00    0,40     3  containerd-shim
18:51:58      999      3405    0,20    0,20    0,00    0,00    0,40     6  redis-server
18:51:58     1000      9024    0,60    0,20    0,00    0,00    0,80     4  gnome-shell
18:51:58     1000      9700    0,20    0,20    0,00    0,00    0,40     6  antigravity
18:51:58     1000      9756    0,20    0,00    0,00    0,00    0,20     5  antigravity
18:51:58     1000      9830    1,40    0,00    0,00    0,00    1,40     3  antigravity
18:51:58     1000     10074    1,40    1,40    0,00    0,00    2,80     3  language_server
18:51:58     1000     10121    0,00    0,20    0,00    0,00    0,20     0  antigravity
18:51:58     1000     10122    0,80    0,60    0,00    0,00    1,40     4  antigravity
18:51:58     1000     10187    0,40    0,20    0,00    0,00    0,60     2  antigravity
18:51:58     1000     11152    1,40    1,40    0,00    0,00    2,80     4  language_server
18:51:58     1000     29312    0,20    0,00    0,00    0,00    0,20     4  antigravity
18:51:58     1000     34024    0,00    0,40    0,00    0,00    0,40     2  pidstat
18:51:58     1000     34055    0,20    0,00    0,00    0,00    0,20     5  java

18:51:53      UID       PID  minflt/s  majflt/s     VSZ     RSS   %MEM  Command
18:51:58      115       927      0,40      0,00 2702228  118268   0,73  prometheus
18:51:58        0      3207      7,60      0,00 1235608   15084   0,09  containerd-shim
18:51:58        0      3227     10,40      0,00 1235352   14340   0,09  containerd-shim
18:51:58        0      3240     11,60      0,00 1235608   15428   0,10  containerd-shim
18:51:58        0      3246      9,80      0,00 1235608   15840   0,10  containerd-shim
18:51:58        0      3261     10,40      0,00 1235608   15656   0,10  containerd-shim
18:51:58     1000      9024      0,80      0,00 4676764  275632   1,70  gnome-shell
18:51:58     1000      9700     71,00      0,00 1461692876  303736   1,87  antigravity
18:51:58     1000      9756      6,00      0,00 34338556  165840   1,02  antigravity
18:51:58     1000      9767      1,20      0,00 33906012   82040   0,51  antigravity
18:51:58     1000      9830    254,20      0,00 1461373548  488652   3,01  antigravity
18:51:58     1000     10074      0,20      0,00 5034116  377020   2,32  language_server
18:51:58     1000     10109      0,40      0,00 33951332   64948   0,40  antigravity
18:51:58     1000     10121     13,20      0,00 1461391740  123284   0,76  antigravity
18:51:58     1000     10122    394,80      0,00 1461343128  285240   1,76  antigravity
18:51:58     1000     10186      3,00      0,00 1478124976  122956   0,76  antigravity
18:51:58     1000     10187     37,20      0,00 1461358904  159512   0,98  antigravity
18:51:58     1000     34055      1,00      0,00 3896400  205244   1,26  java

18:51:53      UID       PID   kB_rd/s   kB_wr/s kB_ccwr/s iodelay  Command
18:51:58     1000      9700      0,00      8,80      0,00       0  antigravity
18:51:58     1000     34024      0,00      0,73      0,00       0  pidstat

18:51:58      UID       PID    %usr %system  %guest   %wait    %CPU   CPU  Command
18:52:03        0         1    0,20    0,00    0,00    0,00    0,20     2  systemd
18:52:03        0        86    0,00    0,20    0,00    0,00    0,20     0  irq/9-acpi
18:52:03      990       905    0,80    0,00    0,00    0,00    0,80     1  dbus-daemon
18:52:03      115       926    1,00    0,40    0,00    0,00    1,40     1  prometheus-node
18:52:03      115       927    0,20    0,00    0,00    0,00    0,20     0  prometheus
18:52:03        0      1468    0,20    0,20    0,00    0,00    0,40     7  tailscaled
18:52:03        0      1489    0,20    0,20    0,00    0,00    0,40     4  containerd
18:52:03       33      1618    0,00    0,20    0,00    0,00    0,20     3  apache2
18:52:03        0      2351    0,40    0,00    0,00    0,00    0,40     3  dockerd
18:52:03      117      2352    0,60    0,40    0,00    0,00    1,00     3  grafana
18:52:03        0      3170    0,60    0,20    0,00    0,00    0,80     6  mount.ntfs-3g
18:52:03        0      3227    0,20    0,20    0,00    0,00    0,40     3  containerd-shim
18:52:03        0      3240    0,00    0,20    0,00    0,00    0,20     1  containerd-shim
18:52:03      999      3405    0,40    0,00    0,00    0,00    0,40     5  redis-server
18:52:03     1000      9024    0,40    0,40    0,00    0,00    0,80     6  gnome-shell
18:52:03     1000      9200    0,20    0,00    0,00    0,00    0,20     4  anydesk
18:52:03     1000      9700    0,20    0,00    0,00    0,00    0,20     0  antigravity
18:52:03     1000      9756    0,20    0,20    0,00    0,00    0,40     5  antigravity
18:52:03     1000      9830    1,00    0,40    0,00    0,00    1,40     7  antigravity
18:52:03     1000     10074    2,20    1,00    0,00    0,00    3,20     1  language_server
18:52:03     1000     10121    0,00    0,20    0,00    0,00    0,20     4  antigravity
18:52:03     1000     10122    1,20    0,40    0,00    0,00    1,60     4  antigravity
18:52:03     1000     10187    0,60    0,00    0,00    0,00    0,60     2  antigravity
18:52:03     1000     11152    1,40    1,60    0,00    0,00    3,00     4  language_server
18:52:03        0     13128    0,00    0,20    0,00    0,00    0,20     2  kworker/u32:1-kvfree_rcu_reclaim
18:52:03        0     32395    0,00    0,20    0,00    0,00    0,20     6  kworker/6:1-mm_percpu_wq
18:52:03     1000     34024    0,00    0,40    0,00    0,00    0,40     2  pidstat
18:52:03     1000     34055    0,20    0,20    0,00    0,00    0,40     5  java

18:51:58      UID       PID  minflt/s  majflt/s     VSZ     RSS   %MEM  Command
18:52:03      115       926     78,40      0,00 1687812   25124   0,15  prometheus-node
18:52:03        0      3207     12,80      0,00 1235608   15340   0,09  containerd-shim
18:52:03        0      3227     15,40      0,00 1235352   14468   0,09  containerd-shim
18:52:03        0      3240     14,80      0,00 1235608   15812   0,10  containerd-shim
18:52:03        0      3246     13,00      0,00 1235608   15968   0,10  containerd-shim
18:52:03        0      3261     13,00      0,00 1235608   15656   0,10  containerd-shim
18:52:03     1000      9024      6,40      0,00 4676828  275632   1,70  gnome-shell
18:52:03     1000      9700     56,60      0,00 1461692876  303916   1,87  antigravity
18:52:03     1000      9756      7,20      0,00 34338556  165460   1,02  antigravity
18:52:03     1000      9767      0,60      0,00 33906012   82040   0,51  antigravity
18:52:03     1000      9830    251,20      0,00 1461373548  490984   3,02  antigravity
18:52:03     1000     10074     56,60      0,00 5034116  377788   2,33  language_server
18:52:03     1000     10109      0,20      0,00 33951332   64948   0,40  antigravity
18:52:03     1000     10121      3,20      0,00 1461391740  123284   0,76  antigravity
18:52:03     1000     10122    388,60      0,00 1461343128  283784   1,75  antigravity
18:52:03     1000     10186      6,20      0,00 1478124976  122956   0,76  antigravity
18:52:03     1000     10187     30,40      0,00 1461358904  159372   0,98  antigravity
18:52:03     1000     11290      0,00      0,00  377932  189568   1,17  pyrefly
18:52:03     1000     34055      1,40      0,00 3896400  205372   1,27  java

18:51:58      UID       PID   kB_rd/s   kB_wr/s kB_ccwr/s iodelay  Command
18:52:03     1000     34024      0,00      0,75      0,00       0  pidstat

18:52:03      UID       PID    %usr %system  %guest   %wait    %CPU   CPU  Command
18:52:08        0      1457    0,20    0,00    0,00    0,00    0,20     5  glances
18:52:08        0      1489    0,20    0,00    0,00    0,00    0,20     4  containerd
18:52:08        0      2351    0,40    0,20    0,00    0,00    0,60     3  dockerd
18:52:08      117      2352    0,80    0,20    0,00    0,00    1,00     3  grafana
18:52:08        0      3170    0,40    0,20    0,00    0,00    0,60     2  mount.ntfs-3g
18:52:08        0      3207    0,20    0,00    0,00    0,00    0,20     6  containerd-shim
18:52:08        0      3240    0,20    0,00    0,00    0,00    0,20     1  containerd-shim
18:52:08        0      3246    0,20    0,20    0,00    0,00    0,40     0  containerd-shim
18:52:08        0      3261    0,00    0,20    0,00    0,00    0,20     3  containerd-shim
18:52:08      999      3405    0,40    0,20    0,00    0,00    0,60     1  redis-server
18:52:08     1000      9024    0,80    0,00    0,00    0,00    0,80     4  gnome-shell
18:52:08     1000      9700    0,20    0,20    0,00    0,00    0,40     0  antigravity
18:52:08     1000      9756    0,40    0,00    0,00    0,00    0,40     1  antigravity
18:52:08     1000      9830    2,00    0,20    0,00    0,00    2,20     3  antigravity
18:52:08     1000     10074    1,20    1,60    0,00    0,00    2,80     1  language_server
18:52:08     1000     10121    0,20    0,40    0,00    0,00    0,60     0  antigravity
18:52:08     1000     10122    1,20    0,40    0,00    0,00    1,60     7  antigravity
18:52:08     1000     10187    0,60    0,00    0,00    0,00    0,60     2  antigravity
18:52:08     1000     11152    1,00    1,80    0,00    0,00    2,80     4  language_server
18:52:08     1000     34024    0,00    0,40    0,00    0,00    0,40     2  pidstat
18:52:08     1000     34055    0,40    0,00    0,00    0,00    0,40     5  java

18:52:03      UID       PID  minflt/s  majflt/s     VSZ     RSS   %MEM  Command
18:52:08        0      3207      3,80      0,00 1235608   15468   0,10  containerd-shim
18:52:08        0      3227      0,80      0,00 1235352   14468   0,09  containerd-shim
18:52:08        0      3240      0,60      0,00 1235608   15812   0,10  containerd-shim
18:52:08        0      3246      1,60      0,00 1235608   16096   0,10  containerd-shim
18:52:08        0      3261      6,40      0,00 1235608   15912   0,10  containerd-shim
18:52:08     1000      9024      0,80      0,00 4676764  275632   1,70  gnome-shell
18:52:08     1000      9700     54,20      0,00 1461692876  304520   1,88  antigravity
18:52:08     1000      9756      6,80      0,00 34338556  165460   1,02  antigravity
18:52:08     1000      9767      0,60      0,00 33906012   82040   0,51  antigravity
18:52:08     1000      9830    349,60      0,00 1461373548  493232   3,04  antigravity
18:52:08     1000     10109      0,20      0,00 33951332   64948   0,40  antigravity
18:52:08     1000     10121    134,40      0,00 1461391740  123668   0,76  antigravity
18:52:08     1000     10122    380,80      0,00 1461343128  285448   1,76  antigravity
18:52:08     1000     10186      3,40      0,00 1478124976  122956   0,76  antigravity
18:52:08     1000     10187     36,20      0,00 1461358904  159884   0,98  antigravity
18:52:08     1000     34055      4,20      0,00 3896400  205372   1,27  java

18:52:03      UID       PID   kB_rd/s   kB_wr/s kB_ccwr/s iodelay  Command
18:52:08     1000     10122      0,00      0,80      0,00       0  antigravity
18:52:08     1000     34024      0,00      0,86      0,00       0  pidstat
18:52:08     1000     34055      0,00      0,03      0,00       0  java

18:52:08      UID       PID    %usr %system  %guest   %wait    %CPU   CPU  Command
18:52:13        0        18    0,00    0,20    0,00    0,00    0,20     7  rcu_preempt
18:52:13        0       721    0,00    0,20    0,00    0,00    0,20     3  kworker/u33:2-i915_flip
18:52:13      115       927    0,20    0,20    0,00    0,00    0,40     0  prometheus
18:52:13        0      1468    0,20    0,00    0,00    0,00    0,20     7  tailscaled
18:52:13        0      1489    0,60    0,00    0,00    0,00    0,60     4  containerd
18:52:13        0      2351    0,40    0,00    0,00    0,00    0,40     3  dockerd
18:52:13      117      2352    0,80    0,20    0,00    0,00    1,00     3  grafana
18:52:13        0      3170    0,20    0,40    0,00    0,00    0,60     7  mount.ntfs-3g
18:52:13        0      3207    0,00    0,20    0,00    0,00    0,20     6  containerd-shim
18:52:13      999      3405    0,20    0,00    0,00    0,00    0,20     6  redis-server
18:52:13     1000      9024    0,40    0,40    0,00    0,00    0,80     7  gnome-shell
18:52:13     1000      9700    0,40    0,00    0,00    0,00    0,40     7  antigravity
18:52:13     1000      9756    0,20    0,00    0,00    0,00    0,20     3  antigravity
18:52:13     1000      9830    1,40    0,00    0,00    0,00    1,40     3  antigravity
18:52:13     1000     10074    1,60    1,20    0,00    0,20    2,80     2  language_server
18:52:13     1000     10121    0,20    0,00    0,00    0,00    0,20     4  antigravity
18:52:13     1000     10122    1,40    0,40    0,00    0,00    1,80     1  antigravity
18:52:13     1000     10187    1,00    0,20    0,00    0,00    1,20     5  antigravity
18:52:13     1000     11152    1,20    1,60    0,00    0,00    2,80     4  language_server
18:52:13     1000     34024    0,00    0,20    0,00    0,00    0,20     5  pidstat

18:52:08      UID       PID  minflt/s  majflt/s     VSZ     RSS   %MEM  Command
18:52:13        0       381      6,00      0,00  136916   82520   0,51  systemd-journal
18:52:13        0      3207      4,20      0,00 1235608   15468   0,10  containerd-shim
18:52:13        0      3227      5,40      0,00 1235352   14468   0,09  containerd-shim
18:52:13        0      3240      4,00      0,00 1235608   15812   0,10  containerd-shim
18:52:13        0      3246      1,20      0,00 1235608   16096   0,10  containerd-shim
18:52:13     1000      9024      5,80      0,00 4676828  275632   1,70  gnome-shell
18:52:13     1000      9700     56,00      0,00 1461692876  304664   1,88  antigravity
18:52:13     1000      9756     23,80      0,00 34338556  165844   1,02  antigravity
18:52:13     1000      9767      0,60      0,00 33906012   82040   0,51  antigravity
18:52:13     1000      9830    247,60      0,00 1461373548  494676   3,05  antigravity
18:52:13     1000     10109      0,20      0,00 33951332   64948   0,40  antigravity
18:52:13     1000     10121     10,40      0,00 1461391740  123528   0,76  antigravity
18:52:13     1000     10122    397,40      0,00 1461343128  285008   1,76  antigravity
18:52:13     1000     10186      3,00      0,00 1478124976  122956   0,76  antigravity
18:52:13     1000     10187     41,40      0,00 1461358904  157964   0,97  antigravity
18:52:13     1000     11290      0,00      0,00  377932  189696   1,17  pyrefly
18:52:13     1000     34055      1,00      0,00 3896400  205372   1,27  java

18:52:08      UID       PID   kB_rd/s   kB_wr/s kB_ccwr/s iodelay  Command
18:52:13     1000     10122      0,00      0,80      0,00       0  antigravity
18:52:13     1000     34024      0,00      0,72      0,00       0  pidstat

18:52:13      UID       PID    %usr %system  %guest   %wait    %CPU   CPU  Command
18:52:18        0         1    0,20    0,00    0,00    0,00    0,20     4  systemd
18:52:18      990       905    0,80    0,00    0,00    0,00    0,80     1  dbus-daemon
18:52:18      115       926    1,20    0,40    0,00    0,00    1,60     1  prometheus-node
18:52:18      115       927    0,20    0,00    0,00    0,00    0,20     0  prometheus
18:52:18        0      1457    0,20    0,00    0,00    0,00    0,20     5  glances
18:52:18        0      1468    0,00    0,20    0,00    0,00    0,20     7  tailscaled
18:52:18        0      1489    0,20    0,20    0,00    0,00    0,40     4  containerd
18:52:18        0      2350    0,20    0,00    0,00    0,00    0,20     2  cups-browsed
18:52:18        0      2351    0,20    0,40    0,00    0,00    0,60     3  dockerd
18:52:18      117      2352    0,60    0,20    0,00    0,00    0,80     3  grafana
18:52:18        0      3170    0,20    0,60    0,00    0,20    0,80     0  mount.ntfs-3g
18:52:18        0      3227    0,20    0,00    0,00    0,00    0,20     3  containerd-shim
18:52:18        0      3240    0,00    0,20    0,00    0,00    0,20     1  containerd-shim
18:52:18        0      3246    0,00    0,20    0,00    0,00    0,20     0  containerd-shim
18:52:18        0      3261    0,20    0,00    0,00    0,00    0,20     3  containerd-shim
18:52:18      999      3405    0,40    0,00    0,00    0,20    0,40     2  redis-server
18:52:18     1000      9024    0,40    0,20    0,00    0,00    0,60     6  gnome-shell
18:52:18     1000      9700    0,20    0,20    0,00    0,00    0,40     3  antigravity
18:52:18     1000      9756    0,20    0,20    0,00    0,00    0,40     1  antigravity
18:52:18     1000      9830   12,20    0,40    0,00    0,20   12,60     6  antigravity
18:52:18     1000     10074    1,60    1,20    0,00    0,20    2,80     0  language_server
18:52:18     1000     10121    0,20    0,00    0,00    0,00    0,20     0  antigravity
18:52:18     1000     10122    1,00    0,40    0,00    0,40    1,40     3  antigravity
18:52:18     1000     10187    0,60    0,00    0,00    0,00    0,60     5  antigravity
18:52:18     1000     11152    1,80    1,20    0,00    0,00    3,00     4  language_server
18:52:18        0     31798    0,20    0,00    0,00    0,00    0,20     1  kworker/1:2-mm_percpu_wq
18:52:18        0     33252    0,20    0,00    0,00    0,00    0,20     0  kworker/0:2-mm_percpu_wq
18:52:18     1000     34024    0,20    0,20    0,00    0,00    0,40     5  pidstat
18:52:18     1000     34055    0,40    0,00    0,00    0,00    0,40     5  java

18:52:13      UID       PID  minflt/s  majflt/s     VSZ     RSS   %MEM  Command
18:52:18      115       926     64,20      0,00 1687812   25100   0,15  prometheus-node
18:52:18      114      1588      3,80      0,00  218252   30140   0,19  postgres
18:52:18        0      3207     11,00      0,00 1235608   15544   0,10  containerd-shim
18:52:18        0      3227      4,20      0,00 1235352   14724   0,09  containerd-shim
18:52:18        0      3240      8,40      0,00 1235608   15812   0,10  containerd-shim
18:52:18        0      3246      1,60      0,00 1235608   16096   0,10  containerd-shim
18:52:18        0      3261      1,20      0,00 1235608   15912   0,10  containerd-shim
18:52:18     1000      9024      1,00      0,00 4676764  275632   1,70  gnome-shell
18:52:18     1000      9700     59,80      0,00 1461692876  304172   1,87  antigravity
18:52:18     1000      9756      6,00      0,00 34338556  165972   1,02  antigravity
18:52:18     1000      9767      1,20      0,00 33906012   82040   0,51  antigravity
18:52:18     1000      9830    355,60      0,00 1461373548  487520   3,00  antigravity
18:52:18     1000     10109      0,40      0,00 33951332   64948   0,40  antigravity
18:52:18     1000     10121      7,80      0,00 1461391740  123528   0,76  antigravity
18:52:18     1000     10122    403,40      0,00 1461343128  285840   1,76  antigravity
18:52:18     1000     10186      3,00      0,00 1478124976  122956   0,76  antigravity
18:52:18     1000     10187     39,40      0,00 1461358904  157980   0,97  antigravity
18:52:18     1000     34055      1,60      0,00 3896400  205372   1,27  java

18:52:13      UID       PID   kB_rd/s   kB_wr/s kB_ccwr/s iodelay  Command
18:52:18     1000     10122      0,00      1,60      0,00       0  antigravity
18:52:18     1000     34024      0,00      0,70      0,00       0  pidstat

18:52:18      UID       PID    %usr %system  %guest   %wait    %CPU   CPU  Command
18:52:23        0      1457    0,20    0,00    0,00    0,00    0,20     5  glances
18:52:23        0      1489    0,40    0,20    0,00    0,00    0,60     4  containerd
18:52:23        0      2351    0,40    0,00    0,00    0,00    0,40     3  dockerd
18:52:23      117      2352    0,80    0,20    0,00    0,00    1,00     3  grafana
18:52:23        0      3170    0,20    0,60    0,00    0,00    0,80     7  mount.ntfs-3g
18:52:23        0      3207    0,00    0,20    0,00    0,00    0,20     6  containerd-shim
18:52:23        0      3227    0,00    0,20    0,00    0,00    0,20     3  containerd-shim
18:52:23        0      3240    0,00    0,20    0,00    0,00    0,20     1  containerd-shim
18:52:23      999      3405    0,40    0,20    0,00    0,00    0,60     1  redis-server
18:52:23     1000      9024    0,60    0,20    0,00    0,00    0,80     1  gnome-shell
18:52:23     1000      9700    0,20    0,00    0,00    0,00    0,20     3  antigravity
18:52:23     1000      9756    0,20    0,00    0,00    0,00    0,20     3  antigravity
18:52:23     1000      9830    1,20    0,20    0,00    0,00    1,40     6  antigravity
18:52:23     1000     10074    1,60    1,40    0,00    0,00    3,00     4  language_server
18:52:23     1000     10121    0,00    0,20    0,00    0,00    0,20     1  antigravity
18:52:23     1000     10122    1,00    0,60    0,00    0,00    1,60     2  antigravity
18:52:23     1000     10187    0,40    0,20    0,00    0,00    0,60     5  antigravity
18:52:23     1000     11152    2,00    0,80    0,00    0,00    2,80     4  language_server
18:52:23     1000     34024    0,20    0,20    0,00    0,00    0,40     5  pidstat
18:52:23     1000     34055    0,20    0,00    0,00    0,00    0,20     5  java

18:52:18      UID       PID  minflt/s  majflt/s     VSZ     RSS   %MEM  Command
18:52:23      115       927      0,40      0,00 2702228  118268   0,73  prometheus
18:52:23        0      1489      3,20      0,00 2242640   65904   0,41  containerd
18:52:23        0      3207     11,00      0,00 1235608   14956   0,09  containerd-shim
18:52:23        0      3227      4,40      0,00 1235352   14304   0,09  containerd-shim
18:52:23        0      3240      0,40      0,00 1235608   15372   0,09  containerd-shim
18:52:23        0      3246      4,80      0,00 1235608   15324   0,09  containerd-shim
18:52:23        0      3261      3,80      0,00 1235608   15460   0,10  containerd-shim
18:52:23     1000      9024      6,60      0,00 4676764  275632   1,70  gnome-shell
18:52:23     1000      9700     56,40      0,00 1461692876  304120   1,87  antigravity
18:52:23     1000      9756      7,40      0,00 34338620  165536   1,02  antigravity
18:52:23     1000      9767      0,60      0,00 33906012   82040   0,51  antigravity
18:52:23     1000      9830    257,40      0,00 1461373548  490456   3,02  antigravity
18:52:23     1000     10109      0,20      0,00 33951332   64948   0,40  antigravity
18:52:23     1000     10121      2,80      0,00 1461391740  123528   0,76  antigravity
18:52:23     1000     10122    440,60      0,00 1461343128  284700   1,75  antigravity
18:52:23     1000     10186      6,80      0,00 1478124976  122956   0,76  antigravity
18:52:23     1000     10187     32,40      0,00 1461358904  157708   0,97  antigravity
18:52:23     1000     34055      1,80      0,00 3896400  205372   1,27  java

18:52:18      UID       PID   kB_rd/s   kB_wr/s kB_ccwr/s iodelay  Command
18:52:23     1000     34024      0,00      0,88      0,00       0  pidstat

18:52:23      UID       PID    %usr %system  %guest   %wait    %CPU   CPU  Command
18:52:28        0        86    0,00    0,20    0,00    0,00    0,20     0  irq/9-acpi
18:52:28      115       927    0,20    0,00    0,00    0,00    0,20     0  prometheus
18:52:28        0      1457    0,20    0,00    0,00    0,00    0,20     5  glances
18:52:28        0      1489    0,00    0,40    0,00    0,00    0,40     4  containerd
18:52:28      111      1556    0,20    0,00    0,00    0,00    0,20     5  mariadbd
18:52:28        0      2351    0,40    0,20    0,00    0,00    0,60     3  dockerd
18:52:28      117      2352    2,40    0,00    0,00    0,00    2,40     3  grafana
18:52:28        0      3170    0,20    0,40    0,00    0,00    0,60     1  mount.ntfs-3g
18:52:28        0      3261    0,00    0,20    0,00    0,00    0,20     3  containerd-shim
18:52:28      999      3405    0,40    0,00    0,00    0,00    0,40     1  redis-server
18:52:28     1000      9024    0,60    0,00    0,00    0,00    0,60     6  gnome-shell
18:52:28     1000      9700    0,20    0,00    0,00    0,00    0,20     5  antigravity
18:52:28     1000      9756    0,20    0,20    0,00    0,00    0,40     3  antigravity
18:52:28     1000      9830    1,40    0,00    0,00    0,00    1,40     6  antigravity
18:52:28     1000     10074    1,40    1,20    0,00    0,00    2,60     7  language_server
18:52:28     1000     10121    0,20    0,00    0,00    0,00    0,20     1  antigravity
18:52:28     1000     10122    1,20    0,40    0,00    0,00    1,60     4  antigravity
18:52:28     1000     10187    0,80    0,20    0,00    0,00    1,00     5  antigravity
18:52:28     1000     11152    1,40    1,60    0,00    0,00    3,00     4  language_server
18:52:28     1000     34024    0,40    0,20    0,00    0,00    0,60     2  pidstat
18:52:28     1000     34055    0,20    0,00    0,00    0,00    0,20     5  java

18:52:23      UID       PID  minflt/s  majflt/s     VSZ     RSS   %MEM  Command
18:52:28        0      1489      1,80      0,00 2242640   65904   0,41  containerd
18:52:28      117      2352      3,00      0,00 1830016  333540   2,05  grafana
18:52:28        0      3207     10,80      0,00 1235608   15212   0,09  containerd-shim
18:52:28        0      3227     10,40      0,00 1235352   14432   0,09  containerd-shim
18:52:28        0      3240      7,00      0,00 1235608   15628   0,10  containerd-shim
18:52:28        0      3246     10,40      0,00 1235608   15324   0,09  containerd-shim
18:52:28        0      3261     10,40      0,00 1235608   15460   0,10  containerd-shim
18:52:28       70      3383      4,40      0,00  174540   26160   0,16  postgres
18:52:28     1000      9024      0,60      0,00 4676764  275632   1,70  gnome-shell
18:52:28     1000      9700     55,00      0,00 1461692876  304400   1,88  antigravity
18:52:28     1000      9756      6,20      0,00 34338620  165536   1,02  antigravity
18:52:28     1000      9767      0,60      0,00 33906012   82040   0,51  antigravity
18:52:28     1000      9830    245,80      0,00 1461373548  492124   3,03  antigravity
18:52:28     1000     10109      0,20      0,00 33951332   64948   0,40  antigravity
18:52:28     1000     10121      2,60      0,00 1461391740  123528   0,76  antigravity
18:52:28     1000     10122    327,20      0,00 1461343128  285692   1,76  antigravity
18:52:28     1000     10186      3,00      0,00 1478124976  122956   0,76  antigravity
18:52:28     1000     10187    293,40      0,00 1461358904  158832   0,98  antigravity
18:52:28     1000     34055      0,60      0,00 3896400  205372   1,27  java

18:52:23      UID       PID   kB_rd/s   kB_wr/s kB_ccwr/s iodelay  Command
18:52:28     1000     10122      0,00      0,80      0,00       0  antigravity
18:52:28     1000     34024      0,00      0,70      0,00       0  pidstat

18:52:28      UID       PID    %usr %system  %guest   %wait    %CPU   CPU  Command
18:52:33        0         1    0,40    0,00    0,00    0,00    0,40     2  systemd
18:52:33        0        57    0,20    0,00    0,00    0,00    0,20     6  ksoftirqd/6
18:52:33        0       413    0,00    0,20    0,00    0,00    0,20     1  systemd-udevd
18:52:33      990       905    1,20    0,00    0,00    0,00    1,20     4  dbus-daemon
18:52:33      115       926    1,00    0,40    0,00    0,00    1,40     1  prometheus-node
18:52:33      115       927    0,20    0,00    0,00    0,00    0,20     0  prometheus
18:52:33        0      1052    0,40    0,00    0,00    0,00    0,40     0  NetworkManager
18:52:33        0      1468    0,40    0,00    0,00    0,00    0,40     7  tailscaled
18:52:33        0      1479    0,20    0,00    0,00    0,00    0,20     4  anydesk
18:52:33        0      1489    0,80    0,20    0,00    0,00    1,00     4  containerd
18:52:33        0      2351    1,00    0,40    0,00    0,00    1,40     3  dockerd
18:52:33      117      2352    0,60    0,20    0,00    0,00    0,80     3  grafana
18:52:33        0      3170    0,40    0,40    0,00    0,00    0,80     2  mount.ntfs-3g
18:52:33        0      3207    0,20    0,00    0,00    0,00    0,20     6  containerd-shim
18:52:33        0      3246    0,20    0,20    0,00    0,00    0,40     0  containerd-shim
18:52:33        0      3261    0,20    0,00    0,00    0,00    0,20     3  containerd-shim
18:52:33      999      3405    0,20    0,20    0,00    0,00    0,40     1  redis-server
18:52:33     1000      8864    0,40    0,00    0,00    0,00    0,40     6  systemd
18:52:33     1000      8888    0,20    0,00    0,00    0,00    0,20     0  dbus-daemon
18:52:33     1000      9024    1,00    0,40    0,00    0,00    1,40     7  gnome-shell
18:52:33     1000      9162    0,20    0,20    0,00    0,00    0,40     5  gsd-sharing
18:52:33     1000      9349    0,20    0,00    0,00    2,00    0,20     5  gvfs-udisks2-vo
18:52:33     1000      9700    0,20    0,20    0,00    0,00    0,40     2  antigravity
18:52:33     1000      9756    0,20    0,20    0,00    0,00    0,40     2  antigravity
18:52:33     1000      9830    1,60    0,40    0,00    0,00    2,00     4  antigravity
18:52:33     1000     10074    1,40    1,20    0,00    0,00    2,60     6  language_server
18:52:33     1000     10121    0,20    0,20    0,00    0,00    0,40     1  antigravity
18:52:33     1000     10122    1,20    0,40    0,00    0,00    1,60     0  antigravity
18:52:33     1000     10187    0,60    0,20    0,00    0,00    0,80     4  antigravity
18:52:33     1000     11152    1,20    1,40    0,00    0,00    2,60     4  language_server
18:52:33        0     32098    0,00    0,20    0,00    0,20    0,20     2  kworker/2:2-events
18:52:33     1000     34024    0,20    0,20    0,00    0,00    0,40     2  pidstat
18:52:33     1000     34055    0,20    0,00    0,00    0,00    0,20     5  java

18:52:28      UID       PID  minflt/s  majflt/s     VSZ     RSS   %MEM  Command
18:52:33        0       381     49,00      0,00  136916   82520   0,51  systemd-journal
18:52:33        0       413    110,60      0,00   37696   11516   0,07  systemd-udevd
18:52:33      115       926     64,40      0,00 1687812   25400   0,16  prometheus-node
18:52:33        0      1468      2,00      0,00 1421636   92532   0,57  tailscaled
18:52:33        0      1489      9,80      0,00 2242640   66160   0,41  containerd
18:52:33        0      3207     10,60      0,00 1235608   15340   0,09  containerd-shim
18:52:33        0      3227      9,60      0,00 1235352   14432   0,09  containerd-shim
18:52:33        0      3240     10,00      0,00 1235608   15628   0,10  containerd-shim
18:52:33        0      3246     10,00      0,00 1235608   15452   0,10  containerd-shim
18:52:33        0      3261     14,20      0,00 1235608   15588   0,10  containerd-shim
18:52:33     1000      9024      3,20      0,00 4676764  275352   1,70  gnome-shell
18:52:33     1000      9700     54,40      0,00 1461692876  304520   1,88  antigravity
18:52:33     1000      9756     24,00      0,00 34338748  165660   1,02  antigravity
18:52:33     1000      9767      0,60      0,00 33906012   82040   0,51  antigravity
18:52:33     1000      9830    256,20      0,00 1461373548  494124   3,04  antigravity
18:52:33     1000     10109      0,20      0,00 33951332   64948   0,40  antigravity
18:52:33     1000     10121     84,60      0,00 1461391740  123656   0,76  antigravity
18:52:33     1000     10122    364,60      0,00 1461343128  285624   1,76  antigravity
18:52:33     1000     10186      3,60      0,00 1478124976  122956   0,76  antigravity
18:52:33     1000     10187     33,20      0,00 1461358904  158664   0,98  antigravity
18:52:33     1000     34055      1,80      0,00 3896400  205500   1,27  java
18:52:33        0     34245     62,80      0,00   37700    7324   0,05  (udev-worker)
18:52:33        0     34259     37,80      0,00   37700    7004   0,04  (udev-worker)
18:52:33        0     34260     27,60      0,00   37700    7004   0,04  (udev-worker)
18:52:33        0     34261     27,60      0,00   37700    7004   0,04  (udev-worker)
18:52:33        0     34262     27,20      0,00   37700    7004   0,04  (udev-worker)
18:52:33        0     34264     60,40      0,00   37700    7260   0,04  (udev-worker)
18:52:33        0     34265     27,60      0,00   37700    7004   0,04  (udev-worker)
18:52:33        0     34266     27,60      0,00   37700    7004   0,04  (udev-worker)
18:52:33        0     34267     28,00      0,00   37700    7004   0,04  (udev-worker)
18:52:33        0     34268     28,40      0,00   37700    7004   0,04  (udev-worker)
18:52:33        0     34269     27,80      0,00   37700    7004   0,04  (udev-worker)
18:52:33        0     34270     28,00      0,00   37700    7004   0,04  (udev-worker)
18:52:33        0     34272     28,00      0,00   37700    7004   0,04  (udev-worker)
18:52:33        0     34273     27,20      0,00   37700    7004   0,04  (udev-worker)
18:52:33        0     34274     27,40      0,00   37700    7004   0,04  (udev-worker)
18:52:33        0     34275     27,40      0,00   37700    7004   0,04  (udev-worker)
18:52:33     1000     34369     27,80      0,00    2672    1640   0,01  sh
18:52:33     1000     34370     66,00      0,00    7012    3192   0,02  cpuUsage.sh
18:52:33     1000     34377     23,20      0,00    5656    1992   0,01  sleep

18:52:28      UID       PID   kB_rd/s   kB_wr/s kB_ccwr/s iodelay  Command
18:52:33     1000     10122      0,00      0,80      0,00       0  antigravity
18:52:33     1000     34024      0,00      0,75      0,00       0  pidstat
18:52:33     1000     34055      0,00      0,06      0,00       0  java

18:52:33      UID       PID    %usr %system  %guest   %wait    %CPU   CPU  Command
18:52:38        0       413    0,00    0,20    0,00    0,20    0,20     1  systemd-udevd
18:52:38      115       927    0,20    0,00    0,00    0,00    0,20     0  prometheus
18:52:38        0      1457    0,20    0,20    0,00    0,00    0,40     5  glances
18:52:38        0      1468    0,20    0,20    0,00    0,00    0,40     7  tailscaled
18:52:38        0      1489    0,20    0,20    0,00    0,00    0,40     4  containerd
18:52:38        0      2351    0,20    0,40    0,00    0,00    0,60     3  dockerd
18:52:38      117      2352    0,40    0,60    0,00    0,00    1,00     3  grafana
18:52:38        0      3170    1,00    0,80    0,00    0,00    1,80     0  mount.ntfs-3g
18:52:38        0      3227    0,20    0,00    0,00    0,00    0,20     3  containerd-shim
18:52:38        0      3240    0,20    0,20    0,00    0,00    0,40     1  containerd-shim
18:52:38        0      3261    0,20    0,00    0,00    0,00    0,20     3  containerd-shim
18:52:38      999      3405    0,60    0,00    0,00    0,00    0,60     1  redis-server
18:52:38     1000      9024    1,20    0,20    0,00    0,00    1,40     3  gnome-shell
18:52:38     1000      9700    0,40    0,40    0,00    0,20    0,80     5  antigravity
18:52:38     1000      9756    0,80    0,20    0,00    0,20    1,00     6  antigravity
18:52:38     1000      9830   14,40    0,60    0,00    0,00   15,00     5  antigravity
18:52:38     1000     10074    1,60    1,20    0,00    0,00    2,80     6  language_server
18:52:38     1000     10121    0,40    0,40    0,00    0,00    0,80     2  antigravity
18:52:38     1000     10122    1,80    0,60    0,00    0,00    2,40     7  antigravity
18:52:38     1000     10187    1,80    0,40    0,00    0,00    2,20     1  antigravity
18:52:38     1000     11152    1,20    1,80    0,00    0,00    3,00     4  language_server
18:52:38     1000     11245    0,20    0,00    0,00    0,00    0,20     6  antigravity
18:52:38     1000     34024    0,20    0,40    0,00    0,00    0,60     4  pidstat

18:52:33      UID       PID  minflt/s  majflt/s     VSZ     RSS   %MEM  Command
18:52:38        0       413      1,40      0,00   37696   11516   0,07  systemd-udevd
18:52:38        0      3207     10,20      0,00 1235608   15596   0,10  containerd-shim
18:52:38        0      3227      8,80      0,00 1235352   14560   0,09  containerd-shim
18:52:38        0      3240     10,60      0,00 1235608   15884   0,10  containerd-shim
18:52:38        0      3246     11,20      0,00 1235608   15580   0,10  containerd-shim
18:52:38        0      3261      9,40      0,00 1235608   15716   0,10  containerd-shim
18:52:38     1000      9024      5,60      0,00 4676764  275352   1,70  gnome-shell
18:52:38     1000      9700     67,80      0,00 1461692876  303744   1,87  antigravity
18:52:38     1000      9756     13,40      0,00 34342652  165660   1,02  antigravity
18:52:38     1000      9767      1,20      0,00 33906012   82040   0,51  antigravity
18:52:38     1000      9830    502,60      0,00 1461373548  490008   3,02  antigravity
18:52:38     1000     10109      0,40      0,00 33951332   64948   0,40  antigravity
18:52:38     1000     10121    110,60      0,00 1461391740  123784   0,76  antigravity
18:52:38     1000     10122    421,40      0,00 1461343128  285588   1,76  antigravity
18:52:38     1000     10186      3,00      0,00 1478124976  122956   0,76  antigravity
18:52:38     1000     10187     43,60      0,00 1461358904  158896   0,98  antigravity
18:52:38     1000     11274      0,40      0,00 1459530528   92980   0,57  antigravity
18:52:38     1000     29312      0,20      0,00 1459530528   87828   0,54  antigravity
18:52:38     1000     33427      0,40      0,00    7664    3792   0,02  bash
18:52:38     1000     34024      1,60      0,00    6184    4988   0,03  pidstat
18:52:38     1000     34402     28,20      0,00    2672    1616   0,01  sh
18:52:38     1000     34403     55,60      0,00    7012    3140   0,02  cpuUsage.sh
18:52:38     1000     34408     23,80      0,00    5656    1992   0,01  sleep

18:52:33      UID       PID   kB_rd/s   kB_wr/s kB_ccwr/s iodelay  Command
18:52:38     1000     10122      0,00      0,80      0,00       0  antigravity
18:52:38     1000     33427      0,00    582,73      0,00       0  bash
18:52:38     1000     34024      0,00      1,32      0,00       0  pidstat

Rata-rata:    UID       PID    %usr %system  %guest   %wait    %CPU   CPU  Command
Rata-rata:      0         1    0,08    0,02    0,00    0,00    0,09     -  systemd
Rata-rata:      0        17    0,00    0,02    0,00    0,00    0,02     -  ksoftirqd/0
Rata-rata:      0        18    0,00    0,03    0,00    0,05    0,03     -  rcu_preempt
Rata-rata:      0        57    0,02    0,00    0,00    0,00    0,02     -  ksoftirqd/6
Rata-rata:      0        82    0,00    0,02    0,00    0,00    0,02     -  khugepaged
Rata-rata:      0        86    0,00    0,05    0,00    0,00    0,05     -  irq/9-acpi
Rata-rata:      0       413    0,00    0,03    0,00    0,02    0,03     -  systemd-udevd
Rata-rata:      0       721    0,00    0,02    0,00    0,00    0,02     -  kworker/u33:2-i915_flip
Rata-rata:    990       905    0,25    0,02    0,00    0,00    0,26     -  dbus-daemon
Rata-rata:    115       926    0,34    0,12    0,00    0,00    0,46     -  prometheus-node
Rata-rata:    115       927    0,15    0,02    0,00    0,00    0,17     -  prometheus
Rata-rata:      0      1052    0,03    0,00    0,00    0,00    0,03     -  NetworkManager
Rata-rata:      0      1457    0,14    0,02    0,00    0,00    0,15     -  glances
Rata-rata:      0      1468    0,18    0,08    0,00    0,00    0,26     -  tailscaled
Rata-rata:      0      1479    0,03    0,02    0,00    0,00    0,05     -  anydesk
Rata-rata:      0      1489    0,32    0,15    0,00    0,00    0,48     -  containerd
Rata-rata:    111      1556    0,02    0,02    0,00    0,00    0,03     -  mariadbd
Rata-rata:     33      1618    0,00    0,02    0,00    0,00    0,02     -  apache2
Rata-rata:      0      2350    0,02    0,00    0,00    0,00    0,02     -  cups-browsed
Rata-rata:      0      2351    0,42    0,17    0,00    0,00    0,58     -  dockerd
Rata-rata:    117      2352    0,78    0,26    0,00    0,00    1,05     -  grafana
Rata-rata:      0      3170    0,38    0,40    0,00    0,02    0,78     -  mount.ntfs-3g
Rata-rata:      0      3207    0,06    0,06    0,00    0,00    0,12     -  containerd-shim
Rata-rata:      0      3227    0,08    0,03    0,00    0,00    0,11     -  containerd-shim
Rata-rata:      0      3240    0,06    0,08    0,00    0,00    0,14     -  containerd-shim
Rata-rata:      0      3246    0,05    0,08    0,00    0,00    0,12     -  containerd-shim
Rata-rata:      0      3261    0,08    0,06    0,00    0,00    0,14     -  containerd-shim
Rata-rata:    999      3405    0,37    0,08    0,00    0,02    0,45     -  redis-server
Rata-rata:   1000      8864    0,03    0,00    0,00    0,00    0,03     -  systemd
Rata-rata:   1000      8888    0,02    0,00    0,00    0,00    0,02     -  dbus-daemon
Rata-rata:   1000      9024    0,74    0,23    0,00    0,02    0,97     -  gnome-shell
Rata-rata:   1000      9151    0,02    0,00    0,00    0,00    0,02     -  gsd-power
Rata-rata:   1000      9162    0,02    0,02    0,00    0,00    0,03     -  gsd-sharing
Rata-rata:   1000      9200    0,02    0,00    0,00    0,00    0,02     -  anydesk
Rata-rata:   1000      9349    0,02    0,00    0,00    0,15    0,02     -  gvfs-udisks2-vo
Rata-rata:   1000      9700    0,29    0,14    0,00    0,03    0,43     -  antigravity
Rata-rata:   1000      9756    0,37    0,14    0,00    0,03    0,51     -  antigravity
Rata-rata:   1000      9830    5,40    0,26    0,00    0,08    5,66     -  antigravity
Rata-rata:   1000     10074    1,57    1,23    0,00    0,05    2,80     -  language_server
Rata-rata:   1000     10121    0,18    0,17    0,00    0,00    0,35     -  antigravity
Rata-rata:   1000     10122    1,25    0,43    0,00    0,05    1,68     -  antigravity
Rata-rata:   1000     10187    0,80    0,17    0,00    0,02    0,97     -  antigravity
Rata-rata:   1000     11152    1,45    1,40    0,00    0,00    2,85     -  language_server
Rata-rata:   1000     11245    0,02    0,00    0,00    0,00    0,02     -  antigravity
Rata-rata:      0     13128    0,00    0,02    0,00    0,51    0,02     -  kworker/u32:1-kvfree_rcu_reclaim
Rata-rata:      0     25979    0,00    0,02    0,00    0,91    0,02     -  kworker/u32:4-events_unbound
Rata-rata:   1000     29312    0,02    0,00    0,00    0,00    0,02     -  antigravity
Rata-rata:      0     31798    0,02    0,00    0,00    0,00    0,02     -  kworker/1:2-mm_percpu_wq
Rata-rata:      0     32098    0,00    0,02    0,00    0,03    0,02     -  kworker/2:2-events
Rata-rata:      0     32395    0,00    0,02    0,00    0,02    0,02     -  kworker/6:1-mm_percpu_wq
Rata-rata:      0     33252    0,03    0,00    0,00    0,03    0,03     -  kworker/0:2-events
Rata-rata:      0     33395    0,02    0,00    0,00    0,02    0,02     -  kworker/5:3-mm_percpu_wq
Rata-rata:   1000     34024    0,14    0,28    0,00    0,00    0,42     -  pidstat

Rata-rata:    UID       PID  minflt/s  majflt/s     VSZ     RSS   %MEM  Command
Rata-rata:      0       381      4,72      0,00  136916   82520   0,51  systemd-journal
Rata-rata:      0       413      8,80      0,00   37696   11516   0,07  systemd-udevd
Rata-rata:    115       926     24,15      0,00 1687812   25155   0,15  prometheus-node
Rata-rata:    115       927      0,11      0,00 2702228  118268   0,73  prometheus
Rata-rata:      0      1468      4,55      0,00 1421636   92502   0,57  tailscaled
Rata-rata:      0      1489      1,14      0,00 2242640   65855   0,41  containerd
Rata-rata:    114      1588      0,29      0,00  218252   30140   0,19  postgres
Rata-rata:    117      2352      0,23      0,00 1830016  333540   2,05  grafana
Rata-rata:      0      3207      8,75      0,00 1235608   15375   0,09  containerd-shim
Rata-rata:      0      3227      6,71      0,00 1235352   14478   0,09  containerd-shim
Rata-rata:      0      3240      6,34      0,00 1235608   15723   0,10  containerd-shim
Rata-rata:      0      3246      5,81      0,00 1235608   15769   0,10  containerd-shim
Rata-rata:      0      3261      6,35      0,00 1235608   15781   0,10  containerd-shim
Rata-rata:     70      3383      0,34      0,00  174540   26160   0,16  postgres
Rata-rata:   1000      9024      3,51      0,00 4676784  275569   1,70  gnome-shell
Rata-rata:   1000      9700     59,15      0,00 1461692876  304224   1,87  antigravity
Rata-rata:   1000      9756     11,52      0,00 34339605  165629   1,02  antigravity
Rata-rata:   1000      9767      0,78      0,00 33906012   82040   0,51  antigravity
Rata-rata:   1000      9830    338,05      0,00 1461373622  491010   3,02  antigravity
Rata-rata:   1000      9890      0,08      0,00 1459609232  173640   1,07  antigravity
Rata-rata:   1000     10074      4,37      0,00 5034116  377493   2,33  language_server
Rata-rata:   1000     10109      0,26      0,00 33951332   64948   0,40  antigravity
Rata-rata:   1000     10121     49,91      0,00 1461391740  123436   0,76  antigravity
Rata-rata:   1000     10122    418,79      0,00 1461343128  285276   1,76  antigravity
Rata-rata:   1000     10186      3,92      0,00 1478124976  122956   0,76  antigravity
Rata-rata:   1000     10187     55,24      0,00 1461358904  158793   0,98  antigravity
Rata-rata:   1000     11274      0,05      0,00 1459530528   92980   0,57  antigravity
Rata-rata:   1000     11290      0,00      0,00  377932  189351   1,17  pyrefly
Rata-rata:   1000     29312      0,02      0,00 1459530528   87828   0,54  antigravity
Rata-rata:   1000     33427      0,03      0,00    7664    3792   0,02  bash
Rata-rata:   1000     34024      0,20      0,00    6062    4988   0,03  pidstat
Rata-rata:   1000     34402      2,17      0,00    2672    1616   0,01  sh
Rata-rata:   1000     34403      4,28      0,00    7012    3140   0,02  cpuUsage.sh
Rata-rata:   1000     34408      1,83      0,00    5656    1992   0,01  sleep

Rata-rata:    UID       PID   kB_rd/s   kB_wr/s kB_ccwr/s iodelay  Command
Rata-rata:   1000      9700      0,00      0,68      0,00       0  antigravity
Rata-rata:   1000     10122      0,00      0,43      0,00       0  antigravity
Rata-rata:   1000     33427      0,00     44,81      0,00       0  bash
Rata-rata:   1000     34024      0,00      0,76      0,00       0  pidstat
