Linux 6.12.94+deb13-amd64 (debian) 	24/06/26 	_x86_64_	(8 CPU)

19:03:30      UID       PID    %usr %system  %guest   %wait    %CPU   CPU  Command
19:03:35        0         1    0,20    0,00    0,00    0,00    0,20     0  systemd
19:03:35        0       721    0,00    0,20    0,00    0,00    0,20     7  kworker/u33:2-i915_flip
19:03:35      990       905    0,80    0,00    0,00    0,00    0,80     1  dbus-daemon
19:03:35      115       926    1,20    0,60    0,00    0,00    1,79     2  prometheus-node
19:03:35      115       927    0,20    0,00    0,00    0,00    0,20     3  prometheus
19:03:35        0      1468    0,20    0,20    0,00    0,00    0,40     6  tailscaled
19:03:35        0      1489    0,20    0,00    0,00    0,00    0,20     4  containerd
19:03:35        0      2351    0,40    0,20    0,00    0,00    0,60     3  dockerd
19:03:35      117      2352    0,60    0,20    0,00    0,00    0,80     7  grafana
19:03:35        0      3170    0,20    0,20    0,00    0,00    0,40     3  mount.ntfs-3g
19:03:35        0      3207    0,20    0,00    0,00    0,00    0,20     6  containerd-shim
19:03:35        0      3240    0,20    0,00    0,00    0,00    0,20     1  containerd-shim
19:03:35        0      3246    0,00    0,20    0,00    0,00    0,20     0  containerd-shim
19:03:35      999      3405    0,40    0,00    0,00    0,00    0,40     4  redis-server
19:03:35     1000      9024    1,79    0,40    0,00    0,00    2,19     3  gnome-shell
19:03:35     1000      9200    0,00    0,20    0,00    0,00    0,20     4  anydesk
19:03:35     1000      9700    0,60    0,60    0,00    0,00    1,20     2  antigravity
19:03:35     1000      9756    1,39    0,20    0,00    0,00    1,59     5  antigravity
19:03:35     1000      9830    7,77    0,60    0,00    0,00    8,37     6  antigravity
19:03:35     1000     10074    1,00    1,39    0,00    0,00    2,39     1  language_server
19:03:35     1000     10121    0,40    0,20    0,00    0,00    0,60     6  antigravity
19:03:35     1000     10122    1,20    0,40    0,00    0,00    1,59     3  antigravity
19:03:35     1000     10187    3,19    0,00    0,00    0,00    3,19     0  antigravity
19:03:35     1000     11152    1,79    0,80    0,00    0,00    2,59     6  language_server
19:03:35     1000     29312    0,20    0,00    0,00    0,00    0,20     3  antigravity
19:03:35        0     31798    0,00    0,20    0,00    0,00    0,20     1  kworker/1:2-events
19:03:35     1000     38998    0,20    0,40    0,00    0,00    0,60     3  pidstat
19:03:35     1000     39029   92,03    4,98    0,00    0,00   97,01     7  java

19:03:30      UID       PID  minflt/s  majflt/s     VSZ     RSS   %MEM  Command
19:03:35        0         1     22,11      0,00   24596   15460   0,10  systemd
19:03:35      115       926     46,22      0,00 1687812   25292   0,16  prometheus-node
19:03:35        0      1489      0,20      0,00 2242640   65612   0,40  containerd
19:03:35        0      3207     15,54      0,00 1235608   15536   0,10  containerd-shim
19:03:35        0      3227      9,56      0,00 1235352   14520   0,09  containerd-shim
19:03:35        0      3240     13,75      0,00 1235608   15244   0,09  containerd-shim
19:03:35        0      3246     15,34      0,00 1235608   15668   0,10  containerd-shim
19:03:35        0      3261      7,17      0,00 1235608   15724   0,10  containerd-shim
19:03:35     1000      9024      6,77      0,00 4672668  275520   1,70  gnome-shell
19:03:35     1000      9700     47,01      0,00 1461692876  303836   1,87  antigravity
19:03:35     1000      9756      7,17      0,00 34341116  165396   1,02  antigravity
19:03:35     1000      9767      1,20      0,00 33906012   82040   0,51  antigravity
19:03:35     1000      9830    293,03      0,00 1461371884  488776   3,01  antigravity
19:03:35     1000     10109      0,40      0,00 33951332   64948   0,40  antigravity
19:03:35     1000     10121    127,09      0,00 1461391740  126956   0,78  antigravity
19:03:35     1000     10122    211,16      0,00 1461343128  292132   1,80  antigravity
19:03:35     1000     10186      2,79      0,00 1478124976  123332   0,76  antigravity
19:03:35     1000     10187     34,66      0,00 1461358904  158764   0,98  antigravity
19:03:35     1000     38998      0,80      0,00    5920    4844   0,03  pidstat
19:03:35     1000     38999      4,18      0,00    2676    1784   0,01  jmeter
19:03:35     1000     39029   6961,75      0,00 6198124  246496   1,52  java

19:03:30      UID       PID   kB_rd/s   kB_wr/s kB_ccwr/s iodelay  Command
19:03:35     1000     39029      0,00      2,19      0,00       0  java

19:03:35      UID       PID    %usr %system  %guest   %wait    %CPU   CPU  Command
19:03:40        0         1    0,20    0,20    0,00    0,00    0,40     2  systemd
19:03:40        0        18    0,00    0,20    0,00    0,00    0,20     1  rcu_preempt
19:03:40        0       381    0,20    0,00    0,00    0,20    0,20     6  systemd-journal
19:03:40        0       413    0,20    0,00    0,00    0,00    0,20     3  systemd-udevd
19:03:40      990       905    0,60    0,00    0,00    0,00    0,60     4  dbus-daemon
19:03:40      115       927    0,20    0,20    0,00    0,00    0,40     3  prometheus
19:03:40        0      1052    0,20    0,00    0,00    0,20    0,20     0  NetworkManager
19:03:40        0      1457    0,20    0,00    0,00    0,00    0,20     5  glances
19:03:40        0      1468    0,20    0,20    0,00    0,00    0,40     6  tailscaled
19:03:40        0      1489    1,00    0,20    0,00    0,00    1,20     4  containerd
19:03:40        0      2351    1,00    0,80    0,00    0,00    1,80     3  dockerd
19:03:40      117      2352    0,60    0,40    0,00    0,00    1,00     4  grafana
19:03:40        0      3170    0,20    0,00    0,00    0,00    0,20     2  mount.ntfs-3g
19:03:40        0      3227    0,00    0,20    0,00    0,00    0,20     3  containerd-shim
19:03:40        0      3246    0,20    0,00    0,00    0,00    0,20     0  containerd-shim
19:03:40      999      3405    0,40    0,00    0,00    0,00    0,40     5  redis-server
19:03:40     1000      8864    0,20    0,20    0,00    0,00    0,40     7  systemd
19:03:40     1000      9024    0,80    0,40    0,00    0,00    1,20     6  gnome-shell
19:03:40     1000      9138    0,20    0,00    0,00    0,00    0,20     0  gsd-housekeepin
19:03:40     1000      9156    0,20    0,00    0,00    0,00    0,20     0  gsd-rfkill
19:03:40     1000      9349    0,00    0,20    0,00    0,00    0,20     4  gvfs-udisks2-vo
19:03:40     1000      9700    0,20    0,00    0,00    0,00    0,20     2  antigravity
19:03:40     1000      9767    0,20    0,00    0,00    0,00    0,20     2  antigravity
19:03:40     1000      9830    0,80    0,00    0,00    0,00    0,80     1  antigravity
19:03:40     1000     10074    1,60    1,20    0,00    0,00    2,80     7  language_server
19:03:40     1000     10121    0,40    0,20    0,00    0,00    0,60     6  antigravity
19:03:40     1000     10122    0,40    0,20    0,00    0,00    0,60     4  antigravity
19:03:40     1000     10186    0,20    0,00    0,00   79,80    0,20     0  antigravity
19:03:40     1000     10187    0,60    0,00    0,00    0,00    0,60     3  antigravity
19:03:40     1000     11152    0,80    1,80    0,00    0,00    2,60     3  language_server
19:03:40        0     16329    0,00    0,20    0,00    0,20    0,20     6  kworker/u32:2-events_unbound
19:03:40     1000     38998    0,00    0,20    0,00    0,00    0,20     3  pidstat
19:03:40     1000     39029    3,40    0,60    0,00    0,00    4,00     7  java

19:03:35      UID       PID  minflt/s  majflt/s     VSZ     RSS   %MEM  Command
19:03:40        0         1     31,80      0,00   24596   15460   0,10  systemd
19:03:40        0       381     37,60      0,00  136916   82648   0,51  systemd-journal
19:03:40        0       413    112,20      0,00   37696   11516   0,07  systemd-udevd
19:03:40        0      1489     11,40      0,00 2242640   66124   0,41  containerd
19:03:40        0      2351     14,20      0,00 3433248  108560   0,67  dockerd
19:03:40      117      2352      0,20      0,00 1830580  334252   2,06  grafana
19:03:40        0      3207      8,20      0,00 1235608   15536   0,10  containerd-shim
19:03:40        0      3227      0,20      0,00 1235352   14520   0,09  containerd-shim
19:03:40        0      3240      8,60      0,00 1235608   15244   0,09  containerd-shim
19:03:40        0      3246      4,80      0,00 1235608   15796   0,10  containerd-shim
19:03:40        0      3261      8,00      0,00 1235608   15980   0,10  containerd-shim
19:03:40     1000      9024      2,40      0,00 4672796  275648   1,70  gnome-shell
19:03:40     1000      9700     33,80      0,00 1461692876  303884   1,87  antigravity
19:03:40     1000      9756      1,60      0,00 34328828  165396   1,02  antigravity
19:03:40     1000      9767      0,60      0,00 33906012   82040   0,51  antigravity
19:03:40     1000      9830     59,00      0,00 1461371884  489380   3,01  antigravity
19:03:40     1000     10109      0,20      0,00 33951332   64948   0,40  antigravity
19:03:40     1000     10121    217,00      0,00 1461391740  127852   0,79  antigravity
19:03:40     1000     10122     31,60      0,00 1461343128  291316   1,79  antigravity
19:03:40     1000     10186      6,00      0,00 1478124976  123332   0,76  antigravity
19:03:40     1000     10187      5,40      0,00 1461358904  158636   0,98  antigravity
19:03:40     1000     39029     38,00      0,00 6198124  230044   1,42  java
19:03:40        0     39326     62,80      0,00   37700    7324   0,05  (udev-worker)
19:03:40        0     39339     27,40      0,00   37700    7004   0,04  (udev-worker)
19:03:40        0     39340     27,20      0,00   37700    7004   0,04  (udev-worker)
19:03:40        0     39341     26,40      0,00   37700    7004   0,04  (udev-worker)
19:03:40        0     39342     27,20      0,00   37700    7004   0,04  (udev-worker)
19:03:40        0     39343     36,60      0,00   37700    7004   0,04  (udev-worker)
19:03:40        0     39344     57,40      0,00   37700    7260   0,04  (udev-worker)
19:03:40        0     39346     26,80      0,00   37700    7004   0,04  (udev-worker)
19:03:40        0     39347     26,80      0,00   37700    7004   0,04  (udev-worker)
19:03:40        0     39348     27,00      0,00   37700    7004   0,04  (udev-worker)
19:03:40        0     39349     27,00      0,00   37700    7004   0,04  (udev-worker)
19:03:40        0     39351     27,20      0,00   37700    7004   0,04  (udev-worker)
19:03:40        0     39352     26,80      0,00   37700    7004   0,04  (udev-worker)
19:03:40        0     39353     26,80      0,00   37700    7004   0,04  (udev-worker)
19:03:40        0     39354     27,00      0,00   37700    7004   0,04  (udev-worker)
19:03:40        0     39355     27,40      0,00   37700    7004   0,04  (udev-worker)

19:03:35      UID       PID   kB_rd/s   kB_wr/s kB_ccwr/s iodelay  Command
19:03:40     1000     38998      0,00      0,89      0,00       0  pidstat
19:03:40     1000     39029      0,00      0,17      0,00       0  java

19:03:40      UID       PID    %usr %system  %guest   %wait    %CPU   CPU  Command
19:03:45        0       413    0,00    0,20    0,00    0,00    0,20     7  systemd-udevd
19:03:45        0      1457    0,20    0,00    0,00    0,00    0,20     5  glances
19:03:45        0      1468    0,00    0,20    0,00    0,00    0,20     6  tailscaled
19:03:45        0      1489    0,60    0,00    0,00    0,00    0,60     4  containerd
19:03:45        0      2351    0,40    0,20    0,00    0,00    0,60     3  dockerd
19:03:45      117      2352    0,80    0,00    0,00    0,00    0,80     5  grafana
19:03:45        0      3170    0,20    0,40    0,00    0,00    0,60     1  mount.ntfs-3g
19:03:45        0      3227    0,20    0,00    0,00    0,00    0,20     3  containerd-shim
19:03:45        0      3240    0,20    0,00    0,00    0,00    0,20     1  containerd-shim
19:03:45        0      3261    0,00    0,20    0,00    0,00    0,20     3  containerd-shim
19:03:45      999      3405    0,40    0,20    0,00    0,00    0,60     6  redis-server
19:03:45      117      3434    0,20    0,00    0,00    0,00    0,20     3  gpx_grafana_ela
19:03:45     1000      9024    0,40    0,40    0,00    0,00    0,80     7  gnome-shell
19:03:45     1000      9700    0,20    0,00    0,00    0,00    0,20     3  antigravity
19:03:45     1000      9756    0,20    0,00    0,00    0,00    0,20     3  antigravity
19:03:45     1000      9830    0,80    0,00    0,00    0,00    0,80     1  antigravity
19:03:45     1000     10074    1,00    1,60    0,00    0,00    2,60     3  language_server
19:03:45     1000     10121    0,00    0,20    0,00    0,00    0,20     1  antigravity
19:03:45     1000     10122    0,80    0,20    0,00    0,00    1,00     6  antigravity
19:03:45     1000     10187    0,80    0,20    0,00    0,00    1,00     0  antigravity
19:03:45     1000     11152    1,40    1,60    0,00    0,00    3,00     0  language_server
19:03:45     1000     38998    0,20    0,20    0,00    0,00    0,40     4  pidstat
19:03:45     1000     39029    4,60    0,40    0,00    0,00    5,00     7  java

19:03:40      UID       PID  minflt/s  majflt/s     VSZ     RSS   %MEM  Command
19:03:45        0       413      0,80      0,00   37696   11516   0,07  systemd-udevd
19:03:45        0      1489      3,20      0,00 2242640   65828   0,41  containerd
19:03:45        0      3207      7,80      0,00 1235608   15664   0,10  containerd-shim
19:03:45        0      3227      2,60      0,00 1235352   14648   0,09  containerd-shim
19:03:45        0      3240     12,40      0,00 1235608   15628   0,10  containerd-shim
19:03:45        0      3246      0,80      0,00 1235608   15796   0,10  containerd-shim
19:03:45        0      3261      7,20      0,00 1235608   15804   0,10  containerd-shim
19:03:45     1000      9024      6,40      0,00 4672668  275648   1,70  gnome-shell
19:03:45     1000      9700     33,80      0,00 1461692876  303892   1,87  antigravity
19:03:45     1000      9756      1,20      0,00 34328828  165396   1,02  antigravity
19:03:45     1000      9767      0,60      0,00 33906012   82040   0,51  antigravity
19:03:45     1000      9830     62,60      0,00 1461371884  490148   3,02  antigravity
19:03:45     1000     10109      0,20      0,00 33951332   64948   0,40  antigravity
19:03:45     1000     10121     12,60      0,00 1461391740  127268   0,78  antigravity
19:03:45     1000     10122     17,00      0,00 1461343128  291160   1,79  antigravity
19:03:45     1000     10186      2,80      0,00 1478124976  123332   0,76  antigravity
19:03:45     1000     10187      3,00      0,00 1461358904  158636   0,98  antigravity
19:03:45     1000     38998      7,40      0,00    6184    4972   0,03  pidstat
19:03:45     1000     39029     76,40      0,00 6198124  231580   1,43  java

19:03:40      UID       PID   kB_rd/s   kB_wr/s kB_ccwr/s iodelay  Command
19:03:45     1000     38998      0,00      1,27      0,00       0  pidstat
19:03:45     1000     39029      0,00      1,77      0,00       0  java

19:03:45      UID       PID    %usr %system  %guest   %wait    %CPU   CPU  Command
19:03:50        0         1    0,20    0,20    0,00    0,00    0,40     2  systemd
19:03:50        0        86    0,00    0,20    0,00    0,00    0,20     0  irq/9-acpi
19:03:50      990       905    0,40    0,40    0,00    0,00    0,80     4  dbus-daemon
19:03:50      115       926    0,80    0,60    0,00    0,00    1,40     2  prometheus-node
19:03:50      115       927    0,20    0,00    0,00    0,00    0,20     5  prometheus
19:03:50        0      1457    0,20    0,00    0,00    0,00    0,20     5  glances
19:03:50        0      1489    0,20    0,20    0,00    0,00    0,40     4  containerd
19:03:50        0      2351    0,20    0,20    0,00    0,00    0,40     3  dockerd
19:03:50      117      2352    0,60    0,40    0,00    0,00    1,00     1  grafana
19:03:50        0      3170    0,20    0,20    0,00    0,00    0,40     6  mount.ntfs-3g
19:03:50        0      3207    0,20    0,20    0,00    0,00    0,40     6  containerd-shim
19:03:50        0      3246    0,20    0,00    0,00    0,00    0,20     0  containerd-shim
19:03:50        0      3261    0,20    0,00    0,00    0,00    0,20     3  containerd-shim
19:03:50      999      3405    0,40    0,00    0,00    0,00    0,40     0  redis-server
19:03:50     1000      9024    0,60    0,00    0,00    0,00    0,60     7  gnome-shell
19:03:50     1000      9700    0,00    0,20    0,00    0,00    0,20     2  antigravity
19:03:50     1000      9830    0,60    0,40    0,00    0,00    1,00     3  antigravity
19:03:50     1000     10074    1,60    1,20    0,00    0,00    2,80     3  language_server
19:03:50     1000     10121    0,00    0,20    0,00    0,00    0,20     1  antigravity
19:03:50     1000     10122    0,60    0,00    0,00    0,00    0,60     7  antigravity
19:03:50     1000     10187    0,60    0,00    0,00    0,00    0,60     2  antigravity
19:03:50     1000     11152    0,80    2,00    0,00    0,20    2,80     6  language_server
19:03:50        0     31777    0,20    0,00    0,00    0,00    0,20     3  kworker/3:0-mm_percpu_wq
19:03:50        0     38622    0,00    0,20    0,00    0,00    0,20     0  kworker/0:1-events
19:03:50     1000     38998    0,20    0,20    0,00    0,00    0,40     4  pidstat
19:03:50     1000     39029    3,80    0,40    0,00    0,00    4,20     7  java

19:03:45      UID       PID  minflt/s  majflt/s     VSZ     RSS   %MEM  Command
19:03:50      115       926     78,20      0,00 1687812   25244   0,16  prometheus-node
19:03:50        0      1489      0,20      0,00 2242640   65828   0,41  containerd
19:03:50      117      2352      0,20      0,00 1830580  334252   2,06  grafana
19:03:50        0      3207      1,00      0,00 1235608   15792   0,10  containerd-shim
19:03:50        0      3227      8,80      0,00 1235352   14776   0,09  containerd-shim
19:03:50        0      3240      7,20      0,00 1235608   15204   0,09  containerd-shim
19:03:50        0      3246      3,40      0,00 1235608   15924   0,10  containerd-shim
19:03:50        0      3261      1,00      0,00 1235608   15804   0,10  containerd-shim
19:03:50     1000      9024      0,40      0,00 4672732  275648   1,70  gnome-shell
19:03:50     1000      9700     33,60      0,00 1461692876  304404   1,88  antigravity
19:03:50     1000      9756      1,20      0,00 34328828  165396   1,02  antigravity
19:03:50     1000      9767      0,60      0,00 33906012   82040   0,51  antigravity
19:03:50     1000      9830     53,40      0,00 1461371884  490788   3,02  antigravity
19:03:50     1000     10109      0,20      0,00 33951332   64948   0,40  antigravity
19:03:50     1000     10121      3,20      0,00 1461391740  127268   0,78  antigravity
19:03:50     1000     10122     15,40      0,00 1461343128  291160   1,79  antigravity
19:03:50     1000     10186      2,80      0,00 1478124976  123332   0,76  antigravity
19:03:50     1000     10187      2,40      0,00 1461358904  158636   0,98  antigravity
19:03:50     1000     39029     35,00      0,00 6198124  232220   1,43  java

19:03:45      UID       PID   kB_rd/s   kB_wr/s kB_ccwr/s iodelay  Command
19:03:50     1000     38998      0,00      0,79      0,00       0  pidstat
19:03:50     1000     39029      0,00      0,17      0,00       0  java

19:03:50      UID       PID    %usr %system  %guest   %wait    %CPU   CPU  Command
19:03:55      115       927    0,20    0,00    0,00    0,00    0,20     5  prometheus
19:03:55        0      1468    0,00    0,20    0,00    0,00    0,20     6  tailscaled
19:03:55        0      1479    0,00    0,20    0,00    0,00    0,20     5  anydesk
19:03:55        0      1489    0,40    0,00    0,00    0,00    0,40     4  containerd
19:03:55        0      2351    0,40    0,20    0,00    0,00    0,60     3  dockerd
19:03:55      117      2352    0,80    0,20    0,00    0,00    1,00     1  grafana
19:03:55        0      3170    0,20    0,00    0,00    0,00    0,20     3  mount.ntfs-3g
19:03:55        0      3207    0,00    0,20    0,00    0,00    0,20     6  containerd-shim
19:03:55        0      3227    0,20    0,00    0,00    0,00    0,20     3  containerd-shim
19:03:55        0      3240    0,20    0,20    0,00    0,00    0,40     1  containerd-shim
19:03:55        0      3246    0,20    0,00    0,00    0,00    0,20     0  containerd-shim
19:03:55        0      3261    0,00    0,20    0,00    0,00    0,20     3  containerd-shim
19:03:55      999      3405    0,40    0,00    0,00    0,00    0,40     6  redis-server
19:03:55     1000      9024    0,60    0,20    0,00    0,00    0,80     7  gnome-shell
19:03:55     1000      9700    4,40    0,20    0,00    0,00    4,60     5  antigravity
19:03:55     1000      9756    0,20    0,20    0,00    0,00    0,40     7  antigravity
19:03:55     1000      9830    2,20    0,00    0,00    0,00    2,20     4  antigravity
19:03:55     1000     10074    2,00    1,20    0,00    0,00    3,20     6  language_server
19:03:55     1000     10121    0,20    0,00    0,00    0,00    0,20     1  antigravity
19:03:55     1000     10122    0,80    0,20    0,00    0,00    1,00     2  antigravity
19:03:55     1000     10187    0,40    0,20    0,00    0,00    0,60     1  antigravity
19:03:55     1000     11152    1,80    1,20    0,00    0,00    3,00     5  language_server
19:03:55     1000     38998    0,20    0,40    0,00    0,00    0,60     4  pidstat
19:03:55     1000     39029    3,60    0,80    0,00    0,00    4,40     7  java

19:03:50      UID       PID  minflt/s  majflt/s     VSZ     RSS   %MEM  Command
19:03:55        0         1      0,40      0,00   24596   15460   0,10  systemd
19:03:55      117      2352      0,40      0,00 1830580  334252   2,06  grafana
19:03:55        0      3207      9,20      0,00 1235608   15008   0,09  containerd-shim
19:03:55        0      3227     10,40      0,00 1235352   14108   0,09  containerd-shim
19:03:55        0      3240     11,00      0,00 1235608   15044   0,09  containerd-shim
19:03:55        0      3246      9,00      0,00 1235608   15332   0,09  containerd-shim
19:03:55        0      3261     14,40      0,00 1235608   15172   0,09  containerd-shim
19:03:55     1000      9024      6,40      0,00 4672668  275504   1,70  gnome-shell
19:03:55     1000      9700    151,60      0,00 1461692876  303880   1,87  antigravity
19:03:55     1000      9756     12,20      0,00 34337020  165268   1,02  antigravity
19:03:55     1000      9767      1,20      0,00 33906012   82040   0,51  antigravity
19:03:55     1000      9830    138,20      0,00 1461371884  492708   3,04  antigravity
19:03:55     1000      9890      1,40      0,00 1459609232  173760   1,07  antigravity
19:03:55     1000     10074      3,00      0,00 5034116  365628   2,25  language_server
19:03:55     1000     10109      0,40      0,00 33951332   64948   0,40  antigravity
19:03:55     1000     10121      3,00      0,00 1461391740  127268   0,78  antigravity
19:03:55     1000     10122      9,60      0,00 1461343128  291160   1,79  antigravity
19:03:55     1000     10186      2,80      0,00 1478124976  123332   0,76  antigravity
19:03:55     1000     10187      3,00      0,00 1461358904  158636   0,98  antigravity
19:03:55     1000     39029     27,80      0,00 6198124  232860   1,43  java

19:03:50      UID       PID   kB_rd/s   kB_wr/s kB_ccwr/s iodelay  Command
19:03:55     1000      9700      0,00      1,60      0,00       0  antigravity
19:03:55     1000     38998      0,00      0,84      0,00       0  pidstat
19:03:55     1000     39029      0,00      1,77      0,00       0  java

19:03:55      UID       PID    %usr %system  %guest   %wait    %CPU   CPU  Command
19:04:00        0      1457    0,20    0,00    0,00    0,00    0,20     5  glances
19:04:00        0      1468    0,20    0,00    0,00    0,00    0,20     6  tailscaled
19:04:00        0      1489    0,40    0,00    0,00    0,00    0,40     4  containerd
19:04:00        0      2351    0,20    0,20    0,00    0,00    0,40     3  dockerd
19:04:00      117      2352    0,40    0,60    0,00    0,00    1,00     2  grafana
19:04:00        0      3170    0,20    0,20    0,00    0,00    0,40     0  mount.ntfs-3g
19:04:00        0      3227    0,00    0,20    0,00    0,00    0,20     3  containerd-shim
19:04:00        0      3261    0,20    0,00    0,00    0,00    0,20     3  containerd-shim
19:04:00      999      3405    0,20    0,00    0,00    0,00    0,20     6  redis-server
19:04:00     1000      9024    0,60    0,20    0,00    0,00    0,80     7  gnome-shell
19:04:00     1000      9700    0,40    0,00    0,00    0,00    0,40     3  antigravity
19:04:00     1000      9756    0,20    0,20    0,00    0,00    0,40     1  antigravity
19:04:00     1000      9830    0,80    0,00    0,00    0,00    0,80     6  antigravity
19:04:00     1000     10074    0,80    2,20    0,00    0,00    3,00     1  language_server
19:04:00     1000     10121    0,20    0,00    0,00    0,00    0,20     6  antigravity
19:04:00     1000     10122    0,80    0,00    0,00    0,00    0,80     0  antigravity
19:04:00     1000     10187    0,40    0,20    0,00    0,00    0,60     6  antigravity
19:04:00     1000     11152    1,00    1,80    0,00    0,00    2,80     4  language_server
19:04:00        0     30657    0,20    0,00    0,00    0,00    0,20     4  kworker/4:2-mm_percpu_wq
19:04:00     1000     38998    0,20    0,20    0,00    0,00    0,40     5  pidstat
19:04:00     1000     39029    4,40    0,40    0,00    0,00    4,80     7  java

19:03:55      UID       PID  minflt/s  majflt/s     VSZ     RSS   %MEM  Command
19:04:00        0      3207      9,40      0,00 1235608   15136   0,09  containerd-shim
19:04:00        0      3227      8,80      0,00 1235352   14236   0,09  containerd-shim
19:04:00        0      3240      9,00      0,00 1235608   15044   0,09  containerd-shim
19:04:00        0      3246      8,00      0,00 1235608   15460   0,10  containerd-shim
19:04:00        0      3261      9,80      0,00 1235608   15300   0,09  containerd-shim
19:04:00     1000      9024      0,40      0,00 4672732  275504   1,70  gnome-shell
19:04:00     1000      9700     35,60      0,00 1461692876  303716   1,87  antigravity
19:04:00     1000      9756      5,40      0,00 34324796  165268   1,02  antigravity
19:04:00     1000      9767      0,60      0,00 33906012   82040   0,51  antigravity
19:04:00     1000      9830     74,40      0,00 1461371884  492768   3,04  antigravity
19:04:00     1000     10109      0,20      0,00 33951332   64948   0,40  antigravity
19:04:00     1000     10121     10,60      0,00 1461391740  127268   0,78  antigravity
19:04:00     1000     10122     23,80      0,00 1461343128  291280   1,79  antigravity
19:04:00     1000     10186      7,00      0,00 1478124976  122768   0,76  antigravity
19:04:00     1000     10187      5,20      0,00 1461358904  158636   0,98  antigravity
19:04:00     1000     39029    111,20      0,00 6198124  235036   1,45  java

19:03:55      UID       PID   kB_rd/s   kB_wr/s kB_ccwr/s iodelay  Command
19:04:00     1000     38998      0,00      0,83      0,00       0  pidstat
19:04:00     1000     39029      0,00      1,84      0,00       0  java

19:04:00      UID       PID    %usr %system  %guest   %wait    %CPU   CPU  Command
19:04:05        0        86    0,00    0,20    0,00    0,00    0,20     0  irq/9-acpi
19:04:05      990       905    0,60    0,00    0,00    0,00    0,60     4  dbus-daemon
19:04:05      115       926    1,00    0,60    0,00    0,00    1,60     2  prometheus-node
19:04:05      115       927    0,20    0,00    0,00    0,00    0,20     1  prometheus
19:04:05        0      1457    0,20    0,00    0,00    0,00    0,20     5  glances
19:04:05        0      1489    0,20    0,00    0,00    0,00    0,20     4  containerd
19:04:05        0      2351    0,40    0,00    0,00    0,00    0,40     3  dockerd
19:04:05      117      2352    0,60    0,20    0,00    0,00    0,80     2  grafana
19:04:05        0      3170    0,20    0,20    0,00    0,00    0,40     6  mount.ntfs-3g
19:04:05      999      3405    0,40    0,20    0,00    0,00    0,60     0  redis-server
19:04:05     1000      9024    0,60    0,20    0,00    0,00    0,80     6  gnome-shell
19:04:05     1000      9509    0,20    0,00    0,00    0,00    0,20     1  xdg-desktop-por
19:04:05     1000      9700    0,00    0,20    0,00    0,00    0,20     3  antigravity
19:04:05     1000      9756    0,20    0,00    0,00    0,00    0,20     1  antigravity
19:04:05     1000      9830    0,80    0,20    0,00    0,00    1,00     0  antigravity
19:04:05     1000     10074    1,60    1,20    0,00    0,00    2,80     1  language_server
19:04:05     1000     10121    0,20    0,40    0,00    0,00    0,60     6  antigravity
19:04:05     1000     10122    0,60    0,20    0,00    0,00    0,80     4  antigravity
19:04:05     1000     10187    0,60    0,00    0,00    0,00    0,60     4  antigravity
19:04:05     1000     11152    1,80    1,40    0,00    0,00    3,20     1  language_server
19:04:05        0     35706    0,00    0,20    0,00    0,00    0,20     3  kworker/u32:6-flush-8:0
19:04:05        0     36424    0,20    0,00    0,00    0,00    0,20     2  kworker/2:0-events
19:04:05     1000     38998    0,20    0,20    0,00    0,00    0,40     3  pidstat
19:04:05     1000     39029    3,20    0,40    0,00    0,00    3,60     7  java

19:04:00      UID       PID  minflt/s  majflt/s     VSZ     RSS   %MEM  Command
19:04:05      115       926     95,00      0,00 1687812   25372   0,16  prometheus-node
19:04:05        0      3207     13,20      0,00 1235608   15520   0,10  containerd-shim
19:04:05        0      3227     11,20      0,00 1235352   14492   0,09  containerd-shim
19:04:05        0      3240     12,80      0,00 1235608   15300   0,09  containerd-shim
19:04:05        0      3246     11,60      0,00 1235608   15716   0,10  containerd-shim
19:04:05        0      3261     15,00      0,00 1235608   15556   0,10  containerd-shim
19:04:05     1000      9024      6,60      0,00 4672668  275504   1,70  gnome-shell
19:04:05     1000      9700     34,20      0,00 1461692876  303784   1,87  antigravity
19:04:05     1000      9756      1,20      0,00 34324796  165268   1,02  antigravity
19:04:05     1000      9767      1,80      0,00 33906012   82040   0,51  antigravity
19:04:05     1000      9830     60,60      0,00 1461371884  493408   3,04  antigravity
19:04:05     1000     10074     56,00      0,00 5034116  366268   2,26  language_server
19:04:05     1000     10109      0,20      0,00 33951332   64948   0,40  antigravity
19:04:05     1000     10121     96,60      0,00 1461391740  127524   0,79  antigravity
19:04:05     1000     10122     19,60      0,00 1461343128  291280   1,79  antigravity
19:04:05     1000     10186      3,00      0,00 1478124976  122768   0,76  antigravity
19:04:05     1000     10187      3,20      0,00 1461358904  158636   0,98  antigravity
19:04:05     1000     39029     25,20      0,00 6198124  235548   1,45  java

19:04:00      UID       PID   kB_rd/s   kB_wr/s kB_ccwr/s iodelay  Command
19:04:05     1000     38998      0,00      0,70      0,00       0  pidstat
19:04:05     1000     39029      0,00      0,17      0,00       0  java

19:04:05      UID       PID    %usr %system  %guest   %wait    %CPU   CPU  Command
19:04:10      115       927    0,20    0,00    0,00    0,00    0,20     5  prometheus
19:04:10        0      1457    0,20    0,00    0,00    0,00    0,20     5  glances
19:04:10        0      1468    0,00    0,20    0,00    0,00    0,20     6  tailscaled
19:04:10        0      1489    0,40    0,20    0,00    0,00    0,60     4  containerd
19:04:10        0      2351    0,40    0,00    0,00    0,00    0,40     3  dockerd
19:04:10      117      2352    0,40    0,60    0,00    0,00    1,00     2  grafana
19:04:10        0      3170    0,20    0,20    0,00    0,00    0,40     5  mount.ntfs-3g
19:04:10        0      3207    0,20    0,00    0,00    0,00    0,20     6  containerd-shim
19:04:10        0      3227    0,20    0,00    0,00    0,00    0,20     3  containerd-shim
19:04:10        0      3240    0,20    0,00    0,00    0,00    0,20     1  containerd-shim
19:04:10        0      3246    0,00    0,20    0,00    0,00    0,20     0  containerd-shim
19:04:10        0      3261    0,00    0,20    0,00    0,00    0,20     3  containerd-shim
19:04:10      999      3405    0,20    0,20    0,00    0,00    0,40     0  redis-server
19:04:10     1000      9024    0,20    0,40    0,00    0,00    0,60     6  gnome-shell
19:04:10     1000      9700    0,20    0,20    0,00    0,00    0,40     0  antigravity
19:04:10     1000      9830    0,60    0,00    0,00    0,00    0,60     7  antigravity
19:04:10     1000     10074    1,40    1,60    0,00    0,00    3,00     5  language_server
19:04:10     1000     10121    0,20    0,00    0,00    0,00    0,20     6  antigravity
19:04:10     1000     10122    0,80    0,20    0,00    0,00    1,00     3  antigravity
19:04:10     1000     10187    0,40    0,20    0,00    0,00    0,60     4  antigravity
19:04:10     1000     11152    1,20    1,80    0,00    0,00    3,00     0  language_server
19:04:10     1000     38998    0,40    0,20    0,00    0,00    0,60     3  pidstat
19:04:10     1000     39029    3,20    0,00    0,00    0,00    3,20     7  java

19:04:05      UID       PID  minflt/s  majflt/s     VSZ     RSS   %MEM  Command
19:04:10        0      1489      0,20      0,00 2242640   65828   0,41  containerd
19:04:10        0      3207      0,40      0,00 1235608   15520   0,10  containerd-shim
19:04:10        0      3227      4,40      0,00 1235352   14492   0,09  containerd-shim
19:04:10        0      3240      3,80      0,00 1235608   15428   0,10  containerd-shim
19:04:10        0      3246      6,60      0,00 1235608   15844   0,10  containerd-shim
19:04:10        0      3261     10,80      0,00 1235608   15684   0,10  containerd-shim
19:04:10     1000      9024      0,60      0,00 4672732  275504   1,70  gnome-shell
19:04:10     1000      9700     33,80      0,00 1461692876  304168   1,87  antigravity
19:04:10     1000      9756      2,00      0,00 34324796  165268   1,02  antigravity
19:04:10     1000      9767      0,60      0,00 33906012   82040   0,51  antigravity
19:04:10     1000      9830     53,60      0,00 1461371884  494048   3,04  antigravity
19:04:10     1000     10109      0,20      0,00 33951332   64948   0,40  antigravity
19:04:10     1000     10121    148,00      0,00 1461391740  127760   0,79  antigravity
19:04:10     1000     10122      8,80      0,00 1461343128  291152   1,79  antigravity
19:04:10     1000     10186      3,00      0,00 1478124976  122768   0,76  antigravity
19:04:10     1000     10187      2,60      0,00 1461358904  158636   0,98  antigravity
19:04:10     1000     29312      0,20      0,00 1459530528   88440   0,54  antigravity
19:04:10     1000     39029     18,40      0,00 6198124  235932   1,45  java

19:04:05      UID       PID   kB_rd/s   kB_wr/s kB_ccwr/s iodelay  Command
19:04:10     1000     38998      0,00      0,79      0,00       0  pidstat
19:04:10     1000     39029      0,00      0,17      0,00       0  java

19:04:10      UID       PID    %usr %system  %guest   %wait    %CPU   CPU  Command
19:04:15      115       927    0,20    0,00    0,00    0,00    0,20     5  prometheus
19:04:15        0      1489    0,60    0,00    0,00    0,00    0,60     4  containerd
19:04:15        0      2351    0,80    0,20    0,00    0,00    1,00     3  dockerd
19:04:15      117      2352    0,40    0,40    0,00    0,00    0,80     2  grafana
19:04:15        0      3170    0,20    0,00    0,00    0,00    0,20     0  mount.ntfs-3g
19:04:15        0      3207    0,00    0,20    0,00    0,00    0,20     6  containerd-shim
19:04:15        0      3227    0,00    0,20    0,00    0,00    0,20     3  containerd-shim
19:04:15      999      3405    0,40    0,00    0,00    0,00    0,40     6  redis-server
19:04:15     1000      9024    0,80    0,00    0,00    0,00    0,80     7  gnome-shell
19:04:15     1000      9756    0,20    0,00    0,00    0,00    0,20     1  antigravity
19:04:15     1000      9830    0,80    0,00    0,00    0,00    0,80     1  antigravity
19:04:15     1000     10074    2,00    1,20    0,00    0,00    3,20     2  language_server
19:04:15     1000     10121    0,40    0,20    0,00    0,00    0,60     6  antigravity
19:04:15     1000     10122    0,60    0,20    0,00    0,00    0,80     3  antigravity
19:04:15     1000     10187    0,60    0,00    0,00    0,00    0,60     3  antigravity
19:04:15     1000     11152    1,60    1,20    0,00    0,00    2,80     5  language_server
19:04:15     1000     38998    0,20    0,20    0,00    0,00    0,40     5  pidstat
19:04:15     1000     39029    3,40    0,40    0,00    0,00    3,80     7  java

19:04:10      UID       PID  minflt/s  majflt/s     VSZ     RSS   %MEM  Command
19:04:15        0      1489      1,80      0,00 2242640   65956   0,41  containerd
19:04:15        0      3207      6,80      0,00 1235608   15776   0,10  containerd-shim
19:04:15        0      3227      5,00      0,00 1235352   14620   0,09  containerd-shim
19:04:15        0      3240      6,60      0,00 1235608   15428   0,10  containerd-shim
19:04:15        0      3246      1,20      0,00 1235608   15844   0,10  containerd-shim
19:04:15        0      3261      2,00      0,00 1235608   15684   0,10  containerd-shim
19:04:15     1000      9024      6,00      0,00 4672668  275504   1,70  gnome-shell
19:04:15     1000      9700     40,40      0,00 1461692876  303616   1,87  antigravity
19:04:15     1000      9756      4,00      0,00 34324796  165268   1,02  antigravity
19:04:15     1000      9767      1,20      0,00 33906012   82040   0,51  antigravity
19:04:15     1000      9830     62,80      0,00 1461371884  494688   3,05  antigravity
19:04:15     1000     10109      0,40      0,00 33951332   64948   0,40  antigravity
19:04:15     1000     10121      2,40      0,00 1461391740  127756   0,79  antigravity
19:04:15     1000     10122     13,00      0,00 1461343128  291152   1,79  antigravity
19:04:15     1000     10186      3,00      0,00 1478124976  122768   0,76  antigravity
19:04:15     1000     10187      3,00      0,00 1461358904  158636   0,98  antigravity
19:04:15     1000     39029     23,20      0,00 6198124  236444   1,46  java

19:04:10      UID       PID   kB_rd/s   kB_wr/s kB_ccwr/s iodelay  Command
19:04:15     1000     38998      0,00      0,77      0,00       0  pidstat
19:04:15     1000     39029      0,00      1,77      0,00       0  java

19:04:15      UID       PID    %usr %system  %guest   %wait    %CPU   CPU  Command
19:04:20        0         1    0,20    0,00    0,00    0,00    0,20     6  systemd
19:04:20        0        63    0,00    0,20    0,00    0,00    0,20     7  ksoftirqd/7
19:04:20        0        86    0,00    0,20    0,00    0,00    0,20     0  irq/9-acpi
19:04:20      990       905    0,40    0,00    0,00    0,00    0,40     3  dbus-daemon
19:04:20      115       926    1,20    0,40    0,00    0,00    1,60     2  prometheus-node
19:04:20      115       927    0,20    0,00    0,00    0,00    0,20     1  prometheus
19:04:20        0      1457    0,20    0,00    0,00    0,00    0,20     5  glances
19:04:20        0      1468    0,20    0,00    0,00    0,00    0,20     6  tailscaled
19:04:20        0      1489    0,40    0,00    0,00    0,00    0,40     4  containerd
19:04:20        0      2351    0,20    0,20    0,00    0,00    0,40     3  dockerd
19:04:20      117      2352    1,00    0,40    0,00    0,00    1,40     3  grafana
19:04:20        0      3170    0,00    0,20    0,00    0,00    0,20     5  mount.ntfs-3g
19:04:20        0      3240    0,20    0,20    0,00    0,00    0,40     1  containerd-shim
19:04:20        0      3246    0,20    0,20    0,00    0,00    0,40     0  containerd-shim
19:04:20        0      3261    0,00    0,20    0,00    0,00    0,20     3  containerd-shim
19:04:20      999      3405    0,40    0,20    0,00    0,00    0,60     6  redis-server
19:04:20     1000      9024    0,40    0,20    0,00    0,00    0,60     7  gnome-shell
19:04:20     1000      9700    0,20    0,00    0,00    0,00    0,20     6  antigravity
19:04:20     1000      9830   11,00    0,20    0,00    0,00   11,20     0  antigravity
19:04:20     1000     10074    1,40    1,80    0,00    0,00    3,20     1  language_server
19:04:20     1000     10121    0,20    0,00    0,00    0,00    0,20     0  antigravity
19:04:20     1000     10122    0,80    0,20    0,00    0,00    1,00     5  antigravity
19:04:20     1000     10187    0,60    0,20    0,00    0,00    0,80     2  antigravity
19:04:20     1000     11152    1,40    1,60    0,00    0,00    3,00     6  language_server
19:04:20        0     38040    0,20    0,00    0,00    0,00    0,20     5  kworker/5:1-events
19:04:20        0     38622    0,00    0,20    0,00    0,00    0,20     0  kworker/0:1-events_power_efficient
19:04:20     1000     38998    0,00    0,20    0,00    0,00    0,20     2  pidstat
19:04:20     1000     39029    4,40    0,20    0,00    0,00    4,60     7  java

19:04:15      UID       PID  minflt/s  majflt/s     VSZ     RSS   %MEM  Command
19:04:20        0       381     10,20      0,00  136916   82648   0,51  systemd-journal
19:04:20      115       926     68,40      0,00 1687812   25340   0,16  prometheus-node
19:04:20      115       927      8,80      0,00 2702228  115688   0,71  prometheus
19:04:20        0      1489      0,80      0,00 2242640   65956   0,41  containerd
19:04:20      114      1588      5,00      0,00  218252   30140   0,19  postgres
19:04:20      117      2352      3,40      0,00 1830640  334252   2,06  grafana
19:04:20        0      3207     10,80      0,00 1235608   15776   0,10  containerd-shim
19:04:20        0      3240      4,00      0,00 1235608   15404   0,09  containerd-shim
19:04:20        0      3246      0,60      0,00 1235608   15844   0,10  containerd-shim
19:04:20        0      3261      0,20      0,00 1235608   15684   0,10  containerd-shim
19:04:20     1000      9024      0,60      0,00 4672732  275504   1,70  gnome-shell
19:04:20     1000      9700     34,00      0,00 1461692876  303696   1,87  antigravity
19:04:20     1000      9756      2,00      0,00 34324796  165268   1,02  antigravity
19:04:20     1000      9767      0,60      0,00 33906012   82040   0,51  antigravity
19:04:20     1000      9830    166,00      0,00 1461371884  488764   3,01  antigravity
19:04:20     1000     10109      0,20      0,00 33951332   64948   0,40  antigravity
19:04:20     1000     10121      2,80      0,00 1461391740  127756   0,79  antigravity
19:04:20     1000     10122     17,20      0,00 1461343128  291152   1,79  antigravity
19:04:20     1000     10186      6,00      0,00 1478124976  122768   0,76  antigravity
19:04:20     1000     10187      5,40      0,00 1461358904  158508   0,98  antigravity
19:04:20     1000     39029     46,00      0,00 6198124  237212   1,46  java

19:04:15      UID       PID   kB_rd/s   kB_wr/s kB_ccwr/s iodelay  Command
19:04:20     1000     38998      0,00      0,67      0,00       0  pidstat
19:04:20     1000     39029      0,00      1,77      0,00       0  java

19:04:20      UID       PID    %usr %system  %guest   %wait    %CPU   CPU  Command
19:04:25        0        18    0,00    0,20    0,00    0,00    0,20     4  rcu_preempt
19:04:25        0       320    0,00    0,20    0,00    0,00    0,20     1  jbd2/sda6-8
19:04:25      986       922    0,20    0,00    0,00    0,00    0,20     0  polkitd
19:04:25        0      1457    0,20    0,00    0,00    0,00    0,20     5  glances
19:04:25        0      1489    0,20    0,00    0,00    0,00    0,20     4  containerd
19:04:25        0      2351    0,20    0,20    0,00    0,00    0,40     3  dockerd
19:04:25      117      2352    1,00    0,20    0,00    0,00    1,20     3  grafana
19:04:25        0      3170    0,20    0,20    0,00    0,00    0,40     4  mount.ntfs-3g
19:04:25        0      3207    0,00    0,20    0,00    0,00    0,20     6  containerd-shim
19:04:25      999      3405    0,20    0,20    0,00    0,00    0,40     7  redis-server
19:04:25     1000      9024    0,60    0,20    0,00    0,00    0,80     3  gnome-shell
19:04:25     1000      9700    0,20    0,00    0,00    0,00    0,20     6  antigravity
19:04:25     1000      9756    0,20    0,00    0,00    0,00    0,20     7  antigravity
19:04:25     1000      9830    0,80    0,00    0,00    0,00    0,80     0  antigravity
19:04:25     1000     10074    1,20    1,80    0,00    0,00    3,00     5  language_server
19:04:25     1000     10121    0,20    0,00    0,00    0,00    0,20     3  antigravity
19:04:25     1000     10122    0,60    0,00    0,00    0,00    0,60     5  antigravity
19:04:25     1000     10187    0,40    0,00    0,00    0,00    0,40     6  antigravity
19:04:25     1000     11152    1,60    1,20    0,00    0,00    2,80     0  language_server
19:04:25     1000     38998    0,20    0,20    0,00    0,00    0,40     1  pidstat
19:04:25     1000     39029    3,60    0,80    0,00    0,00    4,40     7  java

19:04:20      UID       PID  minflt/s  majflt/s     VSZ     RSS   %MEM  Command
19:04:25        0      1489      2,60      0,00 2242640   65956   0,41  containerd
19:04:25      117      2352     12,00      0,20 1830640  334228   2,06  grafana
19:04:25        0      3207      3,20      0,00 1235608   15092   0,09  containerd-shim
19:04:25        0      3227      6,80      0,00 1235352   14100   0,09  containerd-shim
19:04:25        0      3240      6,60      0,00 1235608   15152   0,09  containerd-shim
19:04:25        0      3246      1,80      0,00 1235608   15240   0,09  containerd-shim
19:04:25        0      3261     10,80      0,00 1235608   15008   0,09  containerd-shim
19:04:25     1000      9024      6,40      0,00 4672668  275504   1,70  gnome-shell
19:04:25     1000      9700     34,00      0,00 1461692876  303764   1,87  antigravity
19:04:25     1000      9756      2,00      0,00 34324796  165268   1,02  antigravity
19:04:25     1000      9767      1,00      0,00 33906012   82040   0,51  antigravity
19:04:25     1000      9830     57,20      0,00 1461371884  486992   3,00  antigravity
19:04:25     1000     10109      0,20      0,00 33951332   64948   0,40  antigravity
19:04:25     1000     10121      2,40      0,00 1461391740  127756   0,79  antigravity
19:04:25     1000     10122      7,60      0,00 1461343128  291152   1,79  antigravity
19:04:25     1000     10186      3,00      0,00 1478124976  122768   0,76  antigravity
19:04:25     1000     10187      3,00      0,00 1461358904  158508   0,98  antigravity
19:04:25     1000     39029    153,60      0,00 6198124  248436   1,53  java

19:04:20      UID       PID   kB_rd/s   kB_wr/s kB_ccwr/s iodelay  Command
19:04:25     1000      9767      0,00      1,60      0,00       0  antigravity
19:04:25     1000     38998      0,00      0,91      0,00       0  pidstat
19:04:25     1000     39029      0,00      0,18      0,00       0  java

19:04:25      UID       PID    %usr %system  %guest   %wait    %CPU   CPU  Command
19:04:30        0      1457    0,20    0,00    0,00    0,00    0,20     5  glances
19:04:30        0      1489    0,40    0,00    0,00    0,00    0,40     4  containerd
19:04:30        0      2351    0,20    0,20    0,00    0,00    0,40     3  dockerd
19:04:30      117      2352    2,00    0,00    0,00    0,00    2,00     6  grafana
19:04:30        0      3170    0,20    0,20    0,00    0,00    0,40     2  mount.ntfs-3g
19:04:30        0      3207    0,20    0,00    0,00    0,00    0,20     6  containerd-shim
19:04:30        0      3227    0,20    0,20    0,00    0,00    0,40     3  containerd-shim
19:04:30        0      3246    0,20    0,00    0,00    0,00    0,20     0  containerd-shim
19:04:30        0      3261    0,00    0,20    0,00    0,00    0,20     3  containerd-shim
19:04:30      999      3405    0,20    0,00    0,00    0,00    0,20     7  redis-server
19:04:30     1000      9024    0,40    0,20    0,00    0,00    0,60     3  gnome-shell
19:04:30     1000      9700    0,20    0,20    0,00    0,00    0,40     2  antigravity
19:04:30     1000      9756    0,20    0,20    0,00    0,00    0,40     7  antigravity
19:04:30     1000      9830    0,80    0,00    0,00    0,00    0,80     1  antigravity
19:04:30     1000     10074    1,60    1,60    0,00    0,00    3,20     1  language_server
19:04:30     1000     10121    0,20    0,00    0,00    0,00    0,20     0  antigravity
19:04:30     1000     10122    0,60    0,40    0,00    0,00    1,00     0  antigravity
19:04:30     1000     10187    0,80    0,20    0,00    0,00    1,00     3  antigravity
19:04:30     1000     11152    1,80    1,20    0,00    0,00    3,00     1  language_server
19:04:30     1000     38998    0,00    0,40    0,00    0,00    0,40     7  pidstat
19:04:30     1000     39029    3,20    0,60    0,00    0,00    3,80     7  java

19:04:25      UID       PID  minflt/s  majflt/s     VSZ     RSS   %MEM  Command
19:04:30        0      3207     10,20      0,00 1235608   15092   0,09  containerd-shim
19:04:30        0      3227     11,00      0,00 1235352   14228   0,09  containerd-shim
19:04:30        0      3240     12,60      0,00 1235608   15280   0,09  containerd-shim
19:04:30        0      3246     12,00      0,00 1235608   15496   0,10  containerd-shim
19:04:30        0      3261     12,20      0,00 1235608   15392   0,09  containerd-shim
19:04:30       70      3383      4,40      0,00  174540   26160   0,16  postgres
19:04:30     1000      9024      0,40      0,00 4672732  275504   1,70  gnome-shell
19:04:30     1000      9700     33,80      0,00 1461692876  304276   1,87  antigravity
19:04:30     1000      9756      2,20      0,00 34324860  165268   1,02  antigravity
19:04:30     1000      9767      0,60      0,00 33906012   82040   0,51  antigravity
19:04:30     1000      9830     65,60      0,00 1461371948  488016   3,01  antigravity
19:04:30     1000     10074      0,20      0,00 5034116  366268   2,26  language_server
19:04:30     1000     10109      0,20      0,00 33951332   64948   0,40  antigravity
19:04:30     1000     10121      2,20      0,00 1461391740  127756   0,79  antigravity
19:04:30     1000     10122     18,20      0,00 1461343128  291280   1,79  antigravity
19:04:30     1000     10186      3,00      0,00 1478124976  122768   0,76  antigravity
19:04:30     1000     10187      3,20      0,00 1461358904  158508   0,98  antigravity
19:04:30     1000     39029     43,80      0,00 6198124  248260   1,53  java

19:04:25      UID       PID   kB_rd/s   kB_wr/s kB_ccwr/s iodelay  Command
19:04:30     1000     38998      0,00      0,75      0,00       0  pidstat
19:04:30     1000     39029      0,00      3,70      0,00       0  java

19:04:30      UID       PID    %usr %system  %guest   %wait    %CPU   CPU  Command
19:04:35        0         1    0,20    0,00    0,00    0,00    0,20     6  systemd
19:04:35        0        86    0,00    0,20    0,00    0,00    0,20     0  irq/9-acpi
19:04:35      990       905    0,60    0,20    0,00    0,00    0,80     3  dbus-daemon
19:04:35      115       926    1,40    0,40    0,00    0,00    1,80     2  prometheus-node
19:04:35      115       927    0,40    0,00    0,00    0,00    0,40     1  prometheus
19:04:35        0      1468    0,20    0,00    0,00    0,00    0,20     6  tailscaled
19:04:35        0      1489    0,20    0,20    0,00    0,00    0,40     4  containerd
19:04:35        0      2351    0,40    0,20    0,00    0,00    0,60     3  dockerd
19:04:35      117      2352    0,60    0,40    0,00    0,00    1,00     6  grafana
19:04:35        0      3170    0,20    0,20    0,00    0,00    0,40     6  mount.ntfs-3g
19:04:35        0      3240    0,20    0,20    0,00    0,00    0,40     1  containerd-shim
19:04:35        0      3246    0,20    0,00    0,00    0,00    0,20     0  containerd-shim
19:04:35        0      3261    0,20    0,00    0,00    0,00    0,20     3  containerd-shim
19:04:35      999      3405    0,60    0,00    0,00    0,00    0,60     0  redis-server
19:04:35     1000      9024    0,40    0,40    0,00    0,00    0,80     7  gnome-shell
19:04:35     1000      9756    0,20    0,00    0,00    0,00    0,20     7  antigravity
19:04:35     1000      9830    1,00    0,20    0,00    0,00    1,20     1  antigravity
19:04:35     1000     10074    1,60    1,20    0,00    0,20    2,80     0  language_server
19:04:35     1000     10109    0,00    0,20    0,00    0,00    0,20     2  antigravity
19:04:35     1000     10121    0,20    0,40    0,00    0,00    0,60     2  antigravity
19:04:35     1000     10122    1,00    0,00    0,00    0,00    1,00     0  antigravity
19:04:35     1000     10187    0,80    0,20    0,00    0,00    1,00     3  antigravity
19:04:35     1000     11152    1,40    1,60    0,00    0,00    3,00     2  language_server
19:04:35        0     13128    0,00    0,20    0,00    0,00    0,20     2  kworker/u32:1-events_unbound
19:04:35     1000     38998    0,20    0,20    0,00    0,00    0,40     1  pidstat
19:04:35     1000     39029    2,60    0,60    0,00    0,00    3,20     7  java

19:04:30      UID       PID  minflt/s  majflt/s     VSZ     RSS   %MEM  Command
19:04:35      115       926     72,20      0,00 1687812   25164   0,16  prometheus-node
19:04:35        0      3207     17,20      0,00 1235608   15220   0,09  containerd-shim
19:04:35        0      3227     12,40      0,00 1235352   14484   0,09  containerd-shim
19:04:35        0      3240     11,60      0,00 1235608   15408   0,09  containerd-shim
19:04:35        0      3246     14,60      0,00 1235608   15624   0,10  containerd-shim
19:04:35        0      3261     14,80      0,00 1235608   15648   0,10  containerd-shim
19:04:35     1000      9024      6,80      0,00 4672668  275504   1,70  gnome-shell
19:04:35     1000      9700     40,80      0,00 1461692876  303872   1,87  antigravity
19:04:35     1000      9756      6,80      0,00 34324588  165268   1,02  antigravity
19:04:35     1000      9767      1,20      0,00 33906012   82040   0,51  antigravity
19:04:35     1000      9830     93,60      0,00 1461371948  489424   3,02  antigravity
19:04:35     1000     10109      0,40      0,00 33951332   64948   0,40  antigravity
19:04:35     1000     10121    175,20      0,00 1461391740  127816   0,79  antigravity
19:04:35     1000     10122     10,40      0,00 1461343128  291140   1,79  antigravity
19:04:35     1000     10186      3,00      0,00 1478124976  122768   0,76  antigravity
19:04:35     1000     10187      5,60      0,00 1461358904  158508   0,98  antigravity
19:04:35     1000     39029     24,20      0,00 6177564  245908   1,51  java

19:04:30      UID       PID   kB_rd/s   kB_wr/s kB_ccwr/s iodelay  Command
19:04:35     1000     38998      0,00      0,74      0,00       0  pidstat
19:04:35     1000     39029      0,00      1,14      0,00       0  java

Rata-rata:    UID       PID    %usr %system  %guest   %wait    %CPU   CPU  Command
Rata-rata:      0         1    0,08    0,03    0,00    0,00    0,11     -  systemd
Rata-rata:      0        18    0,00    0,03    0,00    0,02    0,03     -  rcu_preempt
Rata-rata:      0        63    0,00    0,02    0,00    0,00    0,02     -  ksoftirqd/7
Rata-rata:      0        86    0,00    0,06    0,00    0,00    0,06     -  irq/9-acpi
Rata-rata:      0       320    0,00    0,02    0,00    0,00    0,02     -  jbd2/sda6-8
Rata-rata:      0       381    0,02    0,00    0,00    0,02    0,02     -  systemd-journal
Rata-rata:      0       413    0,02    0,02    0,00    0,00    0,03     -  systemd-udevd
Rata-rata:      0       721    0,00    0,02    0,00    1,52    0,02     -  kworker/u33:2-i915_flip
Rata-rata:    990       905    0,26    0,05    0,00    0,00    0,31     -  dbus-daemon
Rata-rata:    986       922    0,02    0,00    0,00    0,00    0,02     -  polkitd
Rata-rata:    115       926    0,43    0,20    0,00    0,00    0,63     -  prometheus-node
Rata-rata:    115       927    0,15    0,02    0,00    0,00    0,17     -  prometheus
Rata-rata:      0      1052    0,02    0,00    0,00    0,02    0,02     -  NetworkManager
Rata-rata:      0      1457    0,14    0,00    0,00    0,00    0,14     -  glances
Rata-rata:      0      1468    0,08    0,08    0,00    0,00    0,15     -  tailscaled
Rata-rata:      0      1479    0,00    0,02    0,00    0,00    0,02     -  anydesk
Rata-rata:      0      1489    0,40    0,06    0,00    0,00    0,46     -  containerd
Rata-rata:      0      2351    0,40    0,22    0,00    0,00    0,62     -  dockerd
Rata-rata:    117      2352    0,75    0,31    0,00    0,00    1,06     -  grafana
Rata-rata:      0      3170    0,18    0,17    0,00    0,00    0,35     -  mount.ntfs-3g
Rata-rata:      0      3207    0,06    0,06    0,00    0,00    0,12     -  containerd-shim
Rata-rata:      0      3227    0,06    0,06    0,00    0,00    0,12     -  containerd-shim
Rata-rata:      0      3240    0,09    0,05    0,00    0,00    0,14     -  containerd-shim
Rata-rata:      0      3246    0,09    0,05    0,00    0,00    0,14     -  containerd-shim
Rata-rata:      0      3261    0,05    0,08    0,00    0,00    0,12     -  containerd-shim
Rata-rata:    999      3405    0,35    0,08    0,00    0,00    0,43     -  redis-server
Rata-rata:    117      3434    0,02    0,00    0,00    0,00    0,02     -  gpx_grafana_ela
Rata-rata:   1000      8864    0,02    0,02    0,00    0,00    0,03     -  systemd
Rata-rata:   1000      9024    0,63    0,25    0,00    0,00    0,88     -  gnome-shell
Rata-rata:   1000      9138    0,02    0,00    0,00    0,00    0,02     -  gsd-housekeepin
Rata-rata:   1000      9156    0,02    0,00    0,00    0,00    0,02     -  gsd-rfkill
Rata-rata:   1000      9200    0,00    0,02    0,00    0,00    0,02     -  anydesk
Rata-rata:   1000      9349    0,00    0,02    0,00    0,00    0,02     -  gvfs-udisks2-vo
Rata-rata:   1000      9509    0,02    0,00    0,00    0,00    0,02     -  xdg-desktop-por
Rata-rata:   1000      9700    0,51    0,12    0,00    0,00    0,63     -  antigravity
Rata-rata:   1000      9756    0,23    0,06    0,00    0,00    0,29     -  antigravity
Rata-rata:   1000      9767    0,02    0,00    0,00    0,00    0,02     -  antigravity
Rata-rata:   1000      9830    2,21    0,12    0,00    0,00    2,34     -  antigravity
Rata-rata:   1000     10074    1,45    1,48    0,00    0,02    2,92     -  language_server
Rata-rata:   1000     10109    0,00    0,02    0,00    0,00    0,02     -  antigravity
Rata-rata:   1000     10121    0,22    0,14    0,00    0,00    0,35     -  antigravity
Rata-rata:   1000     10122    0,74    0,17    0,00    0,00    0,91     -  antigravity
Rata-rata:   1000     10186    0,02    0,00    0,00    6,14    0,02     -  antigravity
Rata-rata:   1000     10187    0,78    0,11    0,00    0,00    0,89     -  antigravity
Rata-rata:   1000     11152    1,41    1,48    0,00    0,02    2,89     -  language_server
Rata-rata:      0     13128    0,00    0,02    0,00    0,00    0,02     -  kworker/u32:1-events_unbound
Rata-rata:      0     16329    0,00    0,02    0,00    0,02    0,02     -  kworker/u32:2-events_unbound
Rata-rata:   1000     29312    0,02    0,00    0,00    0,00    0,02     -  antigravity
Rata-rata:      0     30657    0,02    0,00    0,00    0,00    0,02     -  kworker/4:2-events
Rata-rata:      0     31777    0,02    0,00    0,00    0,02    0,02     -  kworker/3:0-events
Rata-rata:      0     31798    0,00    0,02    0,00    0,00    0,02     -  kworker/1:2-events
Rata-rata:      0     35706    0,00    0,02    0,00    0,00    0,02     -  kworker/u32:6-events_unbound
Rata-rata:      0     36424    0,02    0,00    0,00    0,02    0,02     -  kworker/2:0-mm_percpu_wq
Rata-rata:      0     38040    0,02    0,00    0,00    0,00    0,02     -  kworker/5:1-events
Rata-rata:      0     38622    0,00    0,03    0,00    0,03    0,03     -  kworker/0:1-events
Rata-rata:   1000     38998    0,17    0,25    0,00    0,00    0,42     -  pidstat
Rata-rata:   1000     39029   10,44    0,82    0,00    0,00   11,26     -  java

Rata-rata:    UID       PID  minflt/s  majflt/s     VSZ     RSS   %MEM  Command
Rata-rata:      0         1      4,18      0,00   24596   15460   0,10  systemd
Rata-rata:      0       381      3,68      0,00  136916   82648   0,51  systemd-journal
Rata-rata:      0       413      8,69      0,00   37696   11516   0,07  systemd-udevd
Rata-rata:    115       926     27,70      0,00 1687812   25301   0,16  prometheus-node
Rata-rata:    115       927      0,68      0,00 2702228  115599   0,71  prometheus
Rata-rata:      0      1489      1,57      0,00 2242640   65883   0,41  containerd
Rata-rata:    114      1588      0,38      0,00  218252   30140   0,19  postgres
Rata-rata:      0      2351      1,09      0,00 3433248  108540   0,67  dockerd
Rata-rata:    117      2352      1,25      0,02 1830598  334246   2,06  grafana
Rata-rata:      0      3207      8,69      0,00 1235608   15436   0,10  containerd-shim
Rata-rata:      0      3227      7,01      0,00 1235352   14450   0,09  containerd-shim
Rata-rata:      0      3240      9,23      0,00 1235608   15293   0,09  containerd-shim
Rata-rata:      0      3246      6,91      0,00 1235608   15660   0,10  containerd-shim
Rata-rata:      0      3261      8,72      0,00 1235608   15572   0,10  containerd-shim
Rata-rata:     70      3383      0,34      0,00  174540   26160   0,16  postgres
Rata-rata:   1000      9024      3,86      0,00 4672702  275538   1,70  gnome-shell
Rata-rata:   1000      9700     45,11      0,00 1461692876  303907   1,87  antigravity
Rata-rata:   1000      9756      3,77      0,00 34327911  165307   1,02  antigravity
Rata-rata:   1000      9767      0,91      0,00 33906012   82040   0,51  antigravity
Rata-rata:   1000      9830     95,45      0,00 1461371894  490762   3,02  antigravity
Rata-rata:   1000      9890      0,11      0,00 1459609232  173760   1,07  antigravity
Rata-rata:   1000     10074      4,55      0,00 5034116  365933   2,25  language_server
Rata-rata:   1000     10109      0,26      0,00 33951332   64948   0,40  antigravity
Rata-rata:   1000     10121     61,80      0,00 1461391740  127539   0,79  antigravity
Rata-rata:   1000     10122     31,08      0,00 1461343128  291270   1,79  antigravity
Rata-rata:   1000     10186      3,71      0,00 1478124976  122985   0,76  antigravity
Rata-rata:   1000     10187      6,14      0,00 1461358904  158606   0,98  antigravity
Rata-rata:   1000     29312      0,02      0,00 1459530528   88440   0,54  antigravity
Rata-rata:   1000     38998      0,63      0,00    6143    4952   0,03  pidstat
Rata-rata:   1000     38999      0,32      0,00    2676    1784   0,01  jmeter
Rata-rata:   1000     39029    585,39      0,00 6196542  238152   1,47  java

Rata-rata:    UID       PID   kB_rd/s   kB_wr/s kB_ccwr/s iodelay  Command
Rata-rata:   1000      9700      0,00      0,12      0,00       0  antigravity
Rata-rata:   1000      9767      0,00      0,12      0,00       0  antigravity
Rata-rata:   1000     38998      0,00      0,76      0,00       0  pidstat
Rata-rata:   1000     39029      0,00      1,30      0,00       0  java
