Linux 6.12.94+deb13-amd64 (debian) 	24/06/26 	_x86_64_	(8 CPU)

18:50:28      UID       PID    %usr %system  %guest   %wait    %CPU   CPU  Command
18:50:33        0         1    0,60    0,00    0,00    0,20    0,60     0  systemd
18:50:33        0        17    0,00    0,20    0,00    0,00    0,20     0  ksoftirqd/0
18:50:33        0        18    0,00    0,20    0,00    0,20    0,20     0  rcu_preempt
18:50:33        0        27    0,00    0,20    0,00    0,00    0,20     1  ksoftirqd/1
18:50:33        0        63    0,00    0,20    0,00    0,00    0,20     7  ksoftirqd/7
18:50:33        0        86    0,00    0,20    0,00    0,00    0,20     0  irq/9-acpi
18:50:33        0       112    0,00    0,20    0,00    0,00    0,20     0  kworker/0:1H-events_highpri
18:50:33        0       381    0,00    0,40    0,00    0,00    0,40     3  systemd-journal
18:50:33        0       413    0,00    0,20    0,00    0,00    0,20     0  systemd-udevd
18:50:33        0       721    0,00    0,40    0,00    0,20    0,40     0  kworker/u33:2+i915_flip
18:50:33      990       905    1,59    0,20    0,00    0,40    1,79     4  dbus-daemon
18:50:33      115       926    1,20    0,40    0,00    0,00    1,59     6  prometheus-node
18:50:33      115       927    0,00    0,20    0,00    0,00    0,20     6  prometheus
18:50:33        0      1052    0,40    0,00    0,00    0,20    0,40     6  NetworkManager
18:50:33        0      1457    0,20    0,00    0,00    0,00    0,20     5  glances
18:50:33        0      1468    0,40    0,60    0,00    0,00    1,00     6  tailscaled
18:50:33        0      1489    1,00    0,20    0,00    0,00    1,20     4  containerd
18:50:33        0      2351    0,60    1,00    0,00    0,00    1,59     3  dockerd
18:50:33      117      2352    0,80    0,00    0,00    0,00    0,80     3  grafana
18:50:33        0      3170    0,40    0,40    0,00    0,00    0,80     1  mount.ntfs-3g
18:50:33        0      3227    0,20    0,20    0,00    0,00    0,40     3  containerd-shim
18:50:33        0      3240    0,20    0,00    0,00    0,00    0,20     1  containerd-shim
18:50:33      999      3405    0,40    0,20    0,00    0,00    0,60     3  redis-server
18:50:33     1000      8864    0,40    0,00    0,00    0,20    0,40     3  systemd
18:50:33     1000      9024   13,55    2,79    0,00    0,20   16,33     7  gnome-shell
18:50:33     1000      9131    0,20    0,20    0,00    0,00    0,40     5  ibus-daemon
18:50:33     1000      9138    0,20    0,00    0,00    0,20    0,20     4  gsd-housekeepin
18:50:33     1000      9156    0,20    0,00    0,00    0,00    0,20     6  gsd-rfkill
18:50:33     1000      9162    0,20    0,20    0,00    0,00    0,40     7  gsd-sharing
18:50:33     1000      9287    0,20    0,00    0,00    0,00    0,20     2  ibus-extension-
18:50:33     1000      9349    0,20    0,00    0,00    0,40    0,20     3  gvfs-udisks2-vo
18:50:33     1000      9398    0,00    0,20    0,00    0,00    0,20     6  ibus-engine-sim
18:50:33        0      9672    0,20    0,00    0,00    0,00    0,20     7  fwupd
18:50:33     1000      9700    5,98    0,00    0,00    0,40    5,98     7  antigravity
18:50:33     1000      9756    2,79    0,40    0,00    0,00    3,19     7  antigravity
18:50:33     1000      9830   24,90    0,80    0,00    0,40   25,70     3  antigravity
18:50:33     1000     10074    1,00    1,39    0,00    0,80    2,39     3  language_server
18:50:33     1000     10121    0,80    0,00    0,00    0,20    0,80     1  antigravity
18:50:33     1000     10122    1,99    0,40    0,00    0,00    2,39     0  antigravity
18:50:33     1000     10187    2,79    0,20    0,00    0,00    2,99     5  antigravity
18:50:33     1000     11152    1,20    1,20    0,00    0,40    2,39     4  language_server
18:50:33        0     13128    0,00    0,20    0,00    0,00    0,20     7  kworker/u32:1-events_unbound
18:50:33        0     29433    0,00    0,20    0,00    0,20    0,20     2  kworker/2:0-events
18:50:33        0     31777    0,20    0,00    0,00    0,00    0,20     3  kworker/3:0-events
18:50:33        0     31798    0,20    0,00    0,00    0,00    0,20     1  kworker/1:2-events
18:50:33     1000     32601    1,20    0,40    0,00    0,20    1,59     2  gnome-terminal-
18:50:33        0     33252    0,20    0,00    0,00    0,40    0,20     0  kworker/0:2-i915-unordered
18:50:33     1000     33438    0,20    0,20    0,00    0,00    0,40     2  pidstat
18:50:33     1000     33469   80,08    3,98    0,00    0,00   84,06     5  java

18:50:28      UID       PID  minflt/s  majflt/s     VSZ     RSS   %MEM  Command
18:50:33        0       381    104,58      0,60  136916   81812   0,50  systemd-journal
18:50:33        0       413    110,36      0,00   37696   11516   0,07  systemd-udevd
18:50:33      115       926     55,78      0,00 1687812   25220   0,16  prometheus-node
18:50:33        0      1468      1,00      0,00 1421636   78836   0,49  tailscaled
18:50:33        0      1489      8,96      0,00 2242640   66216   0,41  containerd
18:50:33        0      2350      0,20      0,00  192636   16032   0,10  cups-browsed
18:50:33        0      2351      0,00      0,00 3433248  108444   0,67  dockerd
18:50:33        0      3207      9,96      0,00 1235608   15348   0,09  containerd-shim
18:50:33        0      3227     12,15      0,00 1235352   14512   0,09  containerd-shim
18:50:33        0      3240     12,55      0,00 1235608   15548   0,10  containerd-shim
18:50:33        0      3246     12,55      0,00 1235608   15464   0,10  containerd-shim
18:50:33        0      3261     13,94      0,00 1235608   15816   0,10  containerd-shim
18:50:33     1000      9024     63,75      0,00 4695208  281900   1,74  gnome-shell
18:50:33     1000      9700    132,87      0,00 1461692876  304688   1,88  antigravity
18:50:33     1000      9756     16,73      0,00 34344964  166068   1,02  antigravity
18:50:33     1000      9767      0,60      0,00 33906012   82040   0,51  antigravity
18:50:33     1000      9830    782,47      0,00 1461371372  490448   3,02  antigravity
18:50:33     1000     10109      0,20      0,00 33951332   64948   0,40  antigravity
18:50:33     1000     10121    210,76      0,00 1461391740  122888   0,76  antigravity
18:50:33     1000     10122    648,80      0,00 1461343128  282624   1,74  antigravity
18:50:33     1000     10186      3,78      0,00 1478124976  122828   0,76  antigravity
18:50:33     1000     10187     37,25      0,00 1461358904  159164   0,98  antigravity
18:50:33     1000     32601      0,20      0,00  557460   58732   0,36  gnome-terminal-
18:50:33     1000     33438      1,00      0,00    5920    5016   0,03  pidstat
18:50:33     1000     33439      3,98      0,00    2676    1524   0,01  jmeter
18:50:33     1000     33469   4727,69      0,00 3896400  200868   1,24  java
18:50:33        0     33554     93,43      0,00   37700    7324   0,05  (udev-worker)
18:50:33        0     33567     27,09      0,00   37700    7004   0,04  (udev-worker)
18:50:33        0     33568     26,89      0,00   37700    7004   0,04  (udev-worker)
18:50:33        0     33569     26,89      0,00   37700    7004   0,04  (udev-worker)
18:50:33        0     33570     27,09      0,00   37700    7004   0,04  (udev-worker)
18:50:33        0     33572     36,45      0,00   37700    7004   0,04  (udev-worker)
18:50:33        0     33573     27,09      0,00   37700    7004   0,04  (udev-worker)
18:50:33        0     33574     26,29      0,00   37700    6876   0,04  (udev-worker)
18:50:33        0     33575     27,29      0,00   37700    7004   0,04  (udev-worker)
18:50:33        0     33576     27,49      0,00   37700    7004   0,04  (udev-worker)
18:50:33        0     33577     26,29      0,00   37700    7004   0,04  (udev-worker)
18:50:33        0     33578     27,49      0,00   37700    7004   0,04  (udev-worker)
18:50:33        0     33579     27,69      0,00   37700    7004   0,04  (udev-worker)
18:50:33        0     33580     27,89      0,00   37700    7004   0,04  (udev-worker)
18:50:33        0     33581     28,09      0,00   37700    7004   0,04  (udev-worker)
18:50:33        0     33582     27,69      0,00   37700    7004   0,04  (udev-worker)

18:50:28      UID       PID   kB_rd/s   kB_wr/s kB_ccwr/s iodelay  Command
18:50:33     1000     10122      0,00      0,80      0,00       0  antigravity
18:50:33     1000     33469      0,00      2,07      0,00       0  java

18:50:33      UID       PID    %usr %system  %guest   %wait    %CPU   CPU  Command
18:50:38        0        17    0,00    0,20    0,00    0,00    0,20     0  ksoftirqd/0
18:50:38        0       381    0,20    0,00    0,00    0,00    0,20     3  systemd-journal
18:50:38        0       413    0,00    0,20    0,00    0,00    0,20     0  systemd-udevd
18:50:38        0       721    0,00    0,40    0,00    0,00    0,40     1  kworker/u33:2+i915_flip
18:50:38      115       927    0,20    0,00    0,00    0,00    0,20     6  prometheus
18:50:38        0      1489    0,20    0,20    0,00    0,00    0,40     4  containerd
18:50:38        0      2351    0,40    0,00    0,00    0,00    0,40     3  dockerd
18:50:38      117      2352    0,60    0,20    0,00    0,00    0,80     3  grafana
18:50:38        0      3170    0,40    0,60    0,00    0,00    1,00     5  mount.ntfs-3g
18:50:38        0      3207    0,20    0,00    0,00    0,00    0,20     6  containerd-shim
18:50:38        0      3246    0,20    0,20    0,00    0,00    0,40     0  containerd-shim
18:50:38        0      3261    0,20    0,00    0,00    0,00    0,20     3  containerd-shim
18:50:38      999      3405    0,40    0,00    0,00    0,00    0,40     2  redis-server
18:50:38     1000      9024    7,20    1,20    0,00    0,00    8,40     5  gnome-shell
18:50:38     1000      9700    0,40    0,00    0,00    0,00    0,40     7  antigravity
18:50:38     1000      9756    0,20    0,00    0,00    0,00    0,20     4  antigravity
18:50:38     1000      9830    1,00    0,20    0,00    0,00    1,20     3  antigravity
18:50:38     1000     10074    1,40    1,80    0,00    0,00    3,20     3  language_server
18:50:38     1000     10121    0,40    0,20    0,00    0,00    0,60     7  antigravity
18:50:38     1000     10122    1,00    0,60    0,00    0,00    1,60     0  antigravity
18:50:38     1000     10187    0,80    0,00    0,00    0,00    0,80     5  antigravity
18:50:38     1000     11152    1,60    1,20    0,00    0,00    2,80     5  language_server
18:50:38     1000     32601    1,00    0,20    0,00    0,00    1,20     7  gnome-terminal-
18:50:38        0     33252    0,20    0,00    0,00    0,00    0,20     0  kworker/0:2-i915-unordered
18:50:38     1000     33438    0,20    0,40    0,00    0,00    0,60     3  pidstat
18:50:38     1000     33469    0,40    0,00    0,00    0,00    0,40     5  java

18:50:33      UID       PID  minflt/s  majflt/s     VSZ     RSS   %MEM  Command
18:50:38        0       381     24,60      0,20  136916   82212   0,51  systemd-journal
18:50:38        0       413      1,00      0,00   37696   11516   0,07  systemd-udevd
18:50:38        0      3207      1,40      0,00 1235608   15348   0,09  containerd-shim
18:50:38        0      3227      8,80      0,00 1235352   14640   0,09  containerd-shim
18:50:38        0      3240     10,00      0,00 1235608   15676   0,10  containerd-shim
18:50:38        0      3246      4,60      0,00 1235608   15592   0,10  containerd-shim
18:50:38        0      3261      1,80      0,00 1235608   15816   0,10  containerd-shim
18:50:38     1000      9024     13,60      0,00 4689244  275848   1,70  gnome-shell
18:50:38     1000      9700     60,00      0,00 1461692876  303980   1,87  antigravity
18:50:38     1000      9756      5,60      0,00 34342788  165800   1,02  antigravity
18:50:38     1000      9767      1,20      0,00 33906012   82040   0,51  antigravity
18:50:38     1000      9830    240,40      0,00 1461373548  491796   3,03  antigravity
18:50:38     1000     10109      0,40      0,00 33951332   64948   0,40  antigravity
18:50:38     1000     10121    114,40      0,00 1461391740  122888   0,76  antigravity
18:50:38     1000     10122    459,80      0,00 1461343128  283248   1,74  antigravity
18:50:38     1000     10186      3,00      0,00 1478124976  122828   0,76  antigravity
18:50:38     1000     10187     34,80      0,00 1461358904  159340   0,98  antigravity
18:50:38     1000     32601     95,40      0,00  551608   52716   0,32  gnome-terminal-
18:50:38     1000     33438      8,20      0,00    6184    5144   0,03  pidstat
18:50:38     1000     33469      8,20      0,00 3896400  201252   1,24  java

18:50:33      UID       PID   kB_rd/s   kB_wr/s kB_ccwr/s iodelay  Command
18:50:38     1000     33438      0,00      1,63      0,00       0  pidstat

18:50:38      UID       PID    %usr %system  %guest   %wait    %CPU   CPU  Command
18:50:43      115       927    0,20    0,00    0,00    0,00    0,20     6  prometheus
18:50:43        0      1457    0,20    0,00    0,00    0,00    0,20     5  glances
18:50:43        0      1489    0,40    0,20    0,00    0,00    0,60     4  containerd
18:50:43        0      2351    0,40    0,20    0,00    0,00    0,60     3  dockerd
18:50:43      117      2352    0,60    0,40    0,00    0,00    1,00     3  grafana
18:50:43        0      3170    0,20    0,60    0,00    0,00    0,80     5  mount.ntfs-3g
18:50:43        0      3227    0,00    0,20    0,00    0,00    0,20     3  containerd-shim
18:50:43        0      3240    0,20    0,00    0,00    0,00    0,20     1  containerd-shim
18:50:43      999      3405    0,40    0,20    0,00    0,00    0,60     3  redis-server
18:50:43     1000      9024    1,20    0,60    0,00    0,00    1,80     7  gnome-shell
18:50:43     1000      9700    0,20    0,00    0,00    0,00    0,20     2  antigravity
18:50:43     1000      9830    0,80    0,40    0,00    0,00    1,20     3  antigravity
18:50:43     1000     10074    1,40    1,80    0,00    0,00    3,20     6  language_server
18:50:43     1000     10121    0,20    0,00    0,00    0,00    0,20     7  antigravity
18:50:43     1000     10122    1,20    0,40    0,00    0,00    1,60     1  antigravity
18:50:43     1000     10187    0,60    0,20    0,00    0,00    0,80     6  antigravity
18:50:43     1000     11152    1,20    1,40    0,00    0,00    2,60     0  language_server
18:50:43     1000     32601    0,40    0,00    0,00    0,00    0,40     4  gnome-terminal-
18:50:43     1000     32813    0,20    0,00    0,00    0,00    0,20     7  ssh
18:50:43     1000     33438    0,20    0,20    0,00    0,00    0,40     0  pidstat
18:50:43     1000     33469    0,20    0,00    0,00    0,00    0,20     5  java

18:50:38      UID       PID  minflt/s  majflt/s     VSZ     RSS   %MEM  Command
18:50:43        0      1489      1,20      0,00 2242640   65776   0,41  containerd
18:50:43      117      2352      0,40      0,00 1830016  333412   2,05  grafana
18:50:43        0      3207      0,60      0,00 1235608   15476   0,10  containerd-shim
18:50:43        0      3227      6,40      0,00 1235352   14768   0,09  containerd-shim
18:50:43        0      3240     10,40      0,00 1235608   15932   0,10  containerd-shim
18:50:43        0      3246      0,20      0,00 1235608   15592   0,10  containerd-shim
18:50:43        0      3261      7,20      0,00 1235608   15816   0,10  containerd-shim
18:50:43     1000      9024      7,00      0,00 4680860  275684   1,70  gnome-shell
18:50:43     1000      9700     57,00      0,00 1461692876  304140   1,87  antigravity
18:50:43     1000      9756      5,20      0,00 34338500  165672   1,02  antigravity
18:50:43     1000      9767      0,60      0,00 33906012   82040   0,51  antigravity
18:50:43     1000      9830    188,60      0,00 1461373548  493216   3,04  antigravity
18:50:43     1000     10109      0,20      0,00 33951332   64948   0,40  antigravity
18:50:43     1000     10121      4,20      0,00 1461391740  122888   0,76  antigravity
18:50:43     1000     10122    416,60      0,00 1461343128  281712   1,74  antigravity
18:50:43     1000     10186      6,20      0,00 1478124976  122828   0,76  antigravity
18:50:43     1000     10187     36,60      0,00 1461358904  159356   0,98  antigravity
18:50:43     1000     11290      0,00      0,00  377932  170496   1,05  pyrefly
18:50:43     1000     33469      3,00      0,00 3896400  201252   1,24  java

18:50:38      UID       PID   kB_rd/s   kB_wr/s kB_ccwr/s iodelay  Command
18:50:43     1000     33438      0,00      0,85      0,00       0  pidstat

18:50:43      UID       PID    %usr %system  %guest   %wait    %CPU   CPU  Command
18:50:48        0         1    0,20    0,00    0,00    0,00    0,20     0  systemd
18:50:48        0        17    0,00    0,20    0,00    0,00    0,20     0  ksoftirqd/0
18:50:48        0        18    0,00    0,20    0,00    0,00    0,20     7  rcu_preempt
18:50:48        0        86    0,00    0,20    0,00    0,00    0,20     0  irq/9-acpi
18:50:48        0       236    0,00    0,20    0,00    0,00    0,20     1  kworker/1:1H-events_highpri
18:50:48        0       721    0,00    0,40    0,00    0,00    0,40     2  kworker/u33:2+i915_flip
18:50:48      990       905    0,80    0,00    0,00    0,00    0,80     4  dbus-daemon
18:50:48      115       926    1,00    0,60    0,00    0,00    1,60     6  prometheus-node
18:50:48      115       927    0,00    0,20    0,00    0,00    0,20     0  prometheus
18:50:48        0      1457    0,00    0,20    0,00    0,00    0,20     5  glances
18:50:48        0      1468    0,00    0,20    0,00    0,00    0,20     6  tailscaled
18:50:48        0      1489    0,40    0,00    0,00    0,00    0,40     4  containerd
18:50:48        0      2351    0,20    0,20    0,00    0,00    0,40     3  dockerd
18:50:48      117      2352    0,60    0,20    0,00    0,00    0,80     3  grafana
18:50:48        0      3170    0,40    0,40    0,00    0,00    0,80     1  mount.ntfs-3g
18:50:48        0      3207    0,20    0,00    0,00    0,00    0,20     6  containerd-shim
18:50:48        0      3240    0,00    0,20    0,00    0,00    0,20     1  containerd-shim
18:50:48        0      3246    0,20    0,00    0,00    0,00    0,20     0  containerd-shim
18:50:48        0      3261    0,20    0,20    0,00    0,00    0,40     3  containerd-shim
18:50:48      999      3405    0,40    0,00    0,00    0,00    0,40     0  redis-server
18:50:48     1000      9024    8,00    1,00    0,00    0,00    9,00     1  gnome-shell
18:50:48     1000      9131    0,20    0,00    0,00    0,00    0,20     5  ibus-daemon
18:50:48     1000      9509    0,20    0,20    0,00    0,00    0,40     1  xdg-desktop-por
18:50:48     1000      9700    0,80    0,00    0,00    0,00    0,80     7  antigravity
18:50:48     1000      9756    0,60    0,20    0,00    0,00    0,80     7  antigravity
18:50:48     1000      9830   13,80    0,40    0,00    0,00   14,20     6  antigravity
18:50:48     1000     10074    1,40    1,60    0,00    0,00    3,00     1  language_server
18:50:48     1000     10121    0,20    0,00    0,00    0,00    0,20     2  antigravity
18:50:48     1000     10122    1,00    0,60    0,00    0,00    1,60     5  antigravity
18:50:48     1000     10187    0,20    0,40    0,00    0,00    0,60     6  antigravity
18:50:48     1000     11152    1,00    1,80    0,00    0,00    2,80     3  language_server
18:50:48        0     13128    0,00    0,20    0,00    0,00    0,20     5  kworker/u32:1-i915
18:50:48        0     25979    0,00    0,20    0,00    0,00    0,20     3  kworker/u32:4-events_unbound
18:50:48        0     31777    0,20    0,00    0,00    0,00    0,20     3  kworker/3:0-events
18:50:48     1000     32601    1,80    0,80    0,00    0,00    2,60     2  gnome-terminal-
18:50:48        0     33252    0,20    0,00    0,00    0,40    0,20     0  kworker/0:2-i915-unordered
18:50:48     1000     33438    0,20    0,20    0,00    0,00    0,40     4  pidstat
18:50:48     1000     33469    0,60    0,00    0,00    0,00    0,60     5  java

18:50:43      UID       PID  minflt/s  majflt/s     VSZ     RSS   %MEM  Command
18:50:48        0       381     18,80      0,20  136916   82520   0,51  systemd-journal
18:50:48      115       926     58,00      0,00 1687812   25288   0,16  prometheus-node
18:50:48        0      3207     11,00      0,00 1235608   15732   0,10  containerd-shim
18:50:48        0      3240      4,20      0,00 1235608   16060   0,10  containerd-shim
18:50:48        0      3246      5,40      0,00 1235608   15720   0,10  containerd-shim
18:50:48        0      3261      5,20      0,00 1235608   15816   0,10  containerd-shim
18:50:48     1000      9024     12,80      0,00 4687156  275684   1,70  gnome-shell
18:50:48     1000      9700     60,20      0,00 1461693964  304648   1,88  antigravity
18:50:48     1000      9756     11,80      0,00 34339784  165516   1,02  antigravity
18:50:48     1000      9767      0,60      0,00 33906012   82040   0,51  antigravity
18:50:48     1000      9830    504,00      0,00 1461373548  487376   3,00  antigravity
18:50:48     1000     10109      0,20      0,00 33951332   64948   0,40  antigravity
18:50:48     1000     10121      2,80      0,00 1461391740  122888   0,76  antigravity
18:50:48     1000     10122    459,40      0,00 1461343128  282320   1,74  antigravity
18:50:48     1000     10186      7,60      0,00 1478124976  122828   0,76  antigravity
18:50:48     1000     10187     31,60      0,00 1461358904  159460   0,98  antigravity
18:50:48     1000     33469     15,60      0,00 3896400  201508   1,24  java

18:50:43      UID       PID   kB_rd/s   kB_wr/s kB_ccwr/s iodelay  Command
18:50:48     1000     33438      0,00      0,73      0,00       0  pidstat
18:50:48     1000     33469      0,00      0,03      0,00       0  java

18:50:48      UID       PID    %usr %system  %guest   %wait    %CPU   CPU  Command
18:50:53        0        82    0,00    0,20    0,00    0,00    0,20     4  khugepaged
18:50:53        0      1457    0,20    0,00    0,00    0,00    0,20     5  glances
18:50:53        0      1468    0,20    0,00    0,00    0,00    0,20     6  tailscaled
18:50:53        0      1489    0,40    0,00    0,00    0,00    0,40     4  containerd
18:50:53        0      2351    0,40    0,20    0,00    0,00    0,60     3  dockerd
18:50:53      117      2352    0,60    0,40    0,00    0,00    1,00     3  grafana
18:50:53        0      3170    0,60    0,20    0,00    0,00    0,80     6  mount.ntfs-3g
18:50:53        0      3207    0,00    0,20    0,00    0,00    0,20     6  containerd-shim
18:50:53        0      3227    0,00    0,20    0,00    0,00    0,20     3  containerd-shim
18:50:53      999      3405    0,40    0,00    0,00    0,00    0,40     0  redis-server
18:50:53     1000      9024    1,60    0,60    0,00    0,00    2,20     5  gnome-shell
18:50:53     1000      9700    1,20    0,00    0,00    0,00    1,20     4  antigravity
18:50:53     1000      9756    0,60    0,20    0,00    0,00    0,80     7  antigravity
18:50:53     1000      9830    3,20    0,20    0,00    0,00    3,40     3  antigravity
18:50:53     1000     10074    1,20    1,80    0,00    0,00    3,00     7  language_server
18:50:53     1000     10121    0,20    0,20    0,00    0,00    0,40     4  antigravity
18:50:53     1000     10122    1,20    0,40    0,00    0,00    1,60     7  antigravity
18:50:53     1000     10187    0,80    0,00    0,00    0,00    0,80     6  antigravity
18:50:53     1000     11152    1,40    1,60    0,00    0,00    3,00     6  language_server
18:50:53        0     32097    0,00    0,20    0,00    0,00    0,20     4  kworker/4:0-events
18:50:53     1000     33438    0,20    0,40    0,00    0,00    0,60     4  pidstat
18:50:53     1000     33469    0,20    0,40    0,00    0,00    0,60     5  java

18:50:48      UID       PID  minflt/s  majflt/s     VSZ     RSS   %MEM  Command
18:50:53        0      1468      5,60      0,00 1421636   78964   0,49  tailscaled
18:50:53        0      1489      0,60      0,00 2242640   65776   0,41  containerd
18:50:53        0      3207      6,40      0,00 1235608   15420   0,09  containerd-shim
18:50:53        0      3227      3,80      0,00 1235352   14168   0,09  containerd-shim
18:50:53        0      3240     13,00      0,00 1235608   14992   0,09  containerd-shim
18:50:53        0      3246      6,20      0,00 1235608   15140   0,09  containerd-shim
18:50:53        0      3261      5,80      0,00 1235608   15388   0,09  containerd-shim
18:50:53     1000      9024      7,00      0,00 4676700  275684   1,70  gnome-shell
18:50:53     1000      9700     53,40      0,00 1461692876  304628   1,88  antigravity
18:50:53     1000      9756     22,60      0,00 34339436  165880   1,02  antigravity
18:50:53     1000      9767      1,20      0,00 33906012   82040   0,51  antigravity
18:50:53     1000      9830    367,40      0,00 1461374508  489168   3,01  antigravity
18:50:53     1000      9890      0,80      0,00 1459609232  173640   1,07  antigravity
18:50:53     1000     10074      2,00      0,00 5034116  456648   2,81  language_server
18:50:53     1000     10109      0,20      0,00 33951332   64948   0,40  antigravity
18:50:53     1000     10121     20,60      0,00 1461391740  122996   0,76  antigravity
18:50:53     1000     10122    373,60      0,00 1461343128  283464   1,75  antigravity
18:50:53     1000     10186      2,40      0,00 1478124976  122828   0,76  antigravity
18:50:53     1000     10187     32,60      0,00 1461358904  159972   0,99  antigravity
18:50:53     1000     11290      0,00      0,00  377932  176128   1,09  pyrefly
18:50:53     1000     33469      5,40      0,00 3896400  201508   1,24  java

18:50:48      UID       PID   kB_rd/s   kB_wr/s kB_ccwr/s iodelay  Command
18:50:53     1000      9700      0,00      2,40      0,00       0  antigravity
18:50:53     1000     10122      0,00      0,80      0,00       0  antigravity
18:50:53     1000     33438      0,00      1,02      0,00       0  pidstat

18:50:53      UID       PID    %usr %system  %guest   %wait    %CPU   CPU  Command
18:50:58      115       927    0,40    0,20    0,00    0,00    0,60     6  prometheus
18:50:58        0      1489    0,20    0,20    0,00    0,00    0,40     4  containerd
18:50:58        0      2351    0,20    0,20    0,00    0,00    0,40     3  dockerd
18:50:58      117      2352    0,80    0,40    0,00    0,00    1,20     3  grafana
18:50:58        0      3170    0,40    0,20    0,00    0,00    0,60     3  mount.ntfs-3g
18:50:58        0      3240    0,20    0,00    0,00    0,00    0,20     1  containerd-shim
18:50:58        0      3246    0,00    0,20    0,00    0,00    0,20     0  containerd-shim
18:50:58        0      3261    0,20    0,00    0,00    0,00    0,20     3  containerd-shim
18:50:58      999      3405    0,40    0,00    0,00    0,00    0,40     1  redis-server
18:50:58     1000      9024    0,60    0,20    0,00    0,00    0,80     5  gnome-shell
18:50:58     1000      9493    0,20    0,00    0,00    0,00    0,20     1  xdg-desktop-por
18:50:58     1000      9700    0,40    0,00    0,00    0,00    0,40     7  antigravity
18:50:58     1000      9756    0,20    0,00    0,00    0,00    0,20     7  antigravity
18:50:58     1000      9830    1,60    0,20    0,00    0,00    1,80     2  antigravity
18:50:58     1000     10074    3,00    1,20    0,00    0,00    4,20     1  language_server
18:50:58     1000     10121    0,20    0,00    0,00    0,00    0,20     2  antigravity
18:50:58     1000     10122    0,80    0,60    0,00    0,00    1,40     1  antigravity
18:50:58     1000     10187    0,40    0,00    0,00    0,00    0,40     3  antigravity
18:50:58     1000     11152    1,00    1,60    0,00    0,00    2,60     2  language_server
18:50:58     1000     33438    0,00    0,20    0,00    0,00    0,20     4  pidstat
18:50:58     1000     33469    0,60    0,00    0,00    0,00    0,60     5  java

18:50:53      UID       PID  minflt/s  majflt/s     VSZ     RSS   %MEM  Command
18:50:58      115       927     48,40      0,00 2702228  116604   0,72  prometheus
18:50:58        0      1468     24,80      0,00 1421636   79348   0,49  tailscaled
18:50:58        0      3207     12,60      0,00 1235608   15420   0,09  containerd-shim
18:50:58        0      3227     11,20      0,00 1235352   14296   0,09  containerd-shim
18:50:58        0      3240     11,60      0,00 1235608   15120   0,09  containerd-shim
18:50:58        0      3246     10,40      0,00 1235608   15268   0,09  containerd-shim
18:50:58        0      3261     10,40      0,00 1235608   15516   0,10  containerd-shim
18:50:58     1000      9024      0,80      0,00 4676700  275684   1,70  gnome-shell
18:50:58     1000      9700     63,40      0,00 1461692876  303776   1,87  antigravity
18:50:58     1000      9756      6,40      0,00 34338476  165880   1,02  antigravity
18:50:58     1000      9767      1,00      0,00 33906012   82040   0,51  antigravity
18:50:58     1000      9830    271,40      0,00 1461373548  488956   3,01  antigravity
18:50:58     1000     10074      1,60      0,00 5034116  410096   2,53  language_server
18:50:58     1000     10109      0,40      0,00 33951332   64948   0,40  antigravity
18:50:58     1000     10121      8,20      0,00 1461391740  122996   0,76  antigravity
18:50:58     1000     10122    424,80      0,00 1461343128  283564   1,75  antigravity
18:50:58     1000     10186      3,00      0,00 1478124976  122828   0,76  antigravity
18:50:58     1000     10187     31,80      0,00 1461358904  160300   0,99  antigravity
18:50:58     1000     33469      3,80      0,00 3896400  201636   1,24  java

18:50:53      UID       PID   kB_rd/s   kB_wr/s kB_ccwr/s iodelay  Command
18:50:58     1000     33438      0,00      0,82      0,00       0  pidstat

18:50:58      UID       PID    %usr %system  %guest   %wait    %CPU   CPU  Command
18:51:03        0       244    0,00    0,20    0,00    0,00    0,20     7  kworker/7:1H-kblockd
18:51:03      990       905    0,60    0,20    0,00    0,00    0,80     6  dbus-daemon
18:51:03      115       926    1,00    0,60    0,00    0,00    1,60     1  prometheus-node
18:51:03      115       927    0,20    0,00    0,00    0,00    0,20     0  prometheus
18:51:03        0      1457    0,20    0,00    0,00    0,00    0,20     5  glances
18:51:03        0      1468    0,20    0,00    0,00    0,00    0,20     7  tailscaled
18:51:03        0      1479    0,00    0,20    0,00    0,00    0,20     7  anydesk
18:51:03        0      1489    0,40    0,00    0,00    0,00    0,40     4  containerd
18:51:03        0      2351    0,40    0,20    0,00    0,00    0,60     3  dockerd
18:51:03      117      2352    0,60    0,20    0,00    0,00    0,80     3  grafana
18:51:03        0      3170    0,40    0,40    0,00    0,00    0,80     4  mount.ntfs-3g
18:51:03        0      3207    0,00    0,20    0,00    0,00    0,20     6  containerd-shim
18:51:03        0      3227    0,00    0,20    0,00    0,00    0,20     3  containerd-shim
18:51:03        0      3246    0,20    0,00    0,00    0,00    0,20     0  containerd-shim
18:51:03        0      3261    0,00    0,20    0,00    0,00    0,20     3  containerd-shim
18:51:03      999      3405    0,40    0,00    0,00    0,00    0,40     6  redis-server
18:51:03     1000      9024    0,60    0,20    0,00    0,00    0,80     7  gnome-shell
18:51:03     1000      9700    0,20    0,00    0,00    0,00    0,20     6  antigravity
18:51:03     1000      9756    0,20    0,20    0,00    0,20    0,40     6  antigravity
18:51:03     1000      9830   11,40    0,40    0,00    0,60   11,80     0  antigravity
18:51:03     1000     10074    1,80    1,20    0,00    0,00    3,00     1  language_server
18:51:03     1000     10121    0,40    0,20    0,00    0,00    0,60     7  antigravity
18:51:03     1000     10122    1,40    0,40    0,00    0,00    1,80     5  antigravity
18:51:03     1000     10187    1,20    0,20    0,00    0,00    1,40     4  antigravity
18:51:03     1000     11152    1,60    1,20    0,00    0,20    2,80     5  language_server
18:51:03        0     33252    0,20    0,00    0,00    0,00    0,20     0  kworker/0:2-events
18:51:03     1000     33438    0,20    0,20    0,00    0,00    0,40     1  pidstat
18:51:03     1000     33469    0,40    0,00    0,00    0,00    0,40     5  java

18:50:58      UID       PID  minflt/s  majflt/s     VSZ     RSS   %MEM  Command
18:51:03      115       926     97,40      0,00 1687812   25284   0,16  prometheus-node
18:51:03      115       927     33,20      0,00 2702228  117244   0,72  prometheus
18:51:03        0      1468    105,00      0,00 1421636   81396   0,50  tailscaled
18:51:03        0      3207     11,00      0,00 1235608   15676   0,10  containerd-shim
18:51:03        0      3227     15,80      0,00 1235352   14424   0,09  containerd-shim
18:51:03        0      3240     14,20      0,00 1235608   15376   0,09  containerd-shim
18:51:03        0      3246     13,60      0,00 1235608   15524   0,10  containerd-shim
18:51:03        0      3261     13,00      0,00 1235608   15900   0,10  containerd-shim
18:51:03     1000      9024      5,20      0,00 4676700  275504   1,70  gnome-shell
18:51:03     1000      9700     57,20      0,00 1461692876  303812   1,87  antigravity
18:51:03     1000      9756      5,80      0,00 34338476  165880   1,02  antigravity
18:51:03     1000      9767      0,60      0,00 33906012   82040   0,51  antigravity
18:51:03     1000      9830    424,20      0,00 1461373548  486504   3,00  antigravity
18:51:03     1000     10074      0,00      0,00 5034116  376380   2,32  language_server
18:51:03     1000     10109      0,20      0,00 33951332   64948   0,40  antigravity
18:51:03     1000     10121    240,00      0,00 1461391740  123072   0,76  antigravity
18:51:03     1000     10122    490,00      0,00 1461343128  282580   1,74  antigravity
18:51:03     1000     10186      6,60      0,00 1478124976  122828   0,76  antigravity
18:51:03     1000     10187     49,80      0,00 1461358904  157508   0,97  antigravity
18:51:03     1000     11290      0,00      0,00  377932  180864   1,11  pyrefly
18:51:03     1000     33469      5,80      0,00 3896400  201764   1,24  java

18:50:58      UID       PID   kB_rd/s   kB_wr/s kB_ccwr/s iodelay  Command
18:51:03     1000     33438      0,00      0,74      0,00       0  pidstat
18:51:03     1000     33469      0,00      0,06      0,00       0  java

18:51:03      UID       PID    %usr %system  %guest   %wait    %CPU   CPU  Command
18:51:08      115       927    0,00    0,20    0,00    0,00    0,20     3  prometheus
18:51:08        0      1457    0,20    0,20    0,00    0,00    0,40     5  glances
18:51:08        0      1468    0,20    0,20    0,00    0,00    0,40     5  tailscaled
18:51:08        0      1489    0,40    0,00    0,00    0,00    0,40     4  containerd
18:51:08        0      2351    0,60    0,20    0,00    0,00    0,80     3  dockerd
18:51:08      117      2352    0,80    0,20    0,00    0,00    1,00     3  grafana
18:51:08        0      3170    0,60    0,40    0,00    0,00    1,00     0  mount.ntfs-3g
18:51:08        0      3227    0,20    0,00    0,00    0,00    0,20     3  containerd-shim
18:51:08        0      3240    0,20    0,00    0,00    0,00    0,20     1  containerd-shim
18:51:08      999      3405    0,40    0,00    0,00    0,00    0,40     5  redis-server
18:51:08     1000      9024    0,60    0,20    0,00    0,00    0,80     0  gnome-shell
18:51:08     1000      9700    0,40    0,00    0,00    0,00    0,40     6  antigravity
18:51:08     1000      9756    0,20    0,20    0,00    0,00    0,40     6  antigravity
18:51:08     1000      9830    1,20    0,20    0,00    0,00    1,40     5  antigravity
18:51:08     1000     10074    1,60    1,40    0,00    0,00    3,00     4  language_server
18:51:08     1000     10121    0,20    0,20    0,00    0,00    0,40     1  antigravity
18:51:08     1000     10122    1,20    0,40    0,00    0,00    1,60     2  antigravity
18:51:08     1000     10187    0,60    0,00    0,00    0,00    0,60     4  antigravity
18:51:08     1000     11152    2,40    1,40    0,00    0,00    3,80     4  language_server
18:51:08     1000     33438    0,20    0,40    0,00    0,00    0,60     1  pidstat
18:51:08     1000     33469    0,60    0,00    0,00    0,00    0,60     5  java

18:51:03      UID       PID  minflt/s  majflt/s     VSZ     RSS   %MEM  Command
18:51:08      115       927     33,60      0,00 2702228  117756   0,73  prometheus
18:51:08        0      1468    105,00      0,00 1421636   83572   0,51  tailscaled
18:51:08        0      3207      0,80      0,00 1235608   15676   0,10  containerd-shim
18:51:08        0      3227      8,00      0,00 1235352   14808   0,09  containerd-shim
18:51:08        0      3240      0,80      0,00 1235608   15376   0,09  containerd-shim
18:51:08        0      3246      3,20      0,00 1235608   15780   0,10  containerd-shim
18:51:08        0      3261     14,20      0,00 1235608   16156   0,10  containerd-shim
18:51:08     1000      9024      2,00      0,00 4676764  275504   1,70  gnome-shell
18:51:08     1000      9700     54,00      0,00 1461692876  304580   1,88  antigravity
18:51:08     1000      9756      7,40      0,00 34338476  165536   1,02  antigravity
18:51:08     1000      9767      0,60      0,00 33906012   82040   0,51  antigravity
18:51:08     1000      9830    244,60      0,00 1461373548  488184   3,01  antigravity
18:51:08     1000     10074      0,60      0,00 5034116  376380   2,32  language_server
18:51:08     1000     10109      0,20      0,00 33951332   64948   0,40  antigravity
18:51:08     1000     10121     92,40      0,00 1461391740  123072   0,76  antigravity
18:51:08     1000     10122    436,00      0,00 1461343128  283948   1,75  antigravity
18:51:08     1000     10186      3,00      0,00 1478124976  122828   0,76  antigravity
18:51:08     1000     10187     33,00      0,00 1461358904  157736   0,97  antigravity
18:51:08     1000     33469      3,60      0,00 3896400  201892   1,24  java

18:51:03      UID       PID   kB_rd/s   kB_wr/s kB_ccwr/s iodelay  Command
18:51:08     1000     10122      0,00      0,80      0,00       0  antigravity
18:51:08     1000     33438      0,00      0,91      0,00       0  pidstat

18:51:08      UID       PID    %usr %system  %guest   %wait    %CPU   CPU  Command
18:51:13        0      1489    0,20    0,20    0,00    0,00    0,40     4  containerd
18:51:13        0      2351    0,20    0,00    0,00    0,00    0,20     3  dockerd
18:51:13      117      2352    0,80    0,20    0,00    0,00    1,00     3  grafana
18:51:13        0      3170    0,20    0,20    0,00    0,00    0,40     6  mount.ntfs-3g
18:51:13        0      3240    0,00    0,20    0,00    0,00    0,20     1  containerd-shim
18:51:13        0      3261    0,20    0,00    0,00    0,00    0,20     3  containerd-shim
18:51:13      999      3405    0,40    0,00    0,00    0,00    0,40     5  redis-server
18:51:13     1000      9024    0,60    0,20    0,00    0,00    0,80     4  gnome-shell
18:51:13     1000      9700    0,40    0,00    0,00    0,00    0,40     1  antigravity
18:51:13     1000      9756    0,00    0,20    0,00    0,00    0,20     6  antigravity
18:51:13     1000      9830    1,20    0,40    0,00    0,00    1,60     0  antigravity
18:51:13     1000     10074    1,80    1,40    0,00    0,00    3,20     1  language_server
18:51:13     1000     10121    0,00    0,20    0,00    0,00    0,20     0  antigravity
18:51:13     1000     10122    1,20    0,20    0,00    0,00    1,40     2  antigravity
18:51:13     1000     10187    0,60    0,00    0,00    0,00    0,60     1  antigravity
18:51:13     1000     11152    1,40    1,40    0,00    0,00    2,80     4  language_server
18:51:13     1000     33438    0,20    0,00    0,00    0,00    0,20     1  pidstat
18:51:13     1000     33469    0,20    0,20    0,00    0,00    0,40     5  java

18:51:08      UID       PID  minflt/s  majflt/s     VSZ     RSS   %MEM  Command
18:51:13      115       927      0,20      0,00 2702228  117756   0,73  prometheus
18:51:13        0      1468     21,00      0,00 1421636   84084   0,52  tailscaled
18:51:13        0      3207      1,00      0,00 1235608   15676   0,10  containerd-shim
18:51:13        0      3227      7,20      0,00 1235352   14808   0,09  containerd-shim
18:51:13        0      3240      7,20      0,00 1235608   15504   0,10  containerd-shim
18:51:13        0      3246      0,60      0,00 1235608   15780   0,10  containerd-shim
18:51:13        0      3261     10,40      0,00 1235608   16412   0,10  containerd-shim
18:51:13     1000      9024      6,40      0,00 4676764  275632   1,70  gnome-shell
18:51:13     1000      9700     56,40      0,00 1461692876  304300   1,87  antigravity
18:51:13     1000      9756      6,40      0,00 34338476  165536   1,02  antigravity
18:51:13     1000      9767      0,60      0,00 33906012   82040   0,51  antigravity
18:51:13     1000      9830    254,40      0,00 1461373548  490920   3,02  antigravity
18:51:13     1000     10109      0,20      0,00 33951332   64948   0,40  antigravity
18:51:13     1000     10121     12,00      0,00 1461391740  123072   0,76  antigravity
18:51:13     1000     10122    373,40      0,00 1461343128  285672   1,76  antigravity
18:51:13     1000     10186      3,00      0,00 1478124976  122828   0,76  antigravity
18:51:13     1000     10187     30,40      0,00 1461358904  157720   0,97  antigravity
18:51:13     1000     11290      0,00      0,00  377932  188672   1,16  pyrefly
18:51:13     1000     33469      1,00      0,00 3896400  201892   1,24  java

18:51:08      UID       PID   kB_rd/s   kB_wr/s kB_ccwr/s iodelay  Command
18:51:13     1000     33438      0,00      0,75      0,00       0  pidstat

18:51:13      UID       PID    %usr %system  %guest   %wait    %CPU   CPU  Command
18:51:18        0         1    0,20    0,00    0,00    0,00    0,20     6  systemd
18:51:18        0        86    0,00    0,20    0,00    0,00    0,20     0  irq/9-acpi
18:51:18      990       905    0,60    0,00    0,00    0,00    0,60     7  dbus-daemon
18:51:18      986       922    0,20    0,00    0,00    0,00    0,20     0  polkitd
18:51:18      115       926    1,20    0,60    0,00    0,00    1,80     1  prometheus-node
18:51:18      115       927    0,20    0,00    0,00    0,00    0,20     0  prometheus
18:51:18        0      1457    0,20    0,00    0,00    0,00    0,20     5  glances
18:51:18        0      1468    0,20    0,00    0,00    0,00    0,20     0  tailscaled
18:51:18        0      1489    0,20    0,20    0,00    0,00    0,40     4  containerd
18:51:18        0      2351    0,60    0,00    0,00    0,00    0,60     3  dockerd
18:51:18      117      2352    0,60    0,20    0,00    0,00    0,80     3  grafana
18:51:18        0      3170    0,60    0,20    0,00    0,00    0,80     4  mount.ntfs-3g
18:51:18        0      3207    0,00    0,20    0,00    0,00    0,20     6  containerd-shim
18:51:18        0      3227    0,00    0,20    0,00    0,00    0,20     3  containerd-shim
18:51:18        0      3240    0,00    0,20    0,00    0,00    0,20     1  containerd-shim
18:51:18        0      3246    0,20    0,00    0,00    0,00    0,20     0  containerd-shim
18:51:18        0      3261    0,00    0,20    0,00    0,00    0,20     3  containerd-shim
18:51:18      999      3405    0,40    0,20    0,00    0,00    0,60     5  redis-server
18:51:18     1000      9024    0,60    0,00    0,00    0,00    0,60     0  gnome-shell
18:51:18     1000      9700    0,20    0,00    0,00    0,00    0,20     6  antigravity
18:51:18     1000      9756    0,20    0,20    0,00    0,00    0,40     7  antigravity
18:51:18     1000      9767    0,20    0,00    0,00    0,00    0,20     7  antigravity
18:51:18     1000      9830    1,40    0,00    0,00    0,00    1,40     2  antigravity
18:51:18     1000     10074    1,60    1,20    0,00    0,00    2,80     1  language_server
18:51:18     1000     10121    0,20    0,00    0,00    0,00    0,20     0  antigravity
18:51:18     1000     10122    1,20    0,40    0,00    0,00    1,60     5  antigravity
18:51:18     1000     10187    0,40    0,20    0,00    0,00    0,60     7  antigravity
18:51:18     1000     11152    1,20    1,40    0,00    0,00    2,60     4  language_server
18:51:18     1000     33438    0,00    0,40    0,00    0,00    0,40     1  pidstat
18:51:18     1000     33469    0,20    0,00    0,00    0,00    0,20     5  java

18:51:13      UID       PID  minflt/s  majflt/s     VSZ     RSS   %MEM  Command
18:51:18      115       926     71,80      0,00 1687812   25284   0,16  prometheus-node
18:51:18      115       927      0,60      0,00 2702228  117756   0,73  prometheus
18:51:18        0      1468     23,40      0,00 1421636   84468   0,52  tailscaled
18:51:18      114      1588      3,80      0,00  218252   30140   0,19  postgres
18:51:18        0      3207      1,20      0,00 1235608   15676   0,10  containerd-shim
18:51:18        0      3227      3,00      0,00 1235352   14808   0,09  containerd-shim
18:51:18        0      3240     13,00      0,00 1235608   15760   0,10  containerd-shim
18:51:18        0      3246      7,40      0,00 1235608   15780   0,10  containerd-shim
18:51:18        0      3261     11,80      0,00 1235608   15980   0,10  containerd-shim
18:51:18     1000      9024      1,00      0,00 4676828  275632   1,70  gnome-shell
18:51:18     1000      9700     60,40      0,00 1461692876  303828   1,87  antigravity
18:51:18     1000      9756     24,80      0,00 34338476  165792   1,02  antigravity
18:51:18     1000      9767      1,20      0,00 33906012   82040   0,51  antigravity
18:51:18     1000      9830    245,80      0,00 1461373548  492572   3,03  antigravity
18:51:18     1000     10109      0,40      0,00 33951332   64948   0,40  antigravity
18:51:18     1000     10121      6,00      0,00 1461391740  123072   0,76  antigravity
18:51:18     1000     10122    464,40      0,00 1461343128  286608   1,77  antigravity
18:51:18     1000     10186      3,60      0,00 1478124976  122828   0,76  antigravity
18:51:18     1000     10187     31,80      0,00 1461358904  157976   0,97  antigravity
18:51:18     1000     33469      3,20      0,00 3896400  201892   1,24  java

18:51:13      UID       PID   kB_rd/s   kB_wr/s kB_ccwr/s iodelay  Command
18:51:18     1000     33438      0,00      0,68      0,00       0  pidstat

18:51:18      UID       PID    %usr %system  %guest   %wait    %CPU   CPU  Command
18:51:23      115       927    0,20    0,00    0,00    0,00    0,20     0  prometheus
18:51:23        0      1457    0,20    0,00    0,00    0,00    0,20     5  glances
18:51:23        0      1489    0,40    0,20    0,00    0,00    0,60     4  containerd
18:51:23        0      2351    0,00    0,40    0,00    0,00    0,40     3  dockerd
18:51:23      117      2352    1,00    0,20    0,00    0,00    1,20     3  grafana
18:51:23        0      3170    0,20    0,40    0,00    0,00    0,60     6  mount.ntfs-3g
18:51:23        0      3207    0,20    0,00    0,00    0,00    0,20     6  containerd-shim
18:51:23        0      3227    0,00    0,20    0,00    0,00    0,20     3  containerd-shim
18:51:23        0      3246    0,20    0,00    0,00    0,00    0,20     0  containerd-shim
18:51:23      999      3405    0,40    0,00    0,00    0,00    0,40     5  redis-server
18:51:23     1000      9024    0,60    0,40    0,00    0,00    1,00     0  gnome-shell
18:51:23     1000      9700    0,40    0,00    0,00    0,00    0,40     3  antigravity
18:51:23     1000      9830    1,00    0,40    0,00    0,00    1,40     7  antigravity
18:51:23     1000     10074    1,20    1,40    0,00    0,00    2,59     4  language_server
18:51:23     1000     10121    0,20    0,20    0,00    0,00    0,40     0  antigravity
18:51:23     1000     10122    7,98    0,40    0,00    0,00    8,38     0  antigravity
18:51:23     1000     10187    0,60    0,00    0,00    0,00    0,60     2  antigravity
18:51:23     1000     11152    1,40    1,60    0,00    0,00    2,99     4  language_server
18:51:23     1000     33438    0,40    0,20    0,00    0,00    0,60     1  pidstat
18:51:23     1000     33469    0,40    0,00    0,00    0,00    0,40     5  java

18:51:18      UID       PID  minflt/s  majflt/s     VSZ     RSS   %MEM  Command
18:51:23        0      1468     22,36      0,00 1421636   84980   0,52  tailscaled
18:51:23        0      1489      1,60      0,00 2242640   65776   0,41  containerd
18:51:23        0      3207      5,19      0,00 1235608   14976   0,09  containerd-shim
18:51:23        0      3227      8,38      0,00 1235352   14216   0,09  containerd-shim
18:51:23        0      3240      5,79      0,00 1235608   15544   0,10  containerd-shim
18:51:23        0      3246      8,18      0,00 1235608   15408   0,09  containerd-shim
18:51:23        0      3261      4,79      0,00 1235608   15436   0,10  containerd-shim
18:51:23     1000      9024      6,19      0,00 4676764  275632   1,70  gnome-shell
18:51:23     1000      9700     56,09      0,00 1461692876  303744   1,87  antigravity
18:51:23     1000      9756      9,18      0,00 34338476  165792   1,02  antigravity
18:51:23     1000      9767      0,60      0,00 33906012   82040   0,51  antigravity
18:51:23     1000      9830    240,12      0,00 1461373548  494476   3,05  antigravity
18:51:23     1000     10109      0,20      0,00 33951332   64948   0,40  antigravity
18:51:23     1000     10121      2,79      0,00 1461391740  123072   0,76  antigravity
18:51:23     1000     10122   1390,42      0,00 1461343128  284700   1,75  antigravity
18:51:23     1000     10186      5,99      0,00 1478124976  122828   0,76  antigravity
18:51:23     1000     10187     38,52      0,00 1461358904  157908   0,97  antigravity
18:51:23     1000     11152      0,40      0,00 4969748  458204   2,82  language_server
18:51:23     1000     11290      0,00      0,00  377932  188800   1,16  pyrefly
18:51:23     1000     33469      1,20      0,00 3896400  201892   1,24  java

18:51:18      UID       PID   kB_rd/s   kB_wr/s kB_ccwr/s iodelay  Command
18:51:23     1000     33438      0,00      0,90      0,00       0  pidstat

18:51:23      UID       PID    %usr %system  %guest   %wait    %CPU   CPU  Command
18:51:28        0        18    0,00    0,20    0,00    0,00    0,20     4  rcu_preempt
18:51:28        0       721    0,00    0,20    0,00    0,00    0,20     2  kworker/u33:2-i915_flip
18:51:28        0      1489    0,20    0,20    0,00    0,00    0,40     4  containerd
18:51:28        0      2351    0,40    0,20    0,00    0,00    0,60     3  dockerd
18:51:28      117      2352    0,80    0,40    0,00    0,00    1,20     3  grafana
18:51:28        0      3170    0,40    0,40    0,00    0,00    0,80     5  mount.ntfs-3g
18:51:28        0      3207    0,00    0,20    0,00    0,00    0,20     6  containerd-shim
18:51:28        0      3246    0,00    0,20    0,00    0,00    0,20     0  containerd-shim
18:51:28      999      3405    0,20    0,20    0,00    0,00    0,40     1  redis-server
18:51:28     1000      9024    0,40    0,20    0,00    0,00    0,60     0  gnome-shell
18:51:28     1000      9700    0,20    0,00    0,00    0,00    0,20     4  antigravity
18:51:28     1000      9756    0,20    0,20    0,00    0,00    0,40     6  antigravity
18:51:28     1000      9830   11,20    0,60    0,00    0,00   11,80     7  antigravity
18:51:28     1000     10074    1,00    2,00    0,00    0,00    3,00     6  language_server
18:51:28     1000     10121    0,20    0,00    0,00    0,00    0,20     0  antigravity
18:51:28     1000     10122    1,40    0,40    0,00    0,00    1,80     4  antigravity
18:51:28     1000     10187    0,40    0,00    0,00    0,00    0,40     0  antigravity
18:51:28     1000     11152    1,40    1,20    0,00    0,00    2,60     4  language_server
18:51:28     1000     33438    0,00    0,40    0,00    0,00    0,40     1  pidstat
18:51:28     1000     33469    0,20    0,00    0,00    0,00    0,20     5  java

18:51:23      UID       PID  minflt/s  majflt/s     VSZ     RSS   %MEM  Command
18:51:28      115       927     32,80      0,00 2702228  118268   0,73  prometheus
18:51:28        0      1468     21,00      0,00 1421636   85492   0,53  tailscaled
18:51:28      117      2352      3,00      0,00 1830016  333540   2,05  grafana
18:51:28        0      3207     10,60      0,00 1235608   15232   0,09  containerd-shim
18:51:28        0      3227      8,40      0,00 1235352   14344   0,09  containerd-shim
18:51:28        0      3240      6,00      0,00 1235608   15800   0,10  containerd-shim
18:51:28        0      3246     11,20      0,00 1235608   15664   0,10  containerd-shim
18:51:28        0      3261     13,80      0,00 1235608   15564   0,10  containerd-shim
18:51:28       70      3383      4,40      0,00  174540   26160   0,16  postgres
18:51:28     1000      9024      0,80      0,00 4676764  275632   1,70  gnome-shell
18:51:28     1000      9700     56,40      0,00 1461692876  304504   1,88  antigravity
18:51:28     1000      9756      6,40      0,00 34338476  165332   1,02  antigravity
18:51:28     1000      9767      0,60      0,00 33906012   82040   0,51  antigravity
18:51:28     1000      9830    381,00      0,00 1461373548  487360   3,00  antigravity
18:51:28     1000     10109      0,20      0,00 33951332   64948   0,40  antigravity
18:51:28     1000     10121      3,00      0,00 1461391740  123072   0,76  antigravity
18:51:28     1000     10122    474,20      0,00 1461343128  285360   1,76  antigravity
18:51:28     1000     10186      3,00      0,00 1478124976  122828   0,76  antigravity
18:51:28     1000     10187     33,60      0,00 1461358904  158420   0,98  antigravity
18:51:28     1000     33469      2,80      0,00 3896400  202020   1,24  java

18:51:23      UID       PID   kB_rd/s   kB_wr/s kB_ccwr/s iodelay  Command
18:51:28     1000     33438      0,00      0,74      0,00       0  pidstat

18:51:28      UID       PID    %usr %system  %guest   %wait    %CPU   CPU  Command
18:51:33        0         1    0,60    0,20    0,00    0,00    0,80     4  systemd
18:51:33        0        86    0,00    0,20    0,00    0,00    0,20     0  irq/9-acpi
18:51:33        0       381    0,20    0,00    0,00    0,00    0,20     1  systemd-journal
18:51:33        0       413    0,20    0,00    0,00    0,20    0,20     4  systemd-udevd
18:51:33      990       905    1,20    0,20    0,00    0,00    1,40     1  dbus-daemon
18:51:33      115       926    0,80    0,80    0,00    0,00    1,60     1  prometheus-node
18:51:33      115       927    0,20    0,00    0,00    0,00    0,20     0  prometheus
18:51:33        0       937    0,20    0,00    0,00    0,00    0,20     0  udisksd
18:51:33        0      1052    0,00    0,20    0,00    0,00    0,20     4  NetworkManager
18:51:33        0      1457    0,20    0,00    0,00    0,00    0,20     5  glances
18:51:33        0      1468    0,40    0,40    0,00    0,00    0,80     7  tailscaled
18:51:33        0      1489    0,80    0,20    0,00    0,00    1,00     4  containerd
18:51:33        0      2351    1,00    0,60    0,00    0,00    1,60     3  dockerd
18:51:33      117      2352    0,60    0,40    0,00    0,00    1,00     3  grafana
18:51:33        0      3170    0,80    1,00    0,00    0,00    1,80     7  mount.ntfs-3g
18:51:33        0      3227    0,20    0,00    0,00    0,00    0,20     3  containerd-shim
18:51:33        0      3240    0,00    0,20    0,00    0,00    0,20     1  containerd-shim
18:51:33        0      3261    0,20    0,00    0,00    0,00    0,20     3  containerd-shim
18:51:33      999      3405    0,40    0,00    0,00    0,00    0,40     1  redis-server
18:51:33     1000      8864    0,00    0,20    0,00    0,00    0,20     7  systemd
18:51:33     1000      9024    1,40    0,40    0,00    0,00    1,80     6  gnome-shell
18:51:33     1000      9138    0,20    0,00    0,00    0,00    0,20     1  gsd-housekeepin
18:51:33     1000      9156    0,00    0,20    0,00    0,00    0,20     5  gsd-rfkill
18:51:33     1000      9166    0,20    0,00    0,00    0,00    0,20     3  gnome-software
18:51:33     1000      9366    0,20    0,00    0,00    0,00    0,20     4  goa-daemon
18:51:33     1000      9493    0,00    0,20    0,00    0,00    0,20     4  xdg-desktop-por
18:51:33        0      9672    0,20    0,00    0,00    0,00    0,20     7  fwupd
18:51:33     1000      9700    1,00    0,20    0,00    0,00    1,20     0  antigravity
18:51:33     1000      9756    0,80    0,60    0,00    0,00    1,40     0  antigravity
18:51:33     1000      9830    6,80    0,40    0,00    0,00    7,20     1  antigravity
18:51:33     1000     10074    1,00    1,60    0,00    0,00    2,60     7  language_server
18:51:33     1000     10121    0,60    0,00    0,00    0,00    0,60     0  antigravity
18:51:33     1000     10122    2,60    0,40    0,00    0,00    3,00     5  antigravity
18:51:33     1000     10186    0,20    0,00    0,00    0,00    0,20     4  antigravity
18:51:33     1000     10187    2,00    0,20    0,00    0,00    2,20     4  antigravity
18:51:33     1000     11152    1,40    1,40    0,00    0,00    2,80     4  language_server
18:51:33     1000     11245    0,20    0,00    0,00    0,00    0,20     6  antigravity
18:51:33     1000     11274    0,00    0,20    0,00    0,20    0,20     4  antigravity
18:51:33        0     22947    0,00    0,20    0,00    0,00    0,20     4  kworker/u32:5-events_unbound
18:51:33        0     32262    0,20    0,00    0,00    0,00    0,20     7  kworker/7:3-events
18:51:33        0     33252    0,20    0,00    0,00    0,00    0,20     0  kworker/0:2-events
18:51:33     1000     33438    0,00    0,20    0,00    0,00    0,20     3  pidstat

18:51:28      UID       PID  minflt/s  majflt/s     VSZ     RSS   %MEM  Command
18:51:33        0       381     45,80      0,00  136916   82520   0,51  systemd-journal
18:51:33        0       413    108,40      0,00   37696   11516   0,07  systemd-udevd
18:51:33      115       926     79,00      0,00 1687812   25232   0,16  prometheus-node
18:51:33        0      1468    250,20      0,00 1421636   90484   0,56  tailscaled
18:51:33        0      1489      1,60      0,00 2242640   65776   0,41  containerd
18:51:33        0      3207     12,80      0,00 1235608   15488   0,10  containerd-shim
18:51:33        0      3227      9,80      0,00 1235352   14600   0,09  containerd-shim
18:51:33        0      3240     13,40      0,00 1235608   15928   0,10  containerd-shim
18:51:33        0      3246     13,60      0,00 1235608   15792   0,10  containerd-shim
18:51:33        0      3261     14,00      0,00 1235608   16076   0,10  containerd-shim
18:51:33        0      3422      0,20      0,00  743168   82132   0,51  node
18:51:33     1000      9024      8,20      0,00 4676764  275632   1,70  gnome-shell
18:51:33     1000      9700     58,20      0,00 1461692876  304420   1,88  antigravity
18:51:33     1000      9756     29,20      0,00 34342588  165716   1,02  antigravity
18:51:33     1000      9767      0,60      0,00 33906012   82040   0,51  antigravity
18:51:33     1000      9830    397,00      0,00 1461373548  490712   3,02  antigravity
18:51:33     1000     10109      0,20      0,00 33951332   64948   0,40  antigravity
18:51:33     1000     10121    122,60      0,00 1461391740  123200   0,76  antigravity
18:51:33     1000     10122    756,80      0,00 1461343128  285152   1,76  antigravity
18:51:33     1000     10186      3,60      0,00 1478124976  122956   0,76  antigravity
18:51:33     1000     10187     45,20      0,00 1461358904  158572   0,98  antigravity
18:51:33     1000     11274      0,40      0,00 1459530528   92980   0,57  antigravity
18:51:33     1000     29312      6,20      0,00 1459530528   87828   0,54  antigravity
18:51:33     1000     33427      1,00      0,00    7148    3280   0,02  bash
18:51:33        0     33885     58,40      0,00   37700    7324   0,05  (udev-worker)
18:51:33        0     33899     28,00      0,00   37700    7004   0,04  (udev-worker)
18:51:33        0     33900     27,40      0,00   37700    7004   0,04  (udev-worker)
18:51:33        0     33902     27,40      0,00   37700    6992   0,04  (udev-worker)
18:51:33        0     33903     27,40      0,00   37700    7004   0,04  (udev-worker)
18:51:33        0     33904     27,20      0,00   37700    7004   0,04  (udev-worker)
18:51:33        0     33906     27,60      0,00   37700    7004   0,04  (udev-worker)
18:51:33        0     33907     27,80      0,00   37700    7004   0,04  (udev-worker)
18:51:33        0     33908     27,80      0,00   37700    7004   0,04  (udev-worker)
18:51:33        0     33909     27,40      0,00   37700    7004   0,04  (udev-worker)
18:51:33        0     33910     38,00      0,00   37700    7004   0,04  (udev-worker)
18:51:33        0     33911     27,00      0,00   37700    7004   0,04  (udev-worker)
18:51:33        0     33913     28,20      0,00   37700    7004   0,04  (udev-worker)
18:51:33        0     33914     27,80      0,00   37700    7004   0,04  (udev-worker)
18:51:33        0     33915     27,60      0,00   37700    7004   0,04  (udev-worker)
18:51:33        0     33916     61,00      0,00   37700    7260   0,04  (udev-worker)

18:51:28      UID       PID   kB_rd/s   kB_wr/s kB_ccwr/s iodelay  Command
18:51:33     1000     10122      0,00      1,60      0,00       0  antigravity
18:51:33     1000     33427      0,00    584,65      0,00       0  bash
18:51:33     1000     33438      0,00      0,74      0,00       0  pidstat

Rata-rata:    UID       PID    %usr %system  %guest   %wait    %CPU   CPU  Command
Rata-rata:      0         1    0,12    0,02    0,00    0,02    0,14     -  systemd
Rata-rata:      0        17    0,00    0,05    0,00    0,00    0,05     -  ksoftirqd/0
Rata-rata:      0        18    0,00    0,05    0,00    0,03    0,05     -  rcu_preempt
Rata-rata:      0        27    0,00    0,02    0,00    0,00    0,02     -  ksoftirqd/1
Rata-rata:      0        63    0,00    0,02    0,00    0,00    0,02     -  ksoftirqd/7
Rata-rata:      0        82    0,00    0,02    0,00    0,00    0,02     -  khugepaged
Rata-rata:      0        86    0,00    0,06    0,00    0,00    0,06     -  irq/9-acpi
Rata-rata:      0       112    0,00    0,02    0,00    0,02    0,02     -  kworker/0:1H-events_highpri
Rata-rata:      0       236    0,00    0,02    0,00    0,00    0,02     -  kworker/1:1H-kblockd
Rata-rata:      0       244    0,00    0,02    0,00    0,00    0,02     -  kworker/7:1H-kblockd
Rata-rata:      0       381    0,03    0,03    0,00    0,00    0,06     -  systemd-journal
Rata-rata:      0       413    0,02    0,03    0,00    0,02    0,05     -  systemd-udevd
Rata-rata:      0       721    0,00    0,11    0,00    0,02    0,11     -  kworker/u33:2-i915_flip
Rata-rata:    990       905    0,37    0,05    0,00    0,03    0,42     -  dbus-daemon
Rata-rata:    986       922    0,02    0,00    0,00    0,00    0,02     -  polkitd
Rata-rata:    115       926    0,40    0,23    0,00    0,00    0,63     -  prometheus-node
Rata-rata:    115       927    0,12    0,06    0,00    0,00    0,18     -  prometheus
Rata-rata:      0       937    0,02    0,00    0,00    0,00    0,02     -  udisksd
Rata-rata:      0      1052    0,03    0,02    0,00    0,02    0,05     -  NetworkManager
Rata-rata:      0      1457    0,12    0,03    0,00    0,00    0,15     -  glances
Rata-rata:      0      1468    0,12    0,11    0,00    0,00    0,23     -  tailscaled
Rata-rata:      0      1479    0,00    0,02    0,00    0,00    0,02     -  anydesk
Rata-rata:      0      1489    0,40    0,14    0,00    0,00    0,54     -  containerd
Rata-rata:      0      2351    0,42    0,26    0,00    0,00    0,68     -  dockerd
Rata-rata:    117      2352    0,71    0,26    0,00    0,00    0,97     -  grafana
Rata-rata:      0      3170    0,43    0,42    0,00    0,00    0,85     -  mount.ntfs-3g
Rata-rata:      0      3207    0,05    0,06    0,00    0,00    0,11     -  containerd-shim
Rata-rata:      0      3227    0,05    0,09    0,00    0,00    0,14     -  containerd-shim
Rata-rata:      0      3240    0,06    0,06    0,00    0,00    0,12     -  containerd-shim
Rata-rata:      0      3246    0,08    0,05    0,00    0,00    0,12     -  containerd-shim
Rata-rata:      0      3261    0,08    0,05    0,00    0,00    0,12     -  containerd-shim
Rata-rata:    999      3405    0,38    0,06    0,00    0,00    0,45     -  redis-server
Rata-rata:   1000      8864    0,03    0,02    0,00    0,02    0,05     -  systemd
Rata-rata:   1000      9024    2,84    0,62    0,00    0,02    3,46     -  gnome-shell
Rata-rata:   1000      9131    0,03    0,02    0,00    0,00    0,05     -  ibus-daemon
Rata-rata:   1000      9138    0,03    0,00    0,00    0,02    0,03     -  gsd-housekeepin
Rata-rata:   1000      9156    0,02    0,02    0,00    0,00    0,03     -  gsd-rfkill
Rata-rata:   1000      9162    0,02    0,02    0,00    0,00    0,03     -  gsd-sharing
Rata-rata:   1000      9166    0,02    0,00    0,00    0,00    0,02     -  gnome-software
Rata-rata:   1000      9287    0,02    0,00    0,00    0,00    0,02     -  ibus-extension-
Rata-rata:   1000      9349    0,02    0,00    0,00    0,03    0,02     -  gvfs-udisks2-vo
Rata-rata:   1000      9366    0,02    0,00    0,00    0,00    0,02     -  goa-daemon
Rata-rata:   1000      9398    0,00    0,02    0,00    0,00    0,02     -  ibus-engine-sim
Rata-rata:   1000      9493    0,02    0,02    0,00    0,00    0,03     -  xdg-desktop-por
Rata-rata:   1000      9509    0,02    0,02    0,00    0,00    0,03     -  xdg-desktop-por
Rata-rata:      0      9672    0,03    0,00    0,00    0,00    0,03     -  fwupd
Rata-rata:   1000      9700    0,91    0,02    0,00    0,03    0,92     -  antigravity
Rata-rata:   1000      9756    0,46    0,18    0,00    0,02    0,65     -  antigravity
Rata-rata:   1000      9767    0,02    0,00    0,00    0,00    0,02     -  antigravity
Rata-rata:   1000      9830    6,12    0,35    0,00    0,08    6,47     -  antigravity
Rata-rata:   1000     10074    1,49    1,52    0,00    0,06    3,01     -  language_server
Rata-rata:   1000     10121    0,29    0,09    0,00    0,02    0,38     -  antigravity
Rata-rata:   1000     10122    1,86    0,43    0,00    0,00    2,29     -  antigravity
Rata-rata:   1000     10186    0,02    0,00    0,00    0,00    0,02     -  antigravity
Rata-rata:   1000     10187    0,88    0,11    0,00    0,00    0,98     -  antigravity
Rata-rata:   1000     11152    1,40    1,41    0,00    0,05    2,81     -  language_server
Rata-rata:   1000     11245    0,02    0,00    0,00    0,00    0,02     -  antigravity
Rata-rata:   1000     11274    0,00    0,02    0,00    0,02    0,02     -  antigravity
Rata-rata:      0     13128    0,00    0,03    0,00    0,05    0,03     -  kworker/u32:1-kvfree_rcu_reclaim
Rata-rata:      0     22947    0,00    0,02    0,00    0,00    0,02     -  kworker/u32:5-events_unbound
Rata-rata:      0     25979    0,00    0,02    0,00    0,00    0,02     -  kworker/u32:4-flush-8:0
Rata-rata:      0     29433    0,00    0,02    0,00    0,02    0,02     -  kworker/2:0-events
Rata-rata:      0     31777    0,03    0,00    0,00    0,00    0,03     -  kworker/3:0-mm_percpu_wq
Rata-rata:      0     31798    0,02    0,00    0,00    0,02    0,02     -  kworker/1:2-events
Rata-rata:      0     32097    0,00    0,02    0,00    0,02    0,02     -  kworker/4:0-events
Rata-rata:      0     32262    0,02    0,00    0,00    0,02    0,02     -  kworker/7:3-events
Rata-rata:   1000     32601    0,34    0,11    0,00    0,02    0,45     -  gnome-terminal-
Rata-rata:   1000     32813    0,02    0,00    0,00    0,00    0,02     -  ssh
Rata-rata:      0     33252    0,08    0,00    0,00    0,08    0,08     -  kworker/0:2-events
Rata-rata:   1000     33438    0,15    0,26    0,00    0,00    0,42     -  pidstat

Rata-rata:    UID       PID  minflt/s  majflt/s     VSZ     RSS   %MEM  Command
Rata-rata:      0       381     14,93      0,08  136916   82418   0,51  systemd-journal
Rata-rata:      0       413     16,93      0,00   37696   11516   0,07  systemd-udevd
Rata-rata:    115       926     27,85      0,00 1687812   25266   0,16  prometheus-node
Rata-rata:    115       927     11,44      0,00 2702228  116870   0,72  prometheus
Rata-rata:      0      1468     44,55      0,00 1421636   82164   0,51  tailscaled
Rata-rata:      0      1489      1,08      0,00 2242640   65844   0,41  containerd
Rata-rata:    114      1588      0,29      0,00  218252   30140   0,19  postgres
Rata-rata:      0      2350      0,02      0,00  192636   16032   0,10  cups-browsed
Rata-rata:      0      2351      0,00      0,00 3433248  108444   0,67  dockerd
Rata-rata:    117      2352      0,26      0,00 1830016  333432   2,05  grafana
Rata-rata:      0      3207      6,50      0,00 1235608   15473   0,10  containerd-shim
Rata-rata:      0      3227      7,92      0,00 1235352   14551   0,09  containerd-shim
Rata-rata:      0      3240      9,40      0,00 1235608   15586   0,10  containerd-shim
Rata-rata:      0      3246      7,47      0,00 1235608   15577   0,10  containerd-shim
Rata-rata:      0      3261      9,72      0,00 1235608   15822   0,10  containerd-shim
Rata-rata:     70      3383      0,34      0,00  174540   26160   0,16  postgres
Rata-rata:      0      3422      0,02      0,00  743168   82132   0,51  node
Rata-rata:   1000      9024     10,38      0,00 4680247  276127   1,70  gnome-shell
Rata-rata:   1000      9700     63,52      0,00 1461692960  304234   1,87  antigravity
Rata-rata:   1000      9756     12,12      0,00 34339799  165723   1,02  antigravity
Rata-rata:   1000      9767      0,77      0,00 33906012   82040   0,51  antigravity
Rata-rata:   1000      9830    349,45      0,00 1461373454  490130   3,02  antigravity
Rata-rata:   1000      9890      0,06      0,00 1459609232  173640   1,07  antigravity
Rata-rata:   1000     10074      0,32      0,00 5034116  409846   2,52  language_server
Rata-rata:   1000     10109      0,25      0,00 33951332   64948   0,40  antigravity
Rata-rata:   1000     10121     64,63      0,00 1461391740  123014   0,76  antigravity
Rata-rata:   1000     10122    551,56      0,00 1461343128  283919   1,75  antigravity
Rata-rata:   1000     10186      4,21      0,00 1478124976  122838   0,76  antigravity
Rata-rata:   1000     10187     35,92      0,00 1461358904  158726   0,98  antigravity
Rata-rata:   1000     11152      0,03      0,00 4969748  458204   2,82  language_server
Rata-rata:   1000     11274      0,03      0,00 1459530528   92980   0,57  antigravity
Rata-rata:   1000     11290      0,00      0,00  377932  179781   1,11  pyrefly
Rata-rata:   1000     29312      0,48      0,00 1459530528   87710   0,54  antigravity
Rata-rata:   1000     32601      7,35      0,00  552058   53179   0,33  gnome-terminal-
Rata-rata:   1000     33427      0,08      0,00    7148    3280   0,02  bash
Rata-rata:   1000     33438      0,71      0,00    6164    5134   0,03  pidstat
Rata-rata:      0     33885      4,49      0,00   37700    7324   0,05  (udev-worker)
Rata-rata:      0     33899      2,15      0,00   37700    7004   0,04  (udev-worker)
Rata-rata:      0     33900      2,11      0,00   37700    7004   0,04  (udev-worker)
Rata-rata:      0     33902      2,11      0,00   37700    6992   0,04  (udev-worker)
Rata-rata:      0     33903      2,11      0,00   37700    7004   0,04  (udev-worker)
Rata-rata:      0     33904      2,09      0,00   37700    7004   0,04  (udev-worker)
Rata-rata:      0     33906      2,12      0,00   37700    7004   0,04  (udev-worker)
Rata-rata:      0     33907      2,14      0,00   37700    7004   0,04  (udev-worker)
Rata-rata:      0     33908      2,14      0,00   37700    7004   0,04  (udev-worker)
Rata-rata:      0     33909      2,11      0,00   37700    7004   0,04  (udev-worker)
Rata-rata:      0     33910      2,92      0,00   37700    7004   0,04  (udev-worker)
Rata-rata:      0     33911      2,08      0,00   37700    7004   0,04  (udev-worker)
Rata-rata:      0     33913      2,17      0,00   37700    7004   0,04  (udev-worker)
Rata-rata:      0     33914      2,14      0,00   37700    7004   0,04  (udev-worker)
Rata-rata:      0     33915      2,12      0,00   37700    7004   0,04  (udev-worker)
Rata-rata:      0     33916      4,69      0,00   37700    7260   0,04  (udev-worker)

Rata-rata:    UID       PID   kB_rd/s   kB_wr/s kB_ccwr/s iodelay  Command
Rata-rata:   1000      9700      0,00      0,18      0,00       0  antigravity
Rata-rata:   1000     10122      0,00      0,31      0,00       0  antigravity
Rata-rata:   1000     33427      0,00     44,95      0,00       0  bash
Rata-rata:   1000     33438      0,00      0,81      0,00       0  pidstat
